66
401626 625448 851271 285675 661466 514528 774318 627007 372181 813100 342431 662097 953126 924014 482035 487761 323160 717834 941440 447667 527345 250842 238602 207687 200788 182067 166807 122718 75739 74447 71766 69838 41495 31326 8233 3627 831232 779140 547233 632922 567479 458535 505402 972499 551417 580449 655524 341339 555199 342214 988380 465264 818472 593346 970554 919130 540430 969615 638305 729527 302744 978013 393300 54828 44324 269217 
249.629
53
310386 265761 254263 248715 220385 204788 142568 901985 928513 937207 839891 825910 820111 763485 749670 709929 700001 664527 663274 617241 608129 598792 595182 569540 551635 492716 474363 447059 420391 410122 385903 381310 370017 275149 247644 246752 228107 191621 181658 169306 108455 22468 895973 992213 980818 724252 717534 271121 260733 185813 165889 6357 878790 
667.114
62
679154 974083 804771 702597 907842 880496 861698 926923 732945 819113 933240 595807 591523 503958 470077 447227 399911 392476 278594 273841 254850 221137 120394 99276 32087 30558 9259 4392 872559 898165 893904 833641 884866 907541 929011 905846 718977 956381 684759 945097 828029 930003 961999 909678 853549 862078 967024 655463 645767 617484 580032 481210 479543 419903 320779 319441 285038 215964 197826 146793 113029 676985 
540.387
65
134726 64495 49201 45097 22993 728770 879373 804719 646829 847080 807851 615325 735591 804485 918329 678045 886515 736958 925965 648528 999796 886375 967832 814922 619394 629750 638211 721535 988201 696067 765334 751578 723696 569700 556480 526347 502987 489949 481440 480711 451051 442549 418488 392460 389491 354532 343649 317787 312137 290610 262088 260693 246416 232748 230598 206065 204042 201151 197407 191275 162045 121474 115175 54798 608027 
347.757
59
686874 641363 638077 622862 608848 552664 549614 548912 467450 437054 433209 382545 359798 341131 329057 328904 320830 298343 294288 264416 236372 215915 196276 187726 177428 175205 158590 143329 126921 106800 66184 62604 20626 15628 8239 2360 959792 930038 922722 922544 862230 853550 836796 826420 814803 813264 800596 795339 778066 776508 769264 758585 747157 617279 523932 414708 370176 1940 932312 
209.078
58
460419 381174 335195 264110 227784 254605 246274 179515 178028 204805 144721 44473 901632 998617 952771 973336 682143 977139 682023 696835 889902 882896 745304 694527 940355 660710 616950 605728 598864 565439 570767 539452 535477 513636 489061 474852 452929 406844 396206 381969 392007 382006 370052 367922 297633 241967 220138 215149 188034 164499 144574 113329 43096 26938 586947 556508 69122 678188 
687.002
50
711667 565587 913539 922114 802173 580457 807191 746368 763232 547346 513766 462763 455387 452585 451587 372243 363908 363772 359009 312394 298015 287062 283583 219278 213554 148251 143163 116631 93173 62017 48999 37189 22376 957870 984913 939150 925798 735049 669640 749149 797062 962009 478892 477629 377085 262832 239333 218047 79945 558160 
296.242
57
192584 25357 903673 885820 865877 787756 780965 759839 624535 595803 577990 562349 541589 499049 465993 456812 448768 418378 407016 403557 384258 378427 356923 353377 323949 337516 317307 296438 282390 266111 265825 262579 261015 226614 227813 136498 53272 72180 32506 25667 19905 13388 4765 926547 893453 707235 688537 657667 649877 505778 376400 298887 258936 241045 231783 51232 980871 
263.209
73
154892 743031 891650 692167 598502 666755 182240 344217 452542 443348 46262 405604 739988 359096 313816 655113 711997 457088 285691 386989 755186 112658 263645 250979 488463 108607 63299 629942 785788 608521 446201 767430 419652 36414 988298 470368 486545 864620 934462 994588 620884 344256 654045 207566 277707 432065 763523 361139 729958 891303 770944 481000 287344 21208 777075 805039 583017 681462 886213 226482 92504 770566 650838 381615 981118 765984 839234 64361 314598 473256 489069 555731 507893 
148.459
51
600022 435010 292312 272623 268042 233071 109985 81547 731376 559304 527645 913599 468966 493509 890697 726554 888555 962432 912400 795324 534855 816772 408401 615071 359353 444423 743904 422638 932074 873411 705533 379570 434223 370220 450940 408717 287965 261166 259523 232158 109989 101592 92441 54075 496599 682608 595331 898551 593270 18222 305790 
277.663
54
485352 342846 279282 271835 258874 234895 222506 214045 201041 192518 156798 149996 132686 117236 116498 81564 13785 976629 965999 947147 881700 864507 844227 838877 836212 835044 810405 810369 798033 796619 793796 787335 725819 724325 706100 700183 653443 650057 649074 609405 548354 530805 522982 491404 453923 439513 424004 349254 245729 244549 238278 237448 235051 900483 
342.573
56
19858 176237 613559 532155 971069 73519 423295 422375 917025 389702 579431 960297 644330 242242 315151 827174 914470 259144 110132 398251 583480 307167 853977 801393 584544 120630 26607 293217 16705 920605 440459 311428 592339 168770 806564 248906 613075 524496 453248 758384 765508 883925 216738 86872 206772 519466 603731 263191 70859 719848 539265 869537 790366 641386 362072 533970 
123.617
58
549329 469594 369254 318977 130650 21861 938056 925502 873174 864121 863821 823699 747679 721552 717438 707560 692995 680020 677570 628313 601539 576996 551525 527365 523190 517113 478789 474185 463898 453139 449021 442659 420809 398690 398080 371750 352969 349858 333805 316558 294522 274564 266186 264710 252216 183954 179370 148659 125435 96142 70144 61722 61581 49672 33153 26443 25891 941614 
322.809
53
739514 734759 781012 843905 981045 660041 556573 511543 500331 475454 461822 393592 370086 353798 352553 214922 207622 186189 134496 108195 107017 74411 73578 814845 900742 943262 892253 982842 855230 903976 981620 671832 671228 607227 583436 263877 207090 202419 162936 145614 127462 882594 807376 767623 711879 626434 518586 508378 378701 283869 46549 5507 702194 
321.496
62
330782 315525 27728 851940 953047 961003 839775 977692 948318 837925 953455 882319 832231 978629 860248 981846 865458 853078 750796 726640 676610 671615 651898 643298 633227 624328 612850 601263 572268 549907 545955 542573 536520 516326 507168 481668 458488 436695 436445 436132 434345 415160 401451 396604 395985 392093 391768 383939 352225 349327 343114 287762 258899 243984 237540 180373 61616 42007 27416 12614 1386 786288 
173.477
55
913722 756381 752302 880319 975954 723481 707297 695248 685735 633008 629226 615377 565546 542087 539079 528451 490629 471083 442527 435315 367313 330433 272433 247253 206734 187342 176848 146932 93025 67196 60413 56165 37925 19436 5424 795086 931384 767945 847974 772919 863814 980269 866162 790498 868812 837406 844543 763591 700075 621913 603665 506016 453855 429467 723524 
304.69
57
922316 793684 846978 736488 992984 714596 993609 657007 746069 947415 734061 851087 675281 613681 588448 574861 572165 570518 537706 484306 464794 447386 431667 430583 384892 364243 356967 337549 295293 269588 255557 251155 245100 223151 220570 170460 163724 151239 142379 108577 103961 100321 81160 54944 10258 826843 680860 890540 869302 820403 609431 590879 584850 579599 474140 185821 656199 
486.258
52
478198 332029 255964 182904 173723 144975 57557 969790 959938 952156 913078 883979 876061 839132 838786 814636 820668 771449 751765 741444 715799 712817 653842 630142 662702 631716 525947 503545 434016 433128 396632 286644 282176 286763 285535 217392 210207 170251 181308 176597 174674 157013 119957 126455 72615 927324 884214 780239 772251 394958 363046 974437 
392.441
63
911164 979447 938448 738786 706823 704517 686040 665191 639486 619526 506949 502292 487337 430711 428738 362093 334377 333314 326567 308322 280479 261707 256606 243387 235138 220065 187336 169113 158566 145404 138952 132049 105223 89882 86284 72415 35495 25454 23446 845616 875125 802131 870597 891000 877350 816264 990064 954726 983545 759691 749442 712354 682322 566283 535412 495593 409757 390878 158089 145319 69339 24447 777967 
345.519
50
587313 898088 657092 559471 219486 212550 187183 165703 145424 49569 11973 866192 867065 493940 524944 481034 967604 534019 846075 584144 808167 763602 892493 615504 656146 455801 413968 443481 405104 389424 324650 311556 302976 278166 204699 175916 155906 138191 112742 32792 32157 9430 524459 935708 598820 285053 220760 84701 18363 464664 
492.996
54
5463 959874 980478 786723 734841 904196 945036 975345 919343 647907 647115 629469 603191 586830 579476 575479 522912 513015 475352 459567 439713 377143 375477 374305 359096 355961 351908 311416 306658 306187 278260 276130 274555 270386 259889 189677 188866 174339 172515 142696 68696 43102 14066 3119 996467 890053 960497 622221 610202 339610 320992 250237 242151 727900 
358.286
56
433925 605503 626724 755964 740506 926177 450757 899463 406102 534019 805781 327138 875085 388822 693235 368775 741497 225952 177894 111887 100806 97577 94141 74077 58175 56121 44450 394457 302154 871747 742487 268719 786336 390123 848674 388788 354855 462172 900267 777667 967709 559286 262953 773847 312106 820055 524690 508836 842421 729712 715337 942516 349699 195162 87407 243086 
284.07
62
973252 838634 863065 970671 940726 992111 939959 949301 966987 879750 965959 803769 786799 740700 736632 718735 714488 671666 621787 619388 609319 608768 599757 591351 508007 474055 456344 439967 435492 407996 355178 334928 282246 281643 234952 231396 225270 206430 204522 187854 209433 118666 181428 135822 103912 919607 833661 823025 845545 776071 770342 646030 626692 608585 531353 509959 445975 373243 252824 237323 187804 807220 
356.136
48
691110 909994 908707 897404 962904 655378 609516 573037 505834 417578 373776 331092 295196 270110 213057 211836 89847 383 835294 718261 832248 959874 881450 687994 817595 737559 661641 597268 580528 503844 453606 433290 430501 422166 398602 300144 206277 198674 798648 986901 643706 621334 609183 485212 207792 144449 131808 679221 
693.049
63
417092 331641 345649 349742 609479 898099 849307 786865 884608 374653 901561 923062 593164 906006 934243 485425 439124 441865 407488 799286 576513 485308 430773 815705 657951 538551 830134 870424 374053 592691 509666 257372 233493 237260 440670 305024 247933 432167 472608 273815 204818 202870 170668 144747 125522 121669 83403 58420 33362 22449 518956 350998 627704 958479 608663 381636 944581 867655 704685 394746 992338 58953 232846 
298.468
66
896806 967388 901334 782309 908710 753330 802909 711666 896478 877002 940846 747979 943352 851005 920098 525777 496244 495285 491348 456569 386925 358200 320909 318197 292453 288783 262671 257606 220172 161933 126562 114629 109998 101598 93062 81518 72496 56721 30125 28070 10456 620775 769545 703043 746841 952706 841368 663612 999018 833112 630629 775736 976787 725134 895072 979247 774492 724060 995097 806393 758736 374367 372296 370971 148822 554710 
371.927
58
911685 776655 547975 475727 853475 959490 570887 868633 991909 696317 699828 819065 696290 521610 661482 828410 898169 700942 547318 844967 789063 535728 760859 460776 425057 389143 386115 324419 307244 289669 285948 229859 227084 218201 173805 158770 133566 109141 106445 88724 78161 70859 54407 9285 6031 951602 774127 966475 766860 552622 475097 402869 257601 240467 131680 103099 41799 469008 
285.457
55
680399 657428 894256 938323 855418 521073 738791 837094 957535 704169 766813 990128 736397 873764 756079 497677 488537 476424 476371 452692 419576 422109 412662 365008 227841 239320 218313 214496 203320 200101 164932 172312 152915 152260 145736 139390 77994 70693 31505 7803 4595 865077 776834 959243 650687 684023 742792 771331 824348 481943 471445 359284 297255 268802 498608 
464.587
45
748328 739979 655110 604511 524034 505310 472025 466280 461606 416077 354584 334051 312669 283062 225148 211392 207171 200424 102651 43098 783 895981 987171 993225 914652 876313 828152 808782 780888 770325 750516 732132 657336 512670 503290 404611 386006 366465 264224 252869 197397 137949 108838 39831 864022 
219.914
62
839794 809992 800045 605836 593311 501542 487352 457059 282630 257430 223220 221998 27999 979328 925664 924964 904398 896392 873607 872483 863871 859545 819203 793484 790371 784361 771288 765389 758520 746873 709217 660218 618648 532130 506218 497175 491576 464084 461064 437586 435994 396005 395823 364016 315120 300855 296191 296180 267866 224387 206245 202128 171499 170100 157637 123272 92157 59861 58850 41900 24410 985451 
156.471
61
930568 808437 572217 558820 546501 531877 513257 497712 483665 398636 381505 336198 289752 68388 45824 12169 658340 835388 914196 918656 980832 941886 687579 895947 971832 727057 795292 965405 887447 726914 834857 717469 730236 744689 711380 889212 663714 750876 612050 570649 546065 505534 495245 492998 392829 380913 353629 346172 334813 331998 321335 280243 217774 212573 190738 157345 132163 72889 16483 382 622066 
121.254
59
452789 574111 738270 759229 682970 463241 650357 408922 310504 947727 352835 421387 500922 770652 362939 870521 316876 851370 761821 550381 955414 701052 752747 535627 301788 259132 213849 241345 239801 230289 221931 208075 145825 122196 115084 80676 67919 61507 29706 12111 865426 789761 765117 451083 522427 911585 480040 531527 424567 649303 318598 839432 476430 316760 257930 248944 211805 72597 305413 
425.92
51
677625 748990 654784 728602 524621 832466 659496 925661 814934 540515 839325 530642 685662 933063 738318 608164 508161 434032 387080 352446 278140 169399 159764 117689 116448 102618 62638 54025 13719 37395 17017 884813 769882 962657 894490 838152 582286 465020 452153 453834 352401 299777 220525 192900 177877 169635 45288 938796 416925 322982 519159 
354.633
62
742709 984308 887512 883557 458192 456901 454754 406045 389370 279463 213268 187708 186093 162863 146453 108648 101321 82777 74841 59540 52766 18364 899529 542656 601150 503125 530114 727732 802359 819324 910262 598887 983132 955151 834374 685075 869300 489495 911809 892516 626039 886325 739990 933255 840665 771484 778591 531100 930227 724509 703358 493753 963290 614009 707784 300875 229162 183799 119636 83995 61742 471691 
250.795
51
987144 986710 923749 789024 757353 742219 727208 705647 697421 695522 650685 642301 632518 619130 580820 555761 523764 508884 491181 481585 335389 334653 329170 328047 305971 300668 300632 294297 267039 253591 129761 116760 96859 9959 915079 954189 998062 919199 859745 773912 679433 626863 615063 539607 490277 468371 446170 423277 227549 132935 860075 
197.052
66
817932 679963 603080 526967 529060 515846 455653 431172 412551 411410 368399 313559 293609 274679 267222 237179 221470 201720 199046 195998 173665 180924 166523 164434 161166 72117 68926 47338 28173 978802 999697 953242 944746 940751 864555 846837 843700 824910 824352 806967 793609 770527 768854 762287 753637 743453 742723 739934 735126 729100 716858 694461 693437 632859 631349 524865 472677 444474 444068 398508 386203 343017 306472 125100 113677 958022 
336.343
50
946675 815902 977114 561551 327726 305685 303477 54703 981877 853995 988305 767323 985421 779341 921278 752141 786224 885225 769464 963863 698950 689483 681930 647866 615779 584298 566750 559976 515082 508460 487789 451738 448588 401539 386685 385761 346006 337361 330853 269488 258633 215419 154871 147397 116650 61784 61095 43486 20955 725600 
216.286
49
131723 89631 75280 68830 55253 38146 31208 920907 881746 860075 857930 801792 731379 717024 695373 677219 646004 645026 606989 543634 515899 495779 463399 441835 385050 374806 267917 236562 234554 223649 163174 120707 962999 921716 902944 897891 800600 751403 749778 678362 666447 588784 540139 505008 170816 89721 59428 5078 915804 
224.445
57
700476 930462 965494 676304 693819 777797 657623 948159 691345 847837 901205 944522 957944 829683 821410 846256 934314 647603 737753 729139 717181 646218 741050 637496 633467 613720 601158 586455 584553 570404 568938 565691 563998 519816 512292 452997 402670 384867 381991 371185 362064 360274 350925 344460 327453 310165 228957 223000 208378 202776 158865 156437 139117 113160 107586 52919 645133 
157.089
45
666805 951121 923493 832295 988419 514187 562899 615444 560825 590753 779089 377401 337125 307820 306618 273406 267491 200666 108987 77883 57494 838 713489 908299 845153 573856 474540 870528 874339 987268 576509 708701 453021 420600 397770 380406 367015 285385 262441 124921 119195 71010 47012 29760 466778 
156.694
53
424010 659363 721185 525642 319787 206156 194403 166997 166950 114798 56602 16064 11815 570065 898881 457979 556087 672399 586121 567713 911152 581554 827504 450465 512700 865689 379618 573776 942033 778095 446939 868130 820259 671975 413007 458130 841806 946731 349901 316432 311543 246992 185727 151664 140128 41184 548807 428675 625075 273741 187129 70853 371654 
269.555
52
883048 784531 791033 927849 750730 934251 835906 779906 836992 810955 751018 895234 635283 610908 578275 574890 572905 532331 508894 504583 476520 341663 328460 309887 291928 228615 221862 178508 148784 147343 134904 117614 117514 90382 69475 22295 7543 781965 931121 996175 916444 874895 906719 655393 482755 439434 438732 274656 202119 105698 75278 680676 
347.75
67
310814 83351 62100 46842 935658 884631 886108 994948 976359 997658 898668 883658 991604 842440 839045 819081 799198 774898 772764 766504 758452 750235 732954 731346 706801 688295 688045 681032 676188 651436 622998 618318 600648 580950 577914 497198 489181 470695 469229 450387 405985 386540 365704 344247 312355 311991 308277 305628 302341 288561 284552 279167 254428 243075 242757 224563 221446 218448 202182 193707 183876 178107 156599 142564 108553 5760 863560 
246.133
49
798383 667233 780857 811721 791396 827790 442610 357673 234060 219200 186373 166517 94340 59099 47962 22606 833578 582460 905152 763758 739456 757110 954430 662377 973010 839644 564456 501777 484831 465008 447847 381272 361295 295293 259206 231486 228080 218708 167552 152771 125277 93529 54824 39835 14671 4681 4428 2253 575120 
163.736
54
706956 933606 978987 841501 934529 934261 968058 833610 833247 973037 846830 742936 856711 820125 875777 800646 825989 834721 643679 632410 610253 587143 516185 499213 492545 467810 420557 409280 369245 365835 356744 322233 286401 249823 247990 234839 227840 222923 185360 178964 148748 146513 130080 94465 68086 67948 61938 60425 50452 49114 41180 8629 6858 669437 
120.355
63
961788 853082 866095 928069 961370 836488 820412 816347 807773 807606 777496 753454 734126 728056 724172 697316 686913 674474 668663 642000 639235 634970 615427 614602 550746 539464 537953 529270 509475 504580 499533 497498 469864 389929 344852 336860 304860 304699 301278 287537 279998 255582 226644 212266 209067 175838 153691 152958 146523 126468 117507 101062 97805 12410 6953 859917 936923 869253 800088 380427 346860 39360 850458 
291.608
55
268977 204699 114889 85985 1808 885293 731758 956205 682540 579071 576479 666658 623490 584899 768766 779253 810495 757005 750694 566325 577462 497474 465837 433276 429729 394115 387212 319724 306350 305953 274174 273383 256071 214798 196941 172499 151072 120774 118557 117011 109680 73782 25119 555114 629776 845150 576201 908619 785566 596744 679607 704815 203474 41057 524502 
514.346
41
428360 540815 874520 518715 26392 7773 719016 679785 750959 416644 374383 824969 425463 778569 987252 865094 832000 448759 545365 769180 916162 325891 262580 191786 169728 157551 160897 124091 110928 5761 850066 983872 553855 947353 638522 869334 831413 363124 278314 234869 369529 
425.956
50
969163 868071 602227 724919 944061 756476 627770 651422 373704 484572 104537 467961 141081 997806 964527 318426 193167 328901 602697 821023 931569 57110 17744 12483 1388 446828 722351 611388 880171 609644 464907 217127 216483 136823 486124 140159 646422 613662 875925 753147 905465 851332 571411 616544 483267 945993 705549 60848 20947 102524 
377.892
53
264433 732361 191787 391599 792731 668124 424252 374542 298403 780540 738904 278028 212980 771461 352933 376525 586782 529691 235745 675063 560039 326969 954258 406602 65388 71166 54076 29509 26377 3005 739272 752654 793638 887237 517405 977514 450972 385274 327075 331282 947470 897266 131992 389319 355801 267340 987676 546522 341565 146957 132682 120743 175296 
314.261
49
933814 671003 904814 860290 967126 881100 732749 490195 786483 709381 812643 809099 633899 532656 402482 401509 310187 288471 273245 226644 154201 108823 100652 90205 86889 55455 36631 26506 7712 494621 444342 997560 571761 444648 450439 896451 627763 644201 665683 887449 515588 830882 912132 428680 422095 332364 72966 32335 435219 
286.173
57
984324 895695 719937 866343 725826 666229 552947 558989 875864 928657 997193 601894 727258 970112 729720 675847 769076 480365 476024 428436 423256 394418 393948 391478 360754 341410 334708 315066 314410 295230 252836 202442 191909 145409 143620 130923 992382 895662 580532 755678 709135 579215 766348 891814 917619 940659 372565 365927 341986 181348 69612 67190 60454 39562 10171 353 514494 
304.292
48
815921 748121 732606 523930 515939 496948 487179 390791 380853 321397 317843 304579 299639 279638 257081 234637 212202 190182 92187 10523 990901 933427 905564 892681 866807 864684 861085 853536 791964 755634 748414 744538 708804 706665 680831 647062 644654 568271 525363 476106 463506 362510 328785 204490 149017 55785 30403 967460 
554.572
60
468377 193357 382266 894870 942531 491794 411883 905018 855008 977764 618326 713365 360353 396149 296320 338754 789757 249999 957134 518931 385618 357448 246773 668140 290184 338750 869404 375075 810674 754022 815613 775513 376051 797195 741477 686675 277226 578970 227286 157046 143529 143108 122034 96361 61801 43392 19657 13478 4188 841835 361463 866958 744984 453235 244407 234311 319434 250575 83335 192662 
262.17
58
385050 346009 321042 237932 225301 973876 935973 977659 834823 829057 778574 848296 813705 794645 794293 762270 757535 749665 713832 602718 587478 567374 565928 551684 528193 505322 489647 489570 494757 488779 445968 416074 458056 398446 374408 403538 399198 391444 376564 314682 279995 264269 263721 267465 242971 139834 95621 91589 81562 49639 999170 932706 674473 643538 464369 334956 5907 890886 
265.561
54
936931 898020 957850 913192 978034 902689 816988 789011 779170 761800 638424 593458 582510 549118 522182 501807 485539 470289 466738 463601 433884 428812 422644 350919 345441 315437 308899 278565 273522 267049 262934 221229 206756 102540 98367 85324 70348 59112 57793 45839 15336 882317 977189 942349 818384 762550 756475 647766 572874 506499 448899 210176 64597 865687 
645.138
58
701407 387945 755831 693972 340452 483699 735280 329794 617401 369030 908077 367707 272709 273395 593605 400835 385520 364488 338036 984879 296826 470675 818931 277120 311762 519131 395809 808208 556368 476928 257898 838948 703812 412081 426180 532269 382191 906431 227478 203677 202017 201688 200627 198871 192028 176460 152411 147102 141883 75896 360636 916675 755453 550256 588988 460677 163794 255381 
347.926
62
818130 863019 877409 823895 934426 891745 900955 833209 948252 985298 811683 944986 924158 800003 764553 749285 705625 699717 685420 669461 660147 626390 603616 603258 562987 535661 530684 469991 467115 458552 439546 433068 427811 414522 413764 411064 394274 297882 289060 287062 286618 266022 258219 248975 248579 240988 235489 217828 217057 177409 173282 156382 153677 141141 127069 87261 85414 41406 39834 22971 834 793983 
179.044
50
781911 625601 450630 926598 667223 846712 611398 880471 429706 395649 375025 374866 368862 358059 344119 340610 249062 242904 232717 184338 183306 118842 115713 106916 97253 97214 50498 591315 469062 656431 862138 807671 917177 942597 559977 560179 461394 628546 617475 611496 762965 704200 559047 657172 538360 826608 391951 352507 142043 431156 
464.067
50
689010 711383 997881 467849 136002 630482 980634 614818 738826 883652 872537 898690 513652 638285 476586 401794 470847 615989 641214 349960 299820 311797 89925 893180 248786 849118 207393 978730 959343 174451 520352 898349 933440 289355 965957 572213 48106 20728 466925 488098 614693 89151 458117 497160 692812 863010 582279 886392 34448 60616 
439.829
60
799343 240543 672919 105443 577682 784112 712901 405866 502438 313802 753290 89474 374965 891517 484594 986480 981806 385045 464926 380161 903436 816729 953645 432803 625804 906025 673636 342284 946797 102011 516841 424237 333035 482168 219942 789885 650287 691296 386083 926529 959721 590452 803382 180562 764204 763956 493798 933160 409786 122829 197845 617003 599487 780481 652671 248856 375832 436030 50383 979821 
107.101
48
110447 215312 842207 857602 666019 75813 809100 848674 506760 937486 405888 400025 117121 949387 674173 753276 442661 263148 730044 770771 461398 946830 169108 959354 959226 819219 508088 733352 852203 261600 54370 38122 15934 180870 903739 546763 702614 188181 844666 612470 332755 650149 932758 930723 61727 46335 6289 70169 
230.605
57
494672 415747 381327 357599 247702 77780 56729 44687 947223 798175 705038 934679 870091 965310 964857 746987 884560 902518 680160 722816 669458 764115 789620 838112 701460 614281 871456 579679 561255 555041 484770 424085 391004 375795 335121 329150 316933 307050 290705 250577 165683 156662 148438 141577 127792 93983 974793 926619 826945 599780 880521 723259 778130 618853 725100 47082 583008 
652.344
55
725197 896134 686699 557802 845127 574991 883240 795513 658850 636874 707543 915488 834852 931748 714918 995229 759968 898400 962253 568852 999111 523105 504546 448047 409053 375898 319704 297487 281986 259152 249718 245094 164645 160672 140630 133078 131562 102398 75400 37873 24460 1182 653342 700909 605004 549798 982798 513713 366610 250964 209967 119108 88969 74468 545513 
618.036
54
856009 793784 633219 600885 963875 773692 699734 936650 964843 992558 357166 820379 705324 968790 582025 853694 895926 763095 886592 605286 812607 603472 540695 529122 509393 469103 469213 442872 367979 317603 218950 149600 132119 121851 67603 34931 62473 43379 38992 798108 964554 701609 714831 768778 631221 577351 574125 426713 377620 371827 332052 329088 264139 579908 
565.844
65
856329 774656 769396 545522 540925 511331 511076 503638 485176 470092 465652 464989 462965 444286 441178 438423 348053 347636 339068 296255 284949 283840 282978 245923 221503 211417 185611 148896 136381 117411 116236 107855 78597 73849 68974 32108 980591 990442 966956 962418 949845 946779 935477 925799 859904 846088 834656 821971 777412 759399 758235 744801 695271 672961 642412 641511 620031 598429 589033 551695 511665 353602 233191 121264 967823 
395.229
49
117969 32608 516922 843310 888281 778962 580091 748635 573005 493584 720210 577019 871118 564459 811400 910549 959865 480842 471571 468373 449262 441976 417816 394908 352765 340673 338634 330491 311353 305885 278711 264209 215401 190011 181198 123578 38541 22373 590843 712457 524576 874665 442402 401231 364699 355132 328957 85158 484353 
297.366
61
790458 501794 435448 373573 365072 283678 282693 266509 220360 83664 69720 64657 53157 49905 30417 888361 844245 982231 892421 802101 940491 882966 772903 779457 784747 761134 749665 730471 713871 712321 711999 703023 656902 622390 616979 616182 605558 576707 462095 443379 430042 421411 418971 367838 362463 355278 284086 268995 264363 228137 221447 189327 187362 167105 139765 106782 78228 64928 64056 61335 766321 
660.598
62
946257 936262 908708 889401 878532 863925 855667 845610 833744 783690 764090 740565 724613 709329 676985 673143 645466 577119 532104 523106 507828 494336 460550 458228 454726 449604 447978 428074 426137 423348 388530 380724 380553 378637 331559 293019 261229 256143 249858 248801 247960 210990 197031 160167 138769 114106 94272 81196 75871 75798 38607 25611 19940 996828 975173 878837 854503 818813 815946 566260 432497 936871 
837.913
51
396958 914764 926495 922244 998216 957293 907547 881097 840511 837519 831365 821955 819711 800834 797688 759761 751351 728848 722586 704247 699788 699613 660935 638223 615477 564716 519778 490990 445341 432370 428938 415712 402139 383128 299030 278782 267996 245588 227086 226868 183479 154598 146026 117221 109768 97913 74445 56525 42995 40959 881558 
421.292
68
973704 961770 933183 917904 912313 905387 880987 876175 875317 859767 851576 830006 825145 810730 784996 766267 764393 746658 718540 713237 696529 690489 678253 665735 658249 640117 630229 611328 586517 533150 528015 498830 482763 479874 475884 473455 460190 430102 427514 417704 361734 351473 329549 313444 292355 286511 261502 202724 193049 190518 146488 130418 109816 91587 68661 53523 18531 901161 824997 787621 780322 721587 709670 327207 299042 269123 201174 954183 
606.004
57
921525 839545 775375 878962 560708 568885 840243 769005 760758 874961 769296 652090 549912 538228 708578 527585 997538 528473 941873 907972 568481 969283 547443 986304 978751 467683 466635 397797 377575 364076 349404 337661 323924 303548 262772 229297 225561 222393 220458 125645 108178 93741 75036 71288 61982 49067 44039 40597 17772 1664 529122 562468 520677 936611 690449 479501 490376 
397.899
68
777453 762518 722015 614896 536194 518342 502723 491350 428931 377302 354607 335265 331111 328855 307798 287607 181223 179868 175864 152351 107786 94525 54731 52169 38279 32662 18339 983339 975714 985550 948346 961914 988295 919278 957489 954342 914838 905289 875541 870792 869812 856717 849611 798221 786127 740794 727708 724911 715571 696900 683264 666594 610554 602160 556699 543249 499865 479622 470475 456960 387789 350956 338453 264396 259012 48415 19860 917080 
487.911
56
513623 457229 800872 750106 815521 676669 990836 438542 982731 833739 520376 695644 593205 558939 943364 173862 162450 122786 102102 67634 46606 36750 33574 20357 741865 655231 746838 959581 683034 495442 964382 543905 940084 708835 341953 810102 909452 583790 782346 433018 480285 576539 721386 276218 592808 248166 824929 564901 388248 755078 207041 159365 130700 51926 8351 231485 
324.036
47
914412 850007 842953 839991 795291 744356 727110 641458 545109 520446 499646 490616 472229 438277 345808 342957 330904 317689 286962 258588 234069 140403 98337 87115 57155 51534 43785 28227 19093 930114 952323 988761 968863 992218 878845 862914 763148 760433 754578 736316 634393 623853 621521 560308 464686 138005 928219 
462.623
65
886155 62599 293746 916266 750944 344241 697862 919173 754516 45796 296897 980547 810159 3371 968913 264069 819856 936 712886 809609 400621 239292 413611 836238 872179 261282 475355 512019 690259 325118 72153 747318 667279 469659 920415 444436 58881 260924 20106 566894 154806 649454 752450 795166 133658 148748 926292 650015 581963 110460 834076 311364 808489 707861 309023 853526 301432 28127 475953 137185 541864 845482 707689 142975 320663 
219.665
50
654627 609690 348650 706928 389584 827591 761427 737235 347190 450153 724621 814072 531643 369625 927116 780736 478380 486842 569996 377250 241066 217064 204285 191042 163713 133844 128610 119155 113259 106332 68049 50764 14781 1283 632628 406783 979678 655231 639526 820917 283232 464178 527652 249497 237834 174873 116497 51099 18953 251297 
283.724
58
552269 846173 318949 292907 223204 96874 26404 910988 390029 643470 773089 980022 405819 666377 971799 793095 575432 843732 764760 992649 812696 464030 779270 815386 922687 453443 389231 502022 712286 529213 470597 689346 372290 883259 828416 896371 634660 913024 247611 238894 192383 109752 92240 78356 76448 52431 45233 17351 750553 550406 732416 380627 523451 262500 150217 127012 103861 294780 
439.965
51
351886 683568 122972 81419 591240 380444 430327 733549 864620 265957 701844 462096 272929 704257 440019 608421 991893 339089 714462 848125 576679 215787 576848 574189 475904 601865 721693 814166 518293 461622 198496 100984 106542 67143 757436 611126 846239 339545 521384 532964 407586 508745 609354 403787 316720 998498 242054 330927 513003 24188 208758 
621.74
73
958966 493682 682118 776010 150672 709921 518727 583582 900845 604164 707355 572761 427067 830408 730465 910396 546541 454557 349152 301966 199568 537400 970211 723478 758013 546784 596055 360042 343934 572795 638192 788782 359351 395317 704140 356542 459595 828670 200200 191352 348457 625017 262971 865925 276973 770993 305137 982742 314624 136084 134176 132081 90037 89341 77053 61667 53573 46665 311397 313572 697849 375283 606406 294189 217436 451834 631062 546106 725645 313882 362424 102396 140756 
599.531
59
16654 12661 9880 716650 747184 545507 435798 943194 720325 561347 488891 503198 631438 668753 711849 732295 860291 843765 969172 582421 556281 523271 960284 750390 581349 721288 960504 601171 543799 611270 702824 636692 569812 425624 776337 905371 645801 741928 666549 888184 372109 368441 364994 346197 288670 242366 227148 214750 197218 155402 144400 109592 89053 83825 80659 74976 69585 20375 405319 
173.44
51
812975 384907 397227 901726 138059 979309 904862 870544 339838 843839 60742 346977 783765 20919 747239 316974 275626 641801 200542 432554 776443 949386 653494 278715 806702 62897 371643 618155 147126 97628 322259 439242 684727 129047 433636 851511 842441 557520 473762 750693 105027 384768 519883 100537 429883 415531 223873 75705 136181 914290 540705 
145.671
44
558185 905269 528193 600327 497697 675012 377253 633356 544230 523205 841942 690476 610799 470753 842170 742060 944264 380330 960592 803411 580350 781684 963150 670468 712426 396452 335220 332337 284685 235752 220668 194808 180325 165378 130579 128893 124442 86900 42117 38382 35581 30964 6570 347030 
295.408
63
812465 878387 668759 845768 533536 723639 829299 746385 826449 920840 597647 650843 876841 882998 985344 941811 527186 708256 549667 921524 414311 877901 613979 632984 742911 283232 262303 228790 194620 170780 155147 140130 123984 122661 70428 39573 7543 6787 5356 1963 313939 949469 968509 572454 825983 313244 990544 971641 628573 433843 701579 313946 619510 574686 614661 696618 810942 309851 268335 242676 181725 121257 312457 
253.1
56
323765 235391 229998 130966 118064 111323 54891 21486 6585 609803 443558 421091 812549 339145 949209 440268 667501 604823 267736 438008 616305 748835 981279 568892 679201 368892 733246 313725 609447 497686 552425 897276 261463 745154 563329 645214 931457 404568 427972 432742 469278 442129 892048 273533 856764 305603 525092 839852 600995 459370 678249 321007 276816 383365 81098 236591 
601.044
50
803112 320055 346027 884331 968240 512649 704465 300134 865663 540936 887227 452021 328281 754398 781764 611624 507731 744271 992293 683506 307551 468825 309567 883476 631412 867163 710444 914583 255339 252052 248600 203679 184313 165486 89624 85359 35788 23165 10161 459864 540747 797735 606154 262536 411864 250784 163805 157678 44213 257017 
259.174
64
547806 662777 830754 840010 851711 818612 495162 482818 838201 616585 570663 801471 829697 909330 708668 527796 687325 613475 812677 520665 693892 512894 561451 413700 795453 892496 489129 406447 376617 369179 326402 304029 281729 269591 252699 246152 240170 226304 201503 175498 172118 161908 125369 114645 114510 86441 81253 61366 51270 38671 1452 457830 898387 715703 537056 964093 918371 695716 462717 777629 250395 204106 14480 407198 
566.985
65
892712 886936 864632 863797 825294 819334 818230 787102 785971 772914 744879 729568 711956 706437 675660 658023 636046 573257 558603 551736 532073 506900 481431 479677 421581 414877 414206 402012 369295 364924 357905 342058 339168 333265 309582 288263 242650 240233 188791 175627 170261 168004 156797 154862 129696 86002 29156 1280 914532 966482 999682 997968 907682 871117 706310 601517 559015 447523 429755 407462 383889 121133 69763 23094 913537 
416.247
63
308225 537557 679793 291809 347560 567849 284360 891444 598237 938264 536605 507966 940789 599178 999506 498369 909807 850239 841565 779308 445968 636422 907025 607585 303449 948970 925847 583843 640175 746247 759573 221772 742650 268992 486436 226764 303930 310978 833669 290527 478341 404378 321419 852233 298182 194166 151326 126218 120607 120253 85468 73421 52212 11981 6454 565099 485952 844653 277748 341334 930064 181008 221032 
540.455
64
160084 80729 65695 59440 33285 22920 14449 982276 923214 942974 911700 892800 995537 958313 867156 856619 849228 832425 769753 754770 704715 707764 693354 654723 638746 554831 534017 507193 544422 539378 520489 513787 390305 382975 354353 328809 328144 276519 324656 313433 296132 275304 252276 228374 198562 186281 146859 129090 121847 107871 96359 82965 80437 31859 11854 3985 935549 989337 889820 876806 395623 139801 41162 877253 
355.419
64
675850 999260 937716 365276 340805 54655 694203 611610 590662 561485 152826 284509 629882 480318 699354 11703 948266 358364 690591 96639 680828 63291 2619 145430 163857 320862 909325 805996 482173 768238 453849 917353 875021 145587 551713 755547 654354 434382 921658 600801 324246 874244 227395 223871 289831 748687 822780 917628 143339 661449 383214 776532 705780 884657 31046 327087 485260 773042 879681 497678 469831 742287 500085 793484 
128.369
46
841741 935772 731940 508801 417782 333733 345092 277630 239229 238401 52010 25833 21463 899682 905484 972464 873031 928659 683869 623995 600713 563504 559193 557685 552531 540328 487162 464971 404782 400675 328949 310705 282532 150598 88212 4260 846319 827527 937989 892956 860492 737237 582045 496928 306100 749878 
728.785
64
853760 768842 581804 478459 264461 251388 241515 141093 12996 971078 993817 961352 936105 933763 932224 928245 923839 892437 863907 843469 813364 799956 794897 723700 714258 712648 671486 661180 626204 625929 619124 611400 609575 574268 568707 562630 548457 488761 488007 483154 474746 448383 438121 428954 418795 383907 380750 373956 363894 351483 336778 289659 270879 232167 139107 107034 102263 67488 47889 41143 34878 30646 1983 968589 
206.798
60
95871 18217 589311 697604 516404 642177 568765 542043 666568 973831 571350 794071 615909 492271 870777 622487 549673 837153 557536 861992 749271 903865 910368 732215 594894 814647 701606 530395 807064 459306 419474 405841 396443 395862 375295 367677 343950 303851 237434 232895 223900 150586 143255 141525 117098 91765 70179 60676 23993 493358 722088 511800 900209 788658 975823 740715 484810 269446 142507 463360 
347.995
61
703469 671882 649711 627570 626342 594081 587949 545901 537971 514549 496267 495860 371944 347404 305373 293943 282148 239523 237274 218164 213628 189689 180616 165898 154452 135787 131559 77023 56759 975023 962351 969183 866076 834729 831869 915245 763032 766431 969240 955577 881419 803719 939917 765224 791905 870314 833585 680481 616573 598579 543530 479863 411383 344977 332404 326343 287703 277746 217831 169699 732280 
410.138
61
490007 448515 436126 416879 414604 409145 400554 327486 326327 316988 259489 236284 225790 220872 217052 211559 198289 167956 121746 66677 28125 5099 962038 946315 973035 858049 963069 990156 859808 950654 886074 861825 818172 808124 745675 738294 731496 718072 705928 698869 691318 676899 673579 672859 645754 632787 617656 613721 610582 569562 556990 541365 495185 485161 439435 320606 269223 107871 92617 35258 824220 
516.31
61
938250 843323 840565 813353 805841 776286 739079 732710 724622 715646 701112 660456 652891 644735 605545 602167 567615 550236 527814 512656 509827 482101 449476 448170 441732 427534 416446 394089 388518 382283 341750 337201 332240 329323 329162 298750 298188 293411 292869 274918 263419 259848 243730 226703 150150 131895 85231 77097 9174 950408 965484 978345 853637 824905 776088 659926 461189 175287 66044 11647 937175 
438.97
69
833874 921265 967129 868541 934187 678887 641882 611167 604234 585385 581656 580879 543320 533687 503556 484656 465712 464033 400857 396423 393836 365569 355700 355105 313416 274684 232219 222201 215037 213456 207732 201216 199994 178701 136183 134099 120257 66691 65682 58622 57681 21585 4792 701684 874449 782191 763266 885510 869174 912583 963213 942839 706365 702706 910808 959171 760129 642611 608532 534341 522613 492291 319432 284829 276193 195248 81685 4873 679737 
829.103
60
857844 214852 204907 165208 160160 153011 100614 88966 78187 70931 68360 63757 29787 29587 883234 938118 943771 989281 937938 842573 995523 919593 812105 995459 817801 899243 992613 892123 856568 914929 979494 715705 992902 756878 687747 636223 598978 591583 591015 580565 562286 504210 493906 491330 477150 462467 392394 377392 376173 363635 351987 312706 311347 177058 175150 157081 84796 72145 22390 688192 
264.025
60
592617 895389 950904 607302 878329 972578 938266 876976 869605 572536 556727 553603 544286 502476 482500 476776 472657 440167 419086 371939 367973 353375 275949 255883 232677 196906 174415 164326 155271 132011 128665 116237 114182 105616 58990 15609 943288 645153 656818 794527 931525 664715 699213 882980 604224 755555 732544 690509 895490 548677 539802 529240 518230 483956 459858 366186 255345 246478 11805 589580 
194.678
