12
763 677 594 530 442 436 342 276 109 79 63 874 
0.37
13
945 998 764 754 688 563 497 486 436 165 133 71 810 
1.801
11
406 282 163 782 552 436 214 159 134 86 673 
0.44
12
936 787 363 850 647 594 610 782 778 290 160 335 
0.582
21
751 695 960 735 677 682 723 535 522 520 495 475 470 450 240 203 100 20 16 6 656 
0.806
12
358 568 231 75 425 778 652 978 703 33 5 47 
0.115
12
674 615 881 670 918 883 403 319 223 64 42 428 
0.69
11
753 224 947 742 675 613 589 383 347 58 700 
0.347
15
928 504 826 583 626 769 615 718 629 543 569 375 355 230 451 
0.305
14
299 444 237 972 265 734 881 207 788 557 96 90 54 171 
0.262
17
938 934 774 704 556 531 490 348 317 181 169 87 85 74 52 38 784 
1.425
11
463 973 846 716 621 524 484 454 317 41 609 
1.197
15
822 908 974 707 816 890 679 905 407 353 278 171 124 82 454 
0.146
11
511 583 514 469 453 979 932 421 90 22 427 
1.321
14
884 945 776 355 288 664 885 475 452 345 259 247 235 532 
1.762
12
655 718 939 942 740 724 767 625 370 363 268 636 
0.261
13
607 398 611 345 853 579 488 823 926 248 228 21 273 
1.637
14
233 121 906 888 887 976 790 567 335 297 187 143 41 828 
0.512
14
705 68 663 151 653 962 7 954 71 651 556 795 603 117 
0.057
15
594 565 582 268 253 240 145 743 574 844 603 515 459 129 487 
0.659
13
924 812 719 676 651 627 569 480 304 78 58 7 778 
0.251
15
933 561 865 677 843 840 631 485 451 398 374 184 137 81 486 
0.506
13
808 660 634 556 455 366 280 192 102 85 48 7 835 
0.117
17
350 300 872 922 826 793 745 720 707 672 648 599 335 222 175 24 828 
1.793
17
425 770 183 325 619 831 358 490 907 118 143 350 438 576 903 246 4 
0.062
13
781 911 936 888 777 661 552 526 209 159 142 108 723 
0.112
13
264 468 367 73 723 317 758 633 84 195 333 192 480 
0.057
14
593 280 802 787 866 886 804 586 585 531 183 134 79 751 
1.078
18
877 912 626 901 845 632 664 908 779 458 425 374 347 307 235 198 17 520 
1.03
18
716 626 608 560 437 325 203 981 935 688 607 519 505 319 183 132 66 987 
1.699
14
907 452 774 948 635 704 916 818 204 182 85 41 31 220 
0.184
16
890 877 859 848 847 828 825 797 714 637 439 430 360 171 98 875 
0.669
16
399 250 782 823 981 878 725 647 604 602 440 405 230 189 171 732 
0.8
14
975 712 596 950 853 804 684 770 640 733 313 119 41 462 
0.996
19
639 115 213 151 239 727 435 71 82 739 542 262 204 611 604 780 132 45 59 
2.583
15
867 876 907 672 503 392 352 311 309 286 277 175 168 50 651 
0.287
14
775 756 676 667 493 397 318 293 264 262 223 194 176 863 
0.232
12
836 488 612 193 130 949 347 803 565 528 123 199 
2.05
19
915 27 716 938 424 907 877 573 621 966 744 687 989 377 223 437 705 271 992 
0.062
14
635 576 311 220 148 40 872 634 906 530 521 415 122 553 
1.463
13
675 587 644 435 671 721 904 707 546 627 638 74 363 
0.279
14
670 838 813 810 673 578 508 433 410 382 198 181 96 946 
0.356
12
602 581 551 484 372 311 244 798 776 716 199 932 
1.344
15
756 908 750 519 903 608 789 638 499 398 345 72 63 37 517 
0.528
14
532 995 693 685 542 337 334 622 967 751 437 9 6 210 
1.453
13
910 907 619 922 944 782 501 416 258 231 230 96 569 
0.309
10
991 830 734 709 649 402 318 290 107 950 
0.306
11
965 973 666 992 979 787 722 694 440 253 623 
0.866
12
857 801 915 656 892 819 719 645 374 318 245 524 
1.114
13
983 894 852 851 815 767 726 621 538 530 339 159 869 
0.196
12
320 97 955 931 809 707 640 630 626 512 127 908 
1.602
11
789 733 756 934 771 607 512 509 492 207 693 
0.422
15
768 942 775 663 747 668 894 709 486 337 143 113 56 46 499 
0.388
14
257 69 901 837 934 747 655 607 428 293 289 158 112 781 
1.633
15
540 43 921 448 478 240 573 308 212 197 865 340 620 451 234 
0.06
15
116 227 285 579 514 598 825 421 658 771 251 154 577 518 18 
0.065
13
651 869 402 864 27 64 387 409 915 922 444 945 405 
0.063
12
632 844 523 763 596 548 193 151 72 70 48 298 
0.917
16
352 864 672 723 351 789 510 281 67 677 764 759 56 132 27 39 
0.538
18
629 911 815 908 928 869 466 907 954 341 597 208 169 167 155 96 46 254 
0.347
14
170 143 133 961 817 784 735 727 337 180 169 62 24 993 
1.363
13
444 962 827 488 967 790 325 258 208 170 91 87 232 
0.295
14
842 328 370 793 383 243 771 763 547 171 164 150 139 213 
1.244
11
561 157 250 448 721 100 704 435 895 1 58 
0.102
10
979 990 790 757 697 486 319 214 128 871 
0.181
13
96 89 918 791 644 643 636 532 509 484 280 64 921 
1.993
13
786 434 314 982 679 995 993 857 495 604 626 288 308 
0.541
13
426 347 849 580 660 463 59 930 848 325 722 280 303 
1.493
13
454 957 873 650 508 598 751 624 326 262 241 82 363 
1.726
13
491 487 30 677 629 620 538 480 370 111 102 2 839 
0.65
12
987 644 802 882 694 609 524 298 186 162 37 760 
1.897
13
173 893 588 190 4 936 27 185 195 458 443 587 367 
0.057
16
410 372 455 419 751 509 352 709 655 417 325 183 378 752 639 929 
0.059
14
183 9 499 866 525 249 103 554 540 310 574 202 346 295 
0.061
14
203 873 777 744 698 566 419 353 344 329 182 146 144 811 
0.992
13
698 833 587 440 897 908 998 726 226 155 118 102 328 
0.792
13
947 536 659 453 769 218 196 193 154 924 745 81 258 
1.723
11
653 715 553 785 575 770 527 222 45 29 541 
1.101
18
697 741 671 868 795 885 709 598 441 356 284 156 148 116 102 81 66 403 
0.221
13
566 146 744 935 298 880 769 489 543 151 96 59 292 
0.459
12
753 812 311 218 647 278 52 102 274 665 468 654 
0.061
14
913 906 738 683 614 608 280 271 263 196 157 120 50 702 
0.197
15
671 672 527 438 364 792 726 561 291 287 278 253 246 134 314 
0.233
13
609 989 807 709 566 516 436 354 240 196 180 24 489 
0.13
12
970 734 803 519 489 464 446 370 326 221 189 636 
0.485
15
878 908 827 799 785 943 969 625 505 458 390 267 260 114 721 
0.156
15
788 643 355 802 847 670 669 919 837 291 272 260 136 135 297 
1.343
15
827 952 932 759 620 569 503 477 324 158 157 126 68 20 640 
0.496
14
915 488 852 809 622 429 345 129 89 497 704 330 323 397 
0.537
11
470 124 119 790 706 691 684 149 117 75 723 
1.22
14
82 798 846 591 573 945 421 588 539 330 840 187 176 189 
1.219
10
803 731 672 597 691 440 298 168 91 565 
0.297
15
715 82 267 209 738 578 496 936 124 3 568 287 573 777 727 
0.058
10
926 672 442 426 384 320 252 228 180 850 
0.498
16
400 925 614 185 178 153 72 59 47 716 456 823 797 264 46 293 
1.24
11
346 294 992 142 980 815 79 834 953 768 836 
0.058
10
747 372 681 661 697 613 216 121 45 210 
1.107
12
998 245 480 271 202 974 649 192 541 135 96 171 
0.731
11
525 967 998 958 174 994 675 301 842 346 120 
0.058
13
234 968 679 587 244 178 439 211 817 216 125 91 134 
1.069
