30
85733 70450 85540 80537 65060 62780 58721 53981 53771 48213 48190 45906 42391 33161 28627 19670 14497 8808 5491 3792 80051 76309 73687 77175 81796 63527 53768 48309 47427 66292 
48.124
37
88664 68018 71481 75641 87810 47207 44010 80570 71752 71507 55056 74813 68986 93935 72343 91354 82048 93868 49139 96483 71296 68853 92811 64858 69494 57938 39937 35312 28521 27683 24507 16108 15851 14364 584 455 41524 
24.323
33
77137 72238 69450 97620 67925 89242 95572 65075 81805 82609 98778 69936 71274 58014 97142 73881 58205 73557 60571 46449 34038 16036 3594 88382 87170 85150 85761 30723 24404 17071 16389 1097 53353 
43.208
31
81898 93779 69120 65162 53661 48394 22144 8098 6955 3023 99984 92580 95899 78607 97668 80579 69827 69327 68340 65480 55069 49879 48445 47973 35742 27242 26242 19658 2994 2620 75824 
113.684
28
92818 50154 45964 37256 92659 92595 96138 81835 87119 73867 74230 63598 57412 61613 49053 48875 37857 37799 31677 30206 23961 21838 18518 12161 11858 9289 8796 53473 
28.472
26
65866 90568 52804 50237 76604 86056 81454 35276 55057 98853 88715 6044 89770 27207 66777 24260 63689 69469 41098 67619 56160 60641 28165 80840 12546 20898 
43.374
40
82882 7878 54328 61250 29932 65268 86323 16314 52191 42204 38045 82605 63074 21562 67954 82763 33585 48248 51868 77103 49388 86612 74700 60718 17827 16060 58578 58605 69935 16098 73564 19086 90849 27355 72709 91706 90503 38649 211 7623 
18.822
27
54664 98824 77434 27371 62074 54443 95222 49133 48007 96040 62357 60162 74057 59893 34649 10217 6671 5449 94020 25885 35819 38354 56029 62364 22710 20158 23840 
129.189
41
82677 5305 31972 12766 93188 71591 76363 70379 16743 66635 4253 13080 12592 59867 52211 33146 19432 52296 37416 92050 57292 64369 33264 91585 26406 69237 29110 68183 45245 26775 81866 85440 33100 77576 31799 98517 44721 93055 90477 50591 60308 
33.109
38
65892 62775 55808 48750 36787 35323 32353 31821 31402 28911 26725 12987 12255 8115 6514 3833 513 86848 94996 87106 90762 81257 91225 84645 85485 73133 64259 63762 63142 49709 38099 30407 28656 17095 7326 6100 3171 75638 
24.145
39
60248 620 2885 1277 26237 12670 63741 12315 98248 51132 67131 42130 58878 96418 34140 85904 6328 96450 2198 12665 39131 90494 49189 28922 73781 77810 91509 48366 85726 27257 3850 95782 74741 96649 65268 4549 69267 24386 79044 
5.55
38
94158 96173 99825 68376 97828 89901 57380 80490 93247 87643 88551 60918 74994 94120 96335 94622 81519 63789 56201 55900 55803 55146 54964 49584 48314 45036 40731 39858 39415 35884 31340 26713 25494 22816 18112 14956 8756 56478 
16.935
44
90591 95852 96948 97661 97341 87913 86465 81755 79050 76531 74028 73313 72323 70437 69555 65949 63318 61757 60827 60528 58729 58459 58365 53898 53370 51476 42507 41906 34800 31995 23508 22028 21251 19944 19637 18669 14674 13788 13346 10308 6893 6748 1342 89663 
27.334
30
89997 84430 76886 74358 64606 59774 53119 50917 46204 37422 37289 28161 22796 18328 11843 3221 88215 79365 83723 84565 76533 70704 66633 62038 58821 54897 53090 26012 15066 78843 
32.744
28
98154 92311 79854 77106 65590 59878 58699 53968 52684 38508 34442 33434 21859 19691 17504 15249 12176 8574 90537 90826 69660 60764 47438 39083 30852 21483 17001 86174 
41.907
39
33199 29222 28259 17523 16276 14310 7087 2873 1347 74270 91433 79450 84414 97606 76184 89667 74577 99894 84054 71492 71381 68824 67352 66378 66103 62621 62532 61348 61085 57600 51708 51495 47161 45501 41242 30254 10909 3265 73425 
45.976
35
89122 35612 95202 75494 43131 63114 99884 90237 68426 27874 81472 59245 35292 68980 70852 34810 40960 50112 54475 22283 64914 99936 81434 24375 24659 53708 19294 18724 17739 10595 7285 6453 867 57 19691 
26.534
31
20343 12112 51767 57692 44863 39256 80202 55475 92289 65079 82815 51564 67733 74457 84829 39507 46381 67231 68068 98469 63127 34667 31255 30839 30053 23537 20711 17090 7065 222 35046 
17.044
32
89441 96777 92319 81709 81078 73917 66113 66011 62088 60145 54326 45414 30965 14033 4323 3593 91966 70625 69563 65358 64874 59629 59250 54605 47995 44303 40462 23480 22052 17110 16109 87344 
29.697
36
75997 91946 67493 84250 87175 87937 84863 75845 97869 69218 74922 79946 62989 62176 61060 60077 59845 59395 58610 53439 53229 45814 44206 44010 43312 42405 41497 35587 32982 29317 27686 22387 17126 8837 5572 66121 
19.571
30
51340 91076 25696 57934 55237 51330 8377 89478 79353 59501 20985 47534 89459 78270 22710 58940 30879 58897 31018 19483 75591 93631 15700 74232 95613 8397 63055 31061 40 7644 
35.094
43
98403 68765 80392 64934 71689 94270 93546 95295 72763 91850 69452 53314 84262 98144 40980 69079 44179 64499 96388 99586 84599 58113 95325 61590 49433 45729 74980 87913 38975 32714 31684 25228 16318 11353 7813 4711 4241 3456 2772 2530 1483 1245 39477 
18.415
36
51460 49534 36347 36094 35746 30736 18392 5378 1232 92911 92269 85810 85023 84852 84402 81192 76602 76563 69278 64577 60422 60128 58128 55523 52514 51569 50117 38589 33689 23648 23395 15832 6607 3799 2368 89999 
22.661
30
14049 93585 91725 92515 83484 65683 90656 60770 59379 54440 53590 50825 50659 47655 47410 44955 42117 40429 38554 37879 30738 29321 25701 23865 21099 16307 15777 5850 315 65341 
10.884
31
87424 57103 53402 50841 50373 47537 38007 35600 31884 20944 15119 14462 13718 12776 10344 8987 7543 95165 94162 93266 71260 69217 56749 56492 43791 33069 24466 17880 5588 3730 98349 
77.319
30
91950 78541 98531 88474 75536 63503 46276 33154 29761 26442 25751 24845 19773 10377 88531 73600 70953 68412 64022 58175 52786 52092 49563 46865 38046 22548 9374 8853 894 77591 
24.673
40
59005 32306 43274 27284 91623 42866 63430 35915 62365 28362 73773 67885 64886 76426 98234 36201 66029 28012 60988 77611 72959 64138 47087 77677 99940 77988 93492 21299 17421 17142 11524 11444 10872 8707 7122 3013 2726 2444 1040 25665 
10.087
37
4691 92253 95847 91899 91259 90295 89194 86338 86056 84191 78992 76012 75760 74450 74103 68569 66849 62530 60123 58851 57309 51003 50821 49778 46349 41319 38840 36310 35664 21778 21372 20806 18308 4943 4221 1608 91716 
33.482
30
71494 54142 48697 87776 13932 35344 96439 84073 84752 27918 95585 47307 96824 81957 16625 12334 48142 48687 20226 17333 99883 11626 48030 67116 8641 8584 6977 5499 3299 9112 
18.648
37
65244 67735 54955 65986 89464 14303 50718 19965 82635 18107 884 81417 40227 68658 13900 69224 54592 86479 61242 68021 36246 54449 23226 81676 52361 51548 246 84390 21018 2243 11460 88937 77015 69450 34759 85557 7276 
16.523
31
86629 71463 44851 86694 89141 91314 41966 79611 75729 88288 21589 13767 3888 81336 76580 78150 34559 87744 96570 91860 72462 83969 59567 89066 30479 26988 22761 8816 5092 3123 30709 
50.267
38
99913 38168 91639 36085 61922 3962 45219 6120 36278 45917 74775 35611 40612 26901 98996 99960 93381 90821 9750 4072 10169 33353 11472 45599 69746 31769 78110 61282 77315 831 42521 42877 50617 26196 44956 51907 2701 3932 
24.904
40
28134 17453 17258 7465 86049 94653 95409 86455 76357 92811 73822 73457 70803 70740 70451 69511 69401 67350 65061 62004 60687 59834 56895 44066 42682 42035 40159 35141 34158 33557 31027 30154 16576 14956 14225 11693 7787 3940 2318 75685 
15.556
37
63100 94030 55908 63973 62308 37599 48434 73383 61935 56890 52772 62928 93974 50697 76762 31181 45670 27520 70644 91530 92066 80719 61039 67929 48659 55804 38113 17813 14720 13432 12548 8367 7423 4938 2556 1167 19661 
7.266
36
92848 88756 94625 80574 89953 53561 47754 46694 46066 42947 41943 33033 23532 21932 21891 20513 1881 1112 583 66820 76898 92277 94068 90149 92327 97583 87486 50995 42709 39815 39303 19695 15982 7118 5517 64258 
47.484
29
1674 38798 75005 31834 53136 77636 54296 54945 89609 21924 51250 45304 37617 95691 43621 70604 19919 86934 63323 24250 70683 33331 60963 44848 52582 90656 58163 3229 10538 
27.66
35
95009 93804 68024 86186 97141 85170 57493 52237 40776 40212 36243 34986 34970 32753 16015 15540 11940 8221 5473 72981 79407 67684 64878 95884 83139 84880 75899 66889 56385 54657 50613 42605 38425 25563 60583 
63.574
35
58036 37751 96268 43794 76490 32429 65863 42329 62848 65752 58095 94773 81402 97860 98687 36487 92357 59432 79269 27707 26022 25442 24398 23957 22134 19418 18116 11595 8710 8174 7155 6231 1933 1505 29937 
11.12
42
85071 95683 33492 29033 32331 86155 93544 31385 88960 36944 76653 49283 90221 33067 87605 92219 70515 70893 43932 84423 20910 17506 16941 14902 9343 6368 3723 1270 99605 28281 64194 43213 82109 57618 24109 51475 40060 59468 47199 31832 16024 20955 
35.67
34
9423 60 85501 92953 95390 98419 96645 99588 81128 78657 77210 73189 70715 68127 67520 61857 60239 58818 57360 54268 52599 52367 48995 48634 48464 48445 48094 33899 32618 27489 20727 18127 8796 83328 
40.799
33
56174 55999 54574 50478 44738 41286 36257 30059 28572 26856 25932 23873 22550 16708 82565 91799 86097 92271 75836 82490 93969 88039 89062 85297 96385 70682 65648 53327 51568 45265 14902 12723 68748 
99.46
34
28891 23185 42667 21483 18936 37465 68194 41159 87492 28949 63832 97776 96647 38467 71561 51258 35442 52628 99740 80306 12585 18860 59367 21560 11483 8146 6942 44632 18389 54308 23643 85759 6945 11684 
26.566
31
38939 30823 27978 19294 17477 16092 11164 47213 96642 88952 58639 71973 54386 67570 59101 97152 75172 67107 92499 51163 81320 75596 42392 28090 22591 18201 15565 13391 11257 6312 44064 
9.602
39
10539 94468 9569 95958 48792 83563 43047 50396 35180 76737 61902 20661 58381 25170 97948 23604 51454 91164 60180 65748 51000 8866 97900 15494 2181 52390 15168 77529 48691 87174 34362 30122 93696 54622 95520 98583 70102 1198 8559 
37.339
32
2434 27539 83257 81182 64443 37277 46620 21730 33866 79784 30506 17012 22402 89812 12508 28063 56090 34208 29562 61599 80769 22655 64773 46986 45125 93858 25379 20240 81294 73266 84934 1188 
17.685
41
77346 63119 94013 89552 96969 80472 47820 42958 42238 40825 36068 34796 34266 32552 22772 20906 18532 18229 14985 12510 12300 8612 6327 5314 1121 63425 83605 64601 99451 53153 76857 88869 34171 28203 27630 26759 13104 11737 6375 382 49240 
47.176
33
86681 79220 70728 67304 60561 56701 45554 44005 39009 3397 425 93796 93742 89424 87910 87688 86274 86179 86025 80432 74372 59203 52476 49564 36156 33460 30136 25051 22803 17925 17231 16498 96524 
15.937
30
98464 89739 91633 80696 91264 94257 84530 94650 96018 93596 73671 72732 71518 71413 70483 70020 62796 59377 49099 46499 41713 35739 30476 29389 28414 25205 8783 5349 318 75858 
13.151
34
93411 63850 82542 93065 48112 38702 34076 29129 11211 4143 3571 76207 74923 64479 61389 92176 62242 77508 76306 62945 71375 59863 80096 52572 50159 46983 46572 33485 28489 19828 19180 18193 14664 58486 
18.91
29
74177 91443 79795 69807 98408 74488 78580 74627 65596 76535 95609 82319 92583 46355 41615 39176 38931 32203 30378 14706 12299 4423 3934 2779 92774 76244 79845 1628 65425 
53.961
39
55514 36051 37879 43307 30749 62727 94353 98921 17302 1548 472 60856 72552 34099 42649 46737 76881 53853 93290 49578 59031 95207 92062 29052 40795 56135 56733 75779 99444 26068 21783 17301 12096 9368 99005 52227 80106 1437 28447 
67.424
32
96917 53583 33504 23831 13043 10468 7162 2420 56156 45043 66025 91331 95258 95582 99362 81258 93014 46843 61947 47813 80745 54175 59282 84543 63330 36397 31491 30933 28323 23096 8428 43973 
29.369
35
60461 34531 55940 72216 35267 26949 32243 61727 47998 81901 70823 78126 57736 87920 66853 73245 29566 74748 35104 72368 62421 43986 72437 80137 81509 98468 61226 61125 59065 29432 21425 14030 4679 3799 24585 
49.135
27
98255 42326 98322 40915 48249 74785 47240 36049 93163 5089 3410 34550 81026 71805 47652 76343 33656 76599 63379 60844 97696 30377 21058 17112 10619 9899 24716 
44.608
41
30455 26862 22130 11965 11683 6673 2444 95831 95301 88924 86732 78719 77084 76513 75692 72229 70848 66187 63696 59979 58937 57617 55376 54461 52996 52250 49385 44889 42209 37480 35677 31864 29477 25739 24423 20663 19735 13112 10521 925 90812 
33.09
39
9911 8679 6040 4917 968 55336 54451 70919 45957 70355 62816 77892 57393 42480 50795 49110 75421 92011 37952 88916 56787 70502 90772 69504 86191 92272 84010 57627 80457 91865 86608 83995 74990 24063 21098 17449 13917 11817 31219 
29.75
33
82943 76717 98654 57835 54173 47390 44046 33921 31432 30044 28854 27460 24420 21512 21357 14543 8454 8451 83875 77210 84006 85580 64740 98479 79344 96901 85229 92505 48735 48582 30309 13108 56216 
18.943
29
84678 65440 92533 89842 76422 86005 73989 44036 38723 26591 19169 16462 14689 8126 3347 95189 81319 72194 97841 95548 76415 55732 47449 39497 29221 21913 17458 15201 60551 
48.15
28
10992 6783 4661 89924 88237 68472 65907 65533 61176 49179 45788 42161 38024 27032 19581 15465 7284 4089 91593 91928 85216 97483 80140 76340 66623 56288 41695 82864 
124.671
28
96553 99638 92301 81236 80248 77811 76555 76121 75514 73886 57808 53511 35599 31536 23926 16187 15160 4718 2005 81539 80484 64940 63842 47268 41539 32639 28020 81797 
34.434
28
47592 42809 41349 39059 33540 3291 2701 2253 96393 88794 98580 82506 93763 77371 76988 72594 62742 59063 56838 54201 53748 52364 46335 46278 45972 43347 26807 76118 
37.091
40
56287 34805 92757 36242 77852 62435 55799 80110 66936 39070 73730 68040 70639 80757 80909 69535 38418 66475 71754 49929 50635 68850 94875 29501 78625 33613 66528 96005 25889 24856 24288 19708 19140 18329 11965 11356 8511 5118 418 29247 
9.365
32
56864 58160 51557 69392 30956 26017 22702 52466 54852 70107 53606 55481 77113 91791 87317 44279 85843 77862 90045 40717 40619 24733 19617 18551 14025 12046 898 91472 35838 29467 2615 42269 
102.461
35
72766 94340 96860 87567 77214 80131 69663 98713 99795 81515 73130 67165 62824 52469 48619 48299 46513 42506 40405 38179 36960 35143 31944 29769 26274 22717 21641 19724 17373 17144 16261 15204 12336 3753 67885 
15.138
35
55754 29939 93005 36637 89564 33061 73534 82858 89981 83955 29606 50953 46341 81394 72284 25854 24714 22069 22017 21411 20532 20520 20328 17985 13364 10584 2110 55976 56356 82414 64267 45174 63091 22579 28386 
38.811
33
95333 35153 34425 79584 83181 90293 82448 81291 84192 93450 91340 84818 66730 58010 53414 48816 46067 44359 43266 41425 39028 29930 27017 26997 26099 25580 21154 17815 17567 13648 10456 6918 69079 
43.033
45
81182 81426 75624 71226 68512 48233 41101 32458 30704 28672 26456 24800 23736 21829 18794 13010 7700 5057 2063 87998 96379 96663 89708 85405 79150 83553 88744 81311 84816 79389 88212 77048 75462 72778 70291 67838 63098 60954 52397 51524 45109 42553 33210 11045 78355 
31.621
29
60443 51027 48107 37734 31960 23433 20788 19228 16604 12746 9234 2680 95185 94818 97637 91753 84644 80076 62806 61416 59240 56926 56356 55846 54968 43571 33040 7105 93811 
75.14
35
82876 96418 54707 63976 99777 49375 73488 98774 50650 89879 60317 91007 85036 49542 46647 45103 43123 41495 41299 34113 30067 24374 22257 18918 17709 16148 4623 3112 83572 88077 65277 86871 39426 11321 45341 
44.553
36
60159 54139 63859 72104 19748 21554 67494 71740 32128 97959 40068 51150 93899 91272 93583 73812 9291 58570 24441 83114 39787 56019 43270 62268 54690 67750 93093 80093 5624 72952 44209 83956 35384 36170 96734 51445 
25.584
34
54470 97456 78339 92618 37596 31477 30879 28911 28243 26343 11921 7967 7898 308 91898 69864 47730 92214 61688 49693 83560 48784 72256 43536 42761 39638 37623 33969 33177 31208 29858 26751 17113 47455 
35.6
33
33260 58899 78911 40742 88944 49900 52882 73817 85705 95933 49371 85110 80283 27920 22519 18108 10617 6283 3133 8 72996 95249 32999 38329 86551 38098 70104 60842 37610 77155 83498 12654 28611 
23.611
31
34467 30812 22034 18649 14217 3455 98977 97126 88976 88795 85641 83848 71557 57117 55363 52997 47610 46573 43437 37894 36753 33980 29636 26668 4721 99544 84008 77586 48485 19966 90815 
38.071
36
82222 78633 95196 96729 91067 56199 44220 31652 23788 13867 12280 11335 11136 10440 7990 7793 7073 3070 948 68193 66317 81498 91083 73328 53001 48544 47597 46716 42166 40788 35740 35017 13361 11797 169 57349 
34.461
30
83500 82787 71539 68165 59884 59851 59752 42092 37183 34967 30644 30541 30459 24413 24062 21633 17168 13848 13219 7765 6491 6390 83639 67614 37969 22515 3709 2187 2020 82870 
54.341
33
98175 68453 65263 63092 49927 49636 43206 40881 34776 34591 25753 14861 13017 7745 6590 3949 99868 93341 87393 88392 84876 93414 93294 78720 76025 74896 74086 70057 60823 56151 25462 14684 81311 
27.212
31
83927 85899 82224 95631 97634 88581 90391 97931 87767 85703 98582 80822 80648 79713 75532 74038 68871 66706 61966 59407 56631 54586 40568 32701 31961 18007 11656 10937 3546 1466 81236 
37.658
36
44390 36690 32975 27750 18300 13644 2578 2186 91906 85817 88491 87169 91747 97229 78175 76970 72187 71689 69759 67924 64015 62508 60240 59721 54021 49381 45682 43769 43542 39915 36993 35836 21696 4407 1002 83849 
17.598
29
70991 65588 59069 57940 53845 33805 33260 26231 25285 22522 20313 17948 8724 6795 3268 88615 87436 87317 81596 78451 78069 74490 57698 57301 47512 46208 44012 33885 96233 
40.013
31
46708 20511 81365 39033 97261 99501 74397 87767 60950 78208 83587 90594 43170 7893 2852 50421 67954 44217 32337 34677 75544 92131 15606 98846 25617 21529 69064 94977 13365 8681 9434 
21.855
41
44684 97311 52933 52346 82329 99345 56291 80641 70322 72730 74810 77677 56859 49280 60994 77584 97386 91664 85474 42373 43655 85361 78813 92201 41835 40882 39246 37328 36470 34197 29958 26587 21073 20801 17648 15405 13589 12476 6632 5463 42288 
14.894
38
63593 60935 56952 51837 47519 46200 44774 39248 37588 37334 35533 33451 25497 24127 20283 18840 13892 5009 2206 1654 97451 96274 88731 86644 85885 85616 84664 82783 80929 76506 76046 70993 70746 69633 36122 34381 13254 95583 
69.839
35
85079 69639 42856 11858 7146 6799 77408 65320 98578 79979 61272 42522 41941 40975 33274 32383 28836 24323 23819 21340 20508 20403 15268 11364 11328 9521 1297 493 66343 57543 43651 24621 19230 9942 47969 
52.722
38
92546 84668 81928 91763 84255 77689 77280 76282 74701 74385 73894 73608 72125 70795 68810 67379 65893 65160 64510 63134 62476 59851 47310 46073 43333 39029 36816 35093 31428 26522 21378 18333 18084 16200 14512 13731 8017 77750 
17.498
34
72457 48397 80033 67892 54781 71739 60303 92153 50692 91840 51762 57713 92662 91584 87758 42768 39747 38961 34042 33716 33072 24376 20659 20497 15808 15784 12321 1322 53212 87291 50575 88749 17048 44551 
42.256
34
53246 97855 68331 69530 74159 76773 62314 78918 56357 65989 55673 99496 67998 63025 61279 65922 95056 49371 47082 45054 41510 37254 36792 34072 32246 26632 25175 22255 19475 17838 7828 7397 2164 52117 
14.864
39
64894 72076 40316 51615 28949 60648 86639 47963 66631 92618 75386 37397 31264 79977 43101 62240 51873 80813 41867 29786 33974 50234 41078 38154 31661 57540 43428 67294 66296 82508 25069 21861 21555 16843 15881 9220 6117 2820 28073 
16.414
38
79385 79533 78880 57087 97889 59994 62397 92799 41901 39771 33227 24359 22093 20261 11334 11296 10897 3004 2178 666 67973 95626 73859 54548 69328 74653 89820 75352 87821 32662 27938 22005 17840 13370 12190 11310 5212 46368 
69.966
34
98620 28100 83959 68542 11472 605 85099 22080 30917 54203 42300 46374 78832 23373 82814 69687 66089 93343 60700 77630 55855 67945 59345 64383 76764 87763 24828 39477 66716 31921 96959 18987 18258 21079 
59.884
31
92738 94650 98091 89674 72785 56493 51411 50048 49115 48510 46386 37010 33520 29804 28185 2956 268 83917 99095 86096 97098 82899 60019 57270 55564 50507 47384 40356 22546 21246 80238 
43.43
37
76712 96208 95026 92472 70793 90305 77795 78528 90889 66292 64955 60730 53099 48935 47778 41308 40423 38953 38902 38606 38033 32992 29183 25037 24733 24117 23344 22692 21503 20236 18939 14864 14212 10040 6403 3074 70135 
10.672
36
24266 12837 95830 82025 77666 75446 69522 68992 60837 59212 48877 44550 40164 35153 32958 32455 30027 30002 22265 20823 20691 17197 10785 98949 87356 92228 85885 85521 63342 59226 57794 39887 31663 27948 5323 83923 
49.189
36
72054 75181 91538 44212 53411 59944 57765 77827 96220 85095 42612 34538 52105 22824 51008 73623 73781 64161 19533 11653 11002 9928 8540 7191 1620 35283 49816 37253 30987 93659 64441 63326 17351 15665 5773 22556 
19.455
26
94823 90550 74389 65740 64789 61509 52357 40681 31547 31043 28417 19038 16168 14064 1490 353 89113 87909 82596 81189 70331 57697 50500 49392 8211 87517 
112.949
30
64266 26084 18918 84339 96835 87883 76049 74462 74310 73723 67956 67616 64987 64622 61551 60046 49516 41327 40952 27293 26191 24372 21387 14971 13537 11360 6605 1052 697 84081 
11.573
30
43539 27901 94251 78622 27874 67082 38175 40193 57269 79758 84152 56180 99231 84574 99641 16211 98281 88697 45897 76021 82476 42921 47129 16458 60594 12564 10409 3071 2966 14976 
35.082
33
53783 39685 51114 94028 94747 97088 44666 74363 59354 97892 90637 69866 68775 39234 86199 81970 38843 68544 33619 31341 29832 26572 25948 23861 23617 18680 14765 10446 5102 4997 2609 2049 34858 
42.664
29
31418 19478 88403 99016 96360 95846 73646 72381 63145 62946 61097 59406 55219 54568 51508 50738 43604 43536 42698 41007 37456 31309 25254 25130 21182 18279 18105 15376 76058 
58.726
32
49502 89793 80500 3902 79775 13487 35943 30180 21187 41156 53365 13335 20874 31246 10955 79188 55848 52471 10585 71179 2284 48790 20933 2741 89022 12958 73051 84456 17114 99505 99134 72329 
7.125
34
82575 81880 81157 80319 74775 63709 63140 56692 51568 51213 51138 44220 35762 29741 22249 18366 17505 15022 5124 96110 95123 94713 90770 88256 82980 73417 67401 66506 59438 43206 28753 15857 12485 99824 
22.45
