23
9519 9361 9492 8036 9440 7441 7389 6877 6398 5474 4444 4317 4160 3977 3615 2757 2550 1516 1282 995 948 266 7825 
4.937
22
5721 4447 9455 7420 4687 5405 5811 9863 7664 7036 3465 8723 6376 2626 1853 1064 128 218 3468 9902 784 2655 
11.007
19
5872 3266 5373 3452 9099 9997 2746 5087 6552 64 1022 502 2633 9485 6868 1363 8411 6894 8910 
0.5
24
9413 8134 3886 3216 1484 9969 8405 7212 7999 8581 6362 6321 6222 6100 5598 5246 4110 3354 3001 2760 2312 2279 1232 6421 
3.173
20
6083 5414 3781 3698 1218 1110 8062 9116 9812 8641 8477 5566 5454 4938 4059 3933 3248 534 33 6818 
13.388
23
7666 6889 6997 8820 9094 8106 6680 9278 7163 7189 5914 5652 5498 5161 4578 3538 3407 2001 1925 1652 520 456 6304 
1.308
24
5725 5701 5418 4886 3126 2906 2165 1841 9271 9112 9542 7277 7069 6299 5690 5651 4460 4203 3857 3802 3046 2887 1465 7326 
4.183
22
2567 8500 4150 8414 1496 22 1062 890 6265 8718 5720 6580 8295 1505 9234 809 7239 7595 9771 4605 5506 4112 
0.509
20
6511 8602 8032 5059 7855 4090 3976 3927 2123 1981 7605 8371 5287 3950 3508 3407 2096 2051 174 4557 
4.658
24
3600 3260 1735 1043 9186 8199 7950 7731 7684 7270 7006 6585 5720 5608 5324 3872 2635 2488 2057 1650 1187 194 102 9745 
7.92
19
6366 2106 1696 257 104 9769 9928 8341 8247 7188 5529 4872 3050 3006 2495 1638 853 781 8816 
7.391
21
209 8785 8130 7370 6567 4784 5047 2417 1659 1379 165 9756 7084 6976 6789 6731 6355 5350 5178 4368 9042 
12.478
22
7759 6723 6844 5503 4011 5546 4337 4920 7883 1414 768 608 2537 2974 8129 7305 4450 8501 5964 5098 667 2023 
5.788
22
2287 5069 7199 7002 5006 3828 2657 5741 7042 2644 8243 5354 7262 2846 9205 7515 2292 8090 4610 7475 739 1992 
3.424
18
8804 7661 6585 6420 3241 2905 1114 8425 5518 5893 6145 9322 3485 3481 3031 2453 1062 3833 
3.321
22
376 78 8129 4450 7939 6757 8422 5952 5360 4085 9242 8190 5457 9259 6085 4007 2937 2903 2448 1450 1220 4079 
7.903
22
7451 8231 5764 5579 8694 6937 6686 7273 8754 9503 7916 6929 7518 8925 5890 5798 4361 3745 3448 3116 776 6046 
8.81
28
9389 9938 8283 9431 4222 4578 9141 6544 6490 5391 4784 5782 4886 7449 6047 7827 3747 3054 2943 2605 2447 2059 1991 1090 484 205 78 4147 
2.447
18
8375 5618 3742 8169 2118 5151 5138 8126 6062 471 7271 2994 7895 6155 5910 2705 4682 9326 
0.527
19
4138 6894 9322 4565 4198 6839 1632 5834 4516 4948 6774 7416 5175 9505 9801 2413 1159 618 2564 
8.693
19
7914 4975 4911 3821 2987 2885 2586 1923 9912 9561 8176 7065 6510 6015 5673 5205 4292 1834 9590 
6.158
22
4113 259 7866 6803 4782 6630 8102 5574 5161 8224 3488 6297 2844 1784 1176 113 3781 8886 4031 1942 454 2850 
5.044
17
6378 4820 8723 5954 4002 4663 5251 8159 8319 1056 4450 1057 3059 4731 3776 7728 6777 
0.878
19
5662 7906 7659 8635 8137 8319 8294 8469 6916 5626 5051 4651 3913 3598 1898 1570 1179 659 7129 
2.163
19
7313 6352 8885 7689 6001 5630 7922 7476 1830 928 661 71 7744 7064 7138 876 779 530 3782 
3.864
23
861 419 7448 8264 6663 7489 8363 9962 9600 8418 8361 7692 7269 8390 6388 4878 4246 3278 2894 828 388 7 6530 
2.034
19
6609 7690 9820 9799 5466 5562 8868 7470 6612 8273 5103 5029 4259 2629 1611 1575 1281 578 5261 
6.026
19
1862 3931 5654 4381 9558 9298 8475 2126 4186 1800 3550 8354 8065 6296 4718 6388 775 435 1145 
4.698
25
8124 8134 5021 4581 4468 3573 1979 8420 9149 8450 9623 8488 7299 7081 5944 5840 5720 4389 3570 3183 3116 2917 1919 1825 7724 
8.375
18
7052 8959 4432 7390 6570 9215 9087 4171 2838 1343 1099 817 715 569 523 264 105 4263 
3.917
20
6585 6217 6809 5161 9259 6471 6142 6953 9012 2517 2468 2207 2011 1952 1852 1825 1551 1077 748 3192 
1.01
24
5333 5181 7224 4367 5503 7274 4969 8930 2257 491 277 3150 6425 9039 2625 5959 4575 7392 4605 1832 1056 532 25 2575 
2.715
22
3994 6085 8388 6733 4743 4570 9032 7019 6084 5935 7193 8998 9659 7003 6352 2897 1376 1230 977 300 83 3733 
0.756
28
9011 8268 9914 8051 6374 6330 6319 5782 5539 5482 5439 4902 4834 4778 4450 4042 3862 3263 3189 3068 2998 2900 2352 1476 619 351 238 7525 
4.064
23
9688 9431 9518 8797 8787 8660 8408 7694 6925 6499 6225 5874 5123 5062 4885 4474 4080 3134 2307 2222 672 627 9328 
5.62
22
3621 9686 3687 9212 8162 4744 6837 1468 1040 3986 7191 4489 4704 7558 5248 3115 3045 2636 2171 2157 405 3132 
3.936
25
5593 2936 2822 6708 8303 7277 4864 5191 9905 5312 6448 5363 5888 5264 4568 1797 1644 1549 1253 1014 756 146 44 40 2297 
1.37
21
2800 2100 8249 4584 7898 3194 4862 3978 6459 867 299 204 6646 2079 7850 4348 3738 6684 1631 761 5033 
0.834
21
8238 3238 1326 832 9808 8894 9476 6762 7558 6030 5951 5844 4447 3913 3773 2396 2274 923 58 12 6353 
6.728
23
5577 5747 3834 6144 4761 8638 9392 5440 4247 4098 6135 4812 4436 2467 8045 7489 7898 8240 2190 1904 1059 901 2447 
4.077
23
8927 9452 7716 7241 6996 6110 5669 4947 4664 3942 3720 3344 3069 2975 2865 2843 2258 2070 1458 972 233 85 8116 
3.708
23
348 9548 9012 8688 8694 9494 9973 6374 5983 5650 5504 4868 4392 4159 3787 3576 3511 3478 3379 3262 3227 2536 7538 
4.688
22
2363 2032 1639 8016 7671 6302 5122 6107 5359 7429 5291 4491 4444 4365 4015 3996 2997 2882 2425 1305 515 4497 
1.389
22
9444 9541 7563 8829 7246 6820 6251 6024 5925 5768 5446 4930 4914 4418 4217 3152 2843 1527 903 660 311 7224 
1.366
24
7277 2668 9779 9749 9172 8963 8648 8222 8150 7639 6989 6905 5762 4726 3959 3838 3279 3207 1623 1575 1456 1357 1248 9004 
3.052
22
2092 474 7195 9263 7531 4125 7359 5347 8761 8590 5589 8811 9157 4713 3696 2858 2814 2364 1778 1668 933 3759 
2.816
20
4469 4825 8044 6530 9877 9299 2649 6938 1554 3393 7472 5579 9695 8975 1839 4926 3214 1084 589 1098 
3.094
24
1212 8847 8954 9508 8796 8761 8026 7928 7432 6941 6318 5656 4683 4609 4357 3854 3042 1968 1562 1358 1351 620 55 8599 
10.061
21
9034 8609 7968 4550 4849 9307 6715 5881 2843 2750 821 7148 8111 9304 3176 3349 2068 1481 1323 951 2943 
6.668
21
8214 7779 9523 8371 8563 5912 5398 5326 4762 4402 4100 4094 3862 3522 3332 3023 2826 2417 1220 1186 6596 
7.579
20
699 7156 6568 4836 4329 2519 2108 356 7879 7470 6298 6108 5845 4765 4609 2641 1706 1186 585 9109 
13.396
17
8645 7692 4902 6855 4104 7565 7895 4409 3773 3650 2403 2198 1956 1692 820 259 4092 
2.909
19
5860 3476 3331 1499 7129 8591 6085 2799 9189 5948 9132 4843 3548 3180 7254 6175 289 5 163 
12.451
19
8103 7122 4885 9123 6699 6109 9752 8201 9402 7938 9975 8482 4144 3973 3880 3312 1623 1545 4704 
4.997
22
4846 1427 5153 5998 7462 5671 8437 9997 9452 7085 8159 6285 5209 3759 3204 3151 3150 2925 1926 745 263 4792 
2.535
17
5273 2922 9925 9673 8966 8322 8093 8063 7589 7253 6239 2874 2429 2221 2028 903 9727 
3.002
20
265 5437 7692 4384 420 287 9314 3042 7840 4053 4710 6805 6546 3075 2634 3421 9411 7350 4132 4211 
0.845
16
8288 7992 7439 6458 6004 5992 4831 4159 3158 3115 3016 2768 2722 1987 1941 8369 
2.357
22
5154 8174 9476 6985 5818 8744 8578 5784 4141 3566 2901 2587 2312 1810 1074 5220 5291 7371 4335 3266 357 4647 
14.447
17
9588 5737 2967 8182 7936 9813 7857 6991 6661 6273 5736 2998 2750 427 54 37 7298 
4.746
25
6815 6685 5813 3353 9679 5528 9228 6396 2607 8412 9930 9560 6116 8538 5171 5547 4818 1688 5647 4899 5044 8202 4174 1008 2437 
4.211
21
5759 6995 3351 1656 1536 7836 7606 8492 9552 4624 5899 6720 6830 4085 2125 1881 1618 761 732 708 2432 
3.102
21
3150 9593 4116 7249 2674 3140 6821 9869 7624 3952 5417 2207 9366 5878 9591 2662 1522 825 611 446 1648 
1.848
25
5996 4944 3162 2775 2465 1877 1835 1136 1103 9412 9724 9102 7739 7541 5908 5704 5088 3803 3487 3070 2794 2176 1489 878 8168 
3.797
22
2993 2050 1762 497 8430 8092 5029 5286 5500 5860 9241 8632 7564 4999 9396 6224 7654 2150 2013 1836 582 4228 
3.872
20
8156 7121 8319 4521 8410 9089 9781 5898 7386 3794 3070 2854 2495 1523 1313 1178 932 807 264 4024 
5.917
18
5583 1972 8422 8165 4510 7685 2593 6134 7256 9746 3202 19 4779 9154 6759 7411 1074 1317 
12.372
21
9421 4462 795 6206 5629 6385 6104 2973 9927 8668 2334 5917 8209 5689 8347 9151 7039 6116 4822 804 1712 
4.265
25
9653 7543 5855 5024 3782 3128 2923 2721 1301 89 7472 7453 6656 6165 5314 5072 4688 3762 3286 2921 2697 2650 540 168 6942 
13.489
19
7066 6973 5506 7722 7058 9495 5634 9850 4862 4623 3791 3075 2671 2062 1534 996 939 937 5283 
1.445
25
8641 2409 1649 5596 2253 5798 7835 6814 9680 2824 5577 7254 5348 8517 7396 9180 7391 4134 4041 2946 5651 6334 1698 103 185 
9.144
20
8800 6470 5918 8491 4772 1327 6598 8755 7166 6171 3896 3032 2611 2167 1889 1818 721 670 432 4846 
5.94
20
7433 4847 6401 4626 6778 9563 4287 9620 4191 5233 5846 4335 4118 7061 3411 2590 2042 1333 1027 3601 
2.335
25
3931 2285 3615 8667 8442 3675 895 7064 1144 8074 2099 2602 1121 7498 9761 1998 2788 2154 9072 1099 577 201 116 5 606 
5.922
19
7327 8498 6324 6371 6067 8381 7658 4799 3622 3427 3311 3182 3117 3041 2443 2104 1597 491 5930 
3.658
20
405 5869 5993 5 4230 3439 4738 66 5093 2228 1156 2166 3274 3831 4212 5020 2003 3597 3338 7622 
0.529
20
9463 7795 7020 8728 9454 9836 6817 8117 9851 5792 5178 4106 3532 3185 2947 1902 851 734 699 6353 
4.723
24
6499 8713 4971 5150 5642 3804 2468 2045 1772 1339 1275 584 6029 5430 9838 6171 5850 7063 4676 6181 3254 2900 274 3865 
4.141
22
9446 8580 8917 5946 7069 7989 7235 6244 9202 9971 5365 5191 4422 3791 3688 3595 3406 3083 1591 556 145 5666 
5.385
25
9941 9451 9490 8632 9593 9477 6972 6369 5888 5820 3882 3713 3589 3552 3316 3141 2867 2265 2232 1739 1084 795 566 60 7183 
4.104
22
9998 7649 7043 9553 8427 8167 7403 9526 5424 4635 4526 4100 3203 2804 2470 2246 2065 1649 1269 1151 367 6265 
4.163
23
4433 3226 2785 2495 1395 1159 894 9926 8771 9977 9946 9069 8308 7489 7311 6435 4966 4329 2854 1510 840 164 7537 
13.941
21
3054 9747 5412 4557 9902 9496 5658 7719 4343 1615 7421 1001 650 5248 5902 6826 3590 4312 767 684 1597 
5.602
28
6450 883 9090 9024 8312 7652 7173 6765 6105 6061 5880 5508 5504 4387 4314 4150 4005 3576 3506 2970 2558 2484 2076 2014 1337 377 200 9358 
3.144
18
7626 2794 1801 1578 182 4792 3082 7788 5630 9247 9773 6223 9212 5353 2274 1591 1413 2995 
3.684
23
7947 6997 4396 3408 2138 1872 9253 8359 8066 8033 7980 7803 6848 6844 6477 6263 6072 6010 3856 2362 1246 1187 8296 
3.759
21
9200 5294 7695 4048 6534 6467 7539 7637 6451 7531 8629 8058 8790 9393 3429 2531 2348 1708 1520 1357 3807 
6.773
21
8602 7696 5468 5175 9426 7014 6766 5006 2946 2489 1961 1542 363 6070 6051 9354 4946 3171 2321 1257 3447 
3.777
24
3864 2942 9107 8050 2202 1368 635 530 411 4659 5213 3467 3012 5891 4619 3910 4472 3935 9406 9949 7984 2283 274 2870 
5.213
21
4749 5132 5573 5140 3970 347 7700 4139 4507 9508 4054 1360 8356 2201 9663 3063 6447 7989 5130 1233 1284 
7.476
24
8259 7003 1704 1387 7820 7903 6170 7268 5059 4343 8239 4071 4357 9513 8702 5610 5725 3939 2751 2181 1978 1806 1681 4028 
6.027
20
3730 2999 2322 2110 1548 1382 616 548 138 9647 8171 8091 8063 7694 7408 6346 2377 296 116 9909 
5.483
22
472 4149 3017 2152 330 3005 411 3103 606 5779 7487 1447 4909 8116 8743 4931 9811 8235 8090 9958 3219 6309 
1.619
23
2949 9184 4259 6651 5476 2866 3303 6219 3759 7771 7727 6189 3100 9147 2193 1074 970 685 444 393 169 33 2687 
0.81
21
8492 8919 9543 8781 9471 9465 9304 9179 8588 8108 7057 6724 6525 5146 4355 3795 3534 2857 2654 2081 8384 
0.932
19
8101 9317 9386 9575 4006 3250 2593 2481 2210 9283 9541 9350 8237 8060 7382 6022 1681 712 6799 
18.28
20
9667 9010 9291 8089 7729 6254 6113 9591 8498 9682 8485 7751 7132 6378 5988 5352 5103 4045 3802 7866 
2.815
22
2844 2123 6801 4128 1926 9746 826 5522 7494 5726 4193 9088 2786 7487 3231 6639 4216 5674 8328 3200 35 274 
4.51
17
9670 7647 9080 9912 5013 1973 1581 6900 5200 5123 4730 4493 4338 3399 1788 441 6977 
6.279
20
5069 3136 9225 7896 7020 4425 4601 9479 4286 4976 7690 7623 3374 4670 1854 1269 1248 1023 589 2827 
0.789
