10
36 32 16 21 39 19 97 68 12 17 
0.172
8
56 29 14 52 7 42 8 95 
0.01
8
90 79 17 16 84 49 2 15 
0.026
9
73 96 88 71 20 13 6 5 62 
0.03
7
62 29 24 87 16 5 65 
0.01
9
58 93 41 96 60 15 8 5 17 
0.046
9
94 41 67 57 51 22 27 13 15 
0.167
10
33 88 90 93 16 57 42 79 94 85 
0.01
8
75 65 84 76 17 36 79 63 
0.011
9
98 85 84 91 75 64 28 26 81 
0.082
8
97 82 69 95 40 30 24 56 
0.043
9
76 63 88 70 52 42 18 15 43 
0.031
10
73 35 65 53 68 24 12 10 5 16 
0.115
9
64 94 54 81 70 84 8 2 11 
0.189
8
58 57 95 62 33 29 11 53 
0.056
9
83 93 4 59 29 47 20 45 23 
0.011
7
91 45 61 88 17 36 53 
0.01
7
94 20 74 2 76 69 13 
0.011
8
55 78 79 74 60 23 16 35 
0.131
8
78 91 93 45 36 24 21 51 
0.109
9
45 62 32 77 96 5 3 1 20 
0.031
7
77 67 83 79 75 13 15 
0.125
9
68 55 49 41 72 71 23 4 16 
0.051
8
75 84 71 64 42 18 6 62 
0.092
8
74 64 32 29 24 18 3 46 
0.026
8
55 80 91 61 36 17 7 18 
0.096
8
35 75 88 49 39 11 10 25 
0.083
12
79 34 94 61 88 73 48 58 53 9 8 20 
0.09
9
86 57 42 26 21 14 13 11 80 
0.03
10
84 77 62 75 43 38 19 16 10 36 
0.061
9
80 66 56 97 37 26 77 7 8 
0.128
10
38 69 54 77 42 34 19 7 2 35 
0.094
8
4 88 21 63 43 34 84 64 
0.024
10
84 83 82 70 65 54 42 21 20 95 
0.096
9
95 84 41 37 11 8 5 4 92 
0.03
6
93 62 40 19 8 53 
0.105
10
33 68 79 96 20 75 4 74 67 85 
0.011
7
54 56 66 33 24 22 28 
0.029
7
91 82 56 36 18 17 60 
0.108
10
97 73 82 52 50 21 19 13 9 72 
0.164
10
84 58 79 74 82 50 42 23 18 56 
0.083
10
17 94 93 74 65 81 78 26 7 15 
0.179
8
74 54 86 47 99 76 7 11 
0.163
8
78 87 70 57 56 42 18 74 
0.118
7
79 69 66 46 40 33 90 
0.071
14
49 46 33 65 47 93 67 69 21 15 14 12 9 23 
0.081
9
25 76 52 58 56 18 86 42 68 
0.009
8
0 74 82 21 12 43 50 24 
0.01
7
91 56 76 72 50 35 54 
0.11
7
87 59 97 71 37 0 54 
0.106
11
2 55 56 10 23 51 24 85 95 77 36 
0.01
7
56 25 17 66 18 34 59 
0.01
10
75 56 83 48 42 41 31 29 19 52 
0.154
7
16 57 52 31 25 4 88 
0.063
12
84 82 29 4 89 35 68 30 50 17 3 26 
0.314
8
19 82 73 60 50 37 16 72 
0.119
7
17 53 65 59 88 22 18 
0.009
7
87 20 90 83 19 29 11 
0.009
7
99 53 70 34 20 3 30 
0.095
8
83 82 88 57 41 23 12 51 
0.075
10
89 60 21 49 58 14 46 51 42 98 
0.009
8
60 76 37 53 8 93 28 57 
0.011
10
63 30 57 82 45 69 53 13 9 19 
0.147
8
20 0 38 10 59 58 93 56 
0.011
8
75 90 76 54 49 43 4 73 
0.038
8
62 21 91 22 42 75 8 17 
0.095
10
51 50 71 95 67 93 53 57 74 38 
0.057
10
71 98 69 54 39 87 63 30 21 32 
0.1
8
77 52 78 85 50 92 5 47 
0.113
11
78 92 62 27 49 24 84 85 80 1 18 
0.295
7
57 60 75 39 19 12 38 
0.046
11
93 79 56 55 49 38 31 25 14 7 94 
0.136
7
47 89 61 59 68 10 41 
0.113
10
90 73 53 70 74 93 68 47 1 25 
0.215
8
27 32 93 34 98 83 0 6 
0.047
9
99 81 39 94 37 62 16 1 20 
0.043
8
79 78 86 99 28 21 3 56 
0.035
7
86 57 42 37 27 22 38 
0.085
7
86 51 35 88 61 12 14 
0.022
9
97 86 61 56 49 24 19 9 64 
0.159
8
48 47 25 34 91 11 4 23 
0.141
12
70 14 72 65 55 43 15 79 48 8 6 13 
0.057
10
87 64 62 56 39 35 21 8 2 69 
0.038
7
81 73 68 53 45 24 39 
0.126
9
82 93 89 68 52 47 38 11 71 
0.307
9
61 49 26 99 45 31 1 0 15 
0.148
10
85 0 38 76 84 29 3 71 77 67 
0.011
7
5 96 43 92 4 75 31 
0.01
8
95 48 16 15 11 8 6 52 
0.051
9
65 58 47 86 79 35 24 22 40 
0.038
8
17 72 34 20 55 33 15 11 
0.01
7
87 84 78 76 35 5 42 
0.094
6
2 56 88 87 90 57 
0.009
7
38 73 91 70 27 10 43 
0.095
7
91 7 4 28 3 26 44 
0.01
11
85 64 89 76 49 47 38 20 14 7 57 
0.066
10
53 76 92 55 49 22 91 85 10 19 
0.037
6
60 40 41 84 16 29 
0.036
7
93 55 52 36 25 24 79 
0.061
8
82 78 61 36 27 18 15 81 
0.159
