19
12869 12089 9751 9586 8640 8036 7998 6075 5599 4879 4849 4099 3952 2995 1961 1690 1117 1094 12100 
5.067
23
9872 13208 1508 905 143 10402 12545 12321 7468 7443 7316 7211 6831 6183 5363 5036 4211 3840 3567 2146 1791 691 8255 
6.211
24
12512 9794 9995 10870 10406 12505 9061 12373 8869 8994 8148 7398 7229 4801 4131 3810 3651 2795 2411 2230 2091 2060 1556 8458 
1.052
24
1988 10180 9697 10488 10507 9307 8513 7717 6915 5536 5523 3574 838 762 289 12225 10096 10470 8846 8709 8328 6471 3525 9026 
14.872
16
7844 8776 5013 4606 4559 4551 4236 2268 2256 12944 7340 10288 4686 2402 1827 5738 
3.84
26
3484 7225 6501 1695 739 7143 11549 1237 13091 9555 12048 9647 8726 1575 2415 2748 2355 1784 3593 4511 11058 2370 1906 10579 11282 623 
1.491
24
12405 11126 10194 12244 13283 10574 13004 9818 9700 9422 7632 7501 7378 6982 5170 4105 2368 2144 2023 1911 1812 927 814 10058 
5.547
25
11200 3079 7823 10108 1258 5715 3702 7802 6809 6994 4708 9974 7700 8680 9729 12858 3075 9473 9261 1299 12496 7192 626 321 1076 
4.553
24
13019 3918 1209 6436 10956 13020 8383 6440 1606 1780 5309 7845 1442 4769 3477 9656 2161 4094 1425 7095 764 173 129 937 
2.418
19
12006 7806 6728 6478 6219 6124 4655 2740 11768 11414 11405 11093 10397 10303 6877 5320 3474 2608 11731 
5.557
24
13118 12541 9722 8938 11645 9412 11864 8524 6964 6593 5977 5794 5672 5381 5097 5051 3793 3510 2413 2030 1388 1229 1184 8918 
4.914
29
8618 5789 11573 11731 5729 7117 10828 8961 8810 7608 7825 2876 10621 11168 10180 8871 11167 8510 9310 7605 5742 6478 5667 2457 1340 1084 342 329 3345 
4.663
24
938 2479 9011 4876 7110 12190 11792 388 11824 10863 913 5623 4780 13092 3394 8718 1513 12459 6282 11033 11034 5848 4575 7135 
0.689
28
9136 6014 10344 10160 8210 12382 11997 12384 5813 7950 11376 6369 8611 10944 10930 8034 11527 6311 6266 4418 3270 2949 2824 1814 1775 1420 758 5070 
4.434
19
10991 10047 12202 11235 6766 5269 4704 3128 1386 10691 13011 10248 6010 4378 4252 3464 2753 1058 7454 
6.233
22
11003 12245 9628 6043 11565 11567 10183 9609 9220 8522 8338 6911 6874 6214 5036 4316 4265 4144 3443 3225 1878 9783 
13.297
24
11255 13097 11974 9017 8472 7197 6558 6162 6003 4381 4000 2512 680 636 414 11821 12299 8454 5990 4698 4242 3500 1037 9001 
9.639
19
12738 12192 10778 9470 9173 6170 5399 5211 4922 2785 12394 12089 12042 6987 4090 2753 1868 741 12137 
23.258
22
4449 2718 1529 1407 12439 12764 13266 12138 9521 8996 8863 8500 8475 8411 7857 7291 4271 2961 1774 598 322 11190 
4.129
21
12656 12536 11338 11107 10776 10268 10175 9248 8113 7378 6835 6078 5863 3595 3268 2960 2945 2925 1976 1095 12178 
2.603
22
12659 12473 10458 10259 9613 9437 8961 8376 7415 7197 7136 6793 6489 4264 3929 2920 2805 2758 2170 301 118 11953 
1.624
21
1387 6361 1502 938 6693 8136 7935 8514 2380 7584 2968 10788 7758 7792 2138 5692 7218 7273 13156 222 882 
4.112
20
13161 12905 12751 12274 9003 8633 8615 8511 8238 7009 6257 5263 5153 2257 2044 1477 1061 805 745 12989 
6.584
20
6326 12446 6157 13029 7584 10684 7735 10764 9544 4347 4301 3957 3610 3159 2305 1871 1812 670 98 4557 
5.877
19
10071 9635 6399 5008 4542 2688 12630 11062 12524 11479 10974 9695 8709 7886 4859 2792 2368 1564 10971 
17.311
22
1771 396 12946 11713 11236 10865 9160 9157 9100 8059 7373 7155 6990 6629 5548 5418 3263 3241 2287 511 361 13187 
4.606
23
4889 8445 6278 1901 656 188 8057 8942 8582 10404 6282 7827 10093 4918 4743 5783 13064 13114 2577 1480 1199 366 2109 
4.537
24
1209 11827 11778 12299 11459 13051 10824 10597 9927 9821 7945 7354 5782 4277 4157 3950 2715 2048 1977 1822 1620 924 130 11042 
5.067
25
10569 9996 13115 13039 12652 8982 11645 8636 9089 13155 7677 7397 6898 6706 6530 6266 5735 5647 5241 5143 4128 3737 3387 3189 8097 
5.565
23
6926 5171 3765 3552 2421 2364 1892 235 12846 11142 13038 10650 10599 10009 8443 8378 8364 8363 7551 5955 3770 99 10922 
5.886
21
7014 8977 7943 6359 13143 8428 8969 11627 8528 7939 7408 10200 12220 8036 4366 3667 3124 758 674 174 5323 
6.733
20
8770 11919 5137 4170 3555 850 7812 12521 8728 8503 12071 11343 7813 7117 10594 7921 10813 11942 1537 5804 
8.751
25
11301 4199 8686 13226 8914 11284 11660 8139 11440 12137 11871 10455 7614 6654 6497 6373 5583 5504 4820 4780 4110 2079 1180 1031 7923 
4.62
27
11776 10374 9666 9243 8413 7919 6174 5903 5901 5895 4255 3132 3037 1578 169 12716 11249 10908 10342 9384 9182 9149 8303 8244 7488 5818 11342 
23.198
21
10230 5868 9108 6407 12708 12668 12066 9990 11349 7038 13150 10017 3320 2583 2490 2012 1793 605 572 6 3488 
6.706
22
12270 11903 12785 12697 12638 12095 11807 10671 10183 10095 8920 8514 7483 6538 6191 5400 4206 3896 3475 2410 57 10882 
2.583
25
13091 12415 12792 11171 11167 10557 9695 9629 9464 8125 8070 6775 6505 5563 4853 4656 3770 3532 3399 2046 1463 1048 666 157 11973 
3.938
19
8358 10008 6197 9933 12106 7959 7157 11125 11437 5785 7043 4163 4052 3608 2507 1987 1357 515 5053 
3.58
21
9024 5774 4611 5242 10906 4910 3756 12185 10124 6974 6072 6030 5925 846 7451 9891 7853 10068 2360 2264 2638 
5.165
20
10397 4992 1271 13070 13025 10186 9050 11997 5415 4366 2434 9279 8769 1260 12549 8212 11554 1257 5610 7086 
0.675
26
2388 521 12600 12462 13053 11762 11718 11581 10592 9295 8736 8281 7985 7497 7356 7322 5440 3596 3477 2460 2015 1479 1124 735 382 12110 
19.871
23
286 8589 12270 12626 9159 8745 8788 11636 10434 10860 6738 6397 5694 5382 5073 4583 4031 3312 3289 3218 1114 1076 7014 
6.538
22
6175 11378 6527 4542 11656 6335 10953 7985 10969 7224 10588 73 11309 1628 5393 12363 8876 8837 6499 13039 166 438 
6.915
21
8200 6540 10533 5107 7224 1853 1599 1416 1161 4475 11215 12186 12413 5560 5141 9203 1746 1419 1000 45 1970 
8.691
27
13203 13157 12426 12405 11904 11159 11126 10874 10806 10370 10073 9075 9004 7462 7068 5934 5719 5465 4117 3453 2810 2734 2722 1914 1428 1377 12713 
1.568
25
4003 8490 4259 11232 2744 12770 7176 7699 2639 12127 7387 10496 12538 11042 10365 12067 13109 12700 11160 2058 1975 1344 1310 1219 2034 
3.93
25
5559 3605 12927 12833 7801 7295 12092 9043 12916 7115 6187 5338 4075 6762 3836 8485 7969 4988 9253 12382 2918 2713 2590 1788 3483 
2.699
24
7625 6190 6115 5969 5388 4641 4114 3923 3563 3307 2517 1884 13027 12419 12323 12654 7941 7087 6040 4714 3897 2855 79 10212 
1.997
27
12452 9766 10516 11911 11859 1464 1416 1231 7947 12189 2102 10226 13189 3888 3482 10889 4908 6161 5772 10286 2738 12235 11337 8303 1701 409 2028 
4.137
22
12014 7687 12666 4584 13254 7397 11048 3565 3267 2693 2128 851 600 8001 12242 4652 7901 10483 2353 2343 1078 4420 
8.333
19
4846 2167 1994 11845 12881 10170 10010 8556 7713 7391 7022 6567 5596 4140 3641 2243 1626 1363 11202 
2.377
21
8844 7720 9526 7422 9712 10760 12159 8569 11613 11854 8062 4049 2758 2718 2693 2188 1815 1337 1093 770 5433 
2.707
22
2603 10227 8257 3699 6004 6319 11836 6215 1636 1022 262 8132 12374 11738 12781 1498 11444 9934 943 378 219 1192 
21.099
19
6666 9027 7951 7879 6660 10652 13075 7756 5445 4784 4012 3738 3477 3107 2606 2270 1094 889 5630 
6.628
27
6178 4598 4427 2391 2379 1930 1727 1632 313 10724 12183 11176 12410 11287 11752 10395 9574 9183 11206 7829 7540 6062 4891 3044 2287 806 8275 
11.223
20
5031 3543 312 2094 8664 6528 10967 10285 2362 8070 9639 6457 12565 9045 11887 10560 13182 12244 1191 1734 
15.269
21
3289 5519 3401 6866 5736 2816 7775 6171 10576 5394 3043 6569 2058 2020 9059 8691 9873 9436 8490 394 2809 
8.416
23
10495 9706 9200 4284 4222 2369 2358 1228 13270 12610 12461 12096 12057 9128 5745 3620 3525 2695 2624 1946 406 344 12872 
2.249
20
10774 11463 11108 8029 8556 12967 8565 12610 2145 8256 5296 4512 6819 8237 11050 3892 2944 1480 1377 4478 
13.377
29
1810 3082 5973 3985 3951 11268 2622 2473 3521 5250 8799 7583 2099 3671 6198 10658 2911 6171 5006 9862 13078 7172 12011 12219 4597 11960 747 331 1166 
1.971
19
12646 12825 9817 9792 7870 6898 385 12212 11237 10129 9651 7318 7314 7052 6331 2408 2171 483 10307 
7.153
21
7692 8955 5733 8764 3402 10590 10315 4630 6049 11537 11068 5977 5843 12342 11815 3662 2817 1914 962 639 3724 
4.063
22
7636 3532 2091 404 12187 6330 11440 12183 5262 7698 11485 13004 6674 6682 9565 3707 3671 3610 1943 1731 918 3876 
15.48
23
8884 3931 3058 2885 1717 12283 12893 12896 11980 13016 12635 10624 10578 10167 9526 8896 2966 1623 1406 985 694 161 11865 
3.475
21
5333 9499 13092 10217 2392 6225 6617 8978 11626 11143 11959 6599 4058 3352 3203 3123 3116 1844 337 166 4217 
13.242
28
6403 12106 13069 7092 7492 8403 11383 5950 7983 6710 11585 12088 10133 7320 6344 13028 12670 12422 9706 5023 3914 2890 2555 2018 1361 1037 90 5530 
2.751
20
7937 13067 12698 8723 12703 10218 11239 6292 3573 3272 1985 1140 646 11005 12510 12996 3939 2429 327 7757 
39.092
21
12086 9658 8454 7751 4619 3575 2855 1981 652 10858 11513 13000 12007 12522 9493 7857 6974 3306 2687 1470 10586 
5.446
29
6725 6720 4012 3601 2581 2399 1783 1376 203 12269 12106 10757 12549 9786 12567 9261 10496 11480 11903 8234 7947 7186 7067 6035 5755 5636 4505 124 9112 
8.018
21
5935 2989 7122 7095 2140 2379 8399 10472 3954 2940 4112 6864 5464 4836 3208 2994 7767 4175 3457 1154 2109 
19.764
17
11734 12073 3876 2952 1549 1186 558 9666 9288 9239 6120 5385 4558 3667 1697 206 11014 
10.852
20
12830 10856 10379 10267 7847 7069 5854 4958 4681 4596 3372 2210 371 151 13236 7842 7398 6465 4598 11337 
14.8
24
11251 10981 12084 10551 12037 10926 9983 8301 8169 7947 7631 7396 6392 6087 6025 5637 5347 3788 3747 2930 2181 2105 171 10516 
11.945
21
12505 12144 10558 8863 7764 7056 6417 6344 4943 3755 2208 979 13028 11157 9651 6665 3140 3003 1748 592 12727 
17.232
26
5331 3714 12257 8106 5991 6785 6906 11815 4560 2335 1586 1311 823 640 404 270 247 8813 4933 13086 2507 2041 1497 141 35 2671 
6.552
26
12656 12236 11807 11012 10157 10007 9665 9612 8074 8058 7939 6812 6775 6711 6579 5635 5554 4875 4271 2733 2019 1307 854 562 395 11861 
5.525
19
10663 1647 2383 8880 3865 4337 4309 2600 12610 4083 5681 7926 1768 5537 10297 13079 2512 835 1188 
1.929
23
13027 12481 11473 10659 10607 9041 8971 8772 7089 5468 5396 4194 4192 4132 3892 3299 2679 2035 1611 871 336 169 11631 
1.067
21
12044 6542 8492 6088 10892 9375 7226 11243 11586 4670 4588 7277 6544 8816 5680 1271 1027 6297 1950 398 3960 
8.576
33
12359 13078 12461 10114 11444 10232 12967 12560 9781 9668 9625 8605 8546 8518 8316 8075 6509 6408 6138 5014 4289 4116 4089 3971 3697 2877 2693 1801 1395 1057 737 685 9914 
2.009
21
9877 8108 6654 7771 12840 4202 4190 3869 2682 2449 1160 6459 10320 9127 10820 12850 8086 9559 4516 440 4910 
2.884
23
10492 10399 9544 9541 9448 9417 9114 8998 8010 8000 7258 7136 5952 5813 5413 5033 3238 2721 2219 430 404 230 10442 
4.78
22
11725 11664 7452 11729 11388 4340 4497 5947 4969 6987 9484 13076 3065 2158 1914 1787 1661 1419 847 824 212 3308 
2.023
27
4608 4225 4102 3752 2984 9275 9876 12509 9445 10364 9302 9168 10982 8184 8113 7698 6561 6352 6122 6044 5101 3664 3662 2413 396 58 8434 
7.175
25
10537 11919 8482 12946 9936 13199 10412 8650 10009 8769 11829 13001 11640 8064 7426 6986 6737 5933 5606 4320 3768 3059 2762 560 8091 
7.107
24
12455 12322 11445 11427 11416 11108 10917 8679 8599 8177 7560 6045 5301 3511 2367 1781 1486 1166 964 834 826 520 409 13097 
3.091
30
3920 12518 12629 10083 10424 4319 4026 9948 13175 8630 8496 3778 13062 9996 7069 5259 5657 4209 6425 12189 8716 13092 11402 10628 3107 2561 2333 1702 825 3621 
3.73
18
10628 12469 5230 8958 7608 7218 12391 4272 5853 6180 3933 10386 4187 5239 3752 1700 113 1860 
7.886
21
12121 12363 11543 11300 9733 8961 8839 8776 8673 8474 6251 5027 4243 3837 3561 2986 2152 1314 776 193 10495 
2.781
20
13212 11180 12371 11053 7764 7763 3861 1588 490 403 377 8360 8668 7733 5598 4160 3671 500 331 6969 
7.486
18
9324 4508 2199 1934 5906 4701 11669 10264 131 10849 160 10719 10435 3988 2042 12187 2894 9040 
0.692
25
11296 13237 9288 12826 9929 12128 8155 7821 7672 6536 6027 5644 5392 5107 5090 4400 3367 1775 1464 1179 973 674 402 398 8278 
1.067
20
7610 4737 4224 4176 2870 2368 2347 337 13163 12633 11277 10310 7209 5477 2793 2404 1982 785 141 13043 
13.781
20
2720 10795 1840 13157 9365 4903 3090 10769 12565 3355 11435 2444 2187 9169 1540 4655 5466 13046 943 1218 
0.693
19
6259 7457 10258 7561 10349 5775 8875 5277 9169 264 9613 4593 5561 5738 13008 3298 2390 1448 3409 
15.182
31
9764 8880 10826 8160 3339 1807 1039 8341 10033 8149 5572 10361 7704 1913 11555 2183 6562 5886 9832 1777 3877 7873 9145 12589 5092 10426 8272 6752 3173 5780 12215 
0.674
24
13022 6160 3649 4193 5968 3125 2671 4202 5297 8838 6574 6231 7533 1538 7567 9421 7891 7699 1671 13001 7709 1038 787 1372 
7.438
28
12752 12723 11771 11534 11374 10974 10156 9999 9504 9196 8426 8287 8233 7925 7343 6933 5762 5515 5169 4917 4496 4453 3910 3749 3467 2975 412 12383 
1.299
19
13253 12630 12672 11584 8977 8039 6487 6130 5469 5310 5137 4146 3672 3418 3351 2559 1495 1470 12195 
2.365
21
9033 4365 6907 3289 9737 6923 6586 11298 4999 11590 7328 12631 3836 9504 7918 13257 5693 10526 1711 768 2416 
3.696
