28
56775 82079 81626 60172 54405 24479 13627 1187 131316 64942 85950 80861 117903 45776 65873 71536 102450 77303 115637 48103 108127 110692 122555 21773 21702 17729 17497 30924 
64.788
38
95390 132428 87993 92665 126278 123012 94918 105691 88379 99021 103001 94390 62968 62221 59037 58029 57568 56861 49112 45275 27521 25961 12973 12714 2195 622 80629 91945 114254 90763 51116 46230 43209 35738 24559 24404 109 74418 
49.103
30
82051 73875 89651 82672 64655 40816 21588 18323 10670 7703 7701 75062 89832 113324 71790 128236 101171 89074 76199 91284 64341 63987 61869 61681 59400 51469 37125 6608 6577 68691 
95.822
38
120297 70098 60963 92208 87887 89391 115765 63768 76926 57518 99666 49166 67761 69203 132677 66455 68901 58467 54577 126162 84038 77577 70910 117885 114696 122679 31443 30535 21110 17687 14552 126660 36296 75075 31331 23442 3671 34803 
35.112
36
128715 129123 113348 81834 79005 68238 62920 62686 50816 50347 47062 34958 27194 25487 10579 8016 4795 115932 103760 102865 104232 127440 113863 113542 117422 101091 99434 98098 92439 84597 78521 57650 39592 31926 21262 102139 
32.188
48
112874 77221 125013 93082 67311 55795 48214 43149 41390 33004 30795 28060 15201 13043 11780 10291 9520 9253 7726 1833 112774 93985 100708 92846 121209 121692 117454 98117 75662 73608 62610 103692 100580 67736 124371 92615 122775 126394 58798 52926 47180 44593 17068 12263 12021 10166 3792 62483 
73.658
32
112176 107831 89687 102708 48546 60580 82807 60834 128234 119020 106547 102839 107819 53605 120907 84653 33860 33505 25743 17175 13250 12941 793 89366 88189 96839 113396 38704 32493 8879 4849 44314 
36.484
36
84567 106970 68482 54606 108502 67908 65437 98501 105956 81150 79795 75586 55301 98658 81826 41519 37921 35346 25349 23389 18538 18517 18044 3543 13495 13090 77484 118241 56384 125177 97228 44196 40757 33092 20236 44504 
61.501
34
72450 127833 81935 65215 83454 71919 59340 70454 79563 82677 128172 97527 79062 101079 60770 128739 118426 54549 50126 48545 44821 43442 42141 32071 31332 27271 24742 18212 13948 13610 9091 6707 5978 55567 
42.328
33
53854 40271 38642 38631 6117 125872 95735 93948 106871 85380 119916 103232 92683 95499 87879 92026 80899 110238 127962 78261 70513 68771 59872 54082 50721 47177 31589 28002 12954 5234 4296 1277 76030 
34.267
34
76288 116864 44665 37786 30545 39477 121103 65230 114211 83824 111711 76968 125117 74254 67327 65790 47323 38199 79749 38374 74110 48984 111593 91075 101644 19006 16042 15474 11937 9218 9019 8165 4282 27680 
28.614
34
104673 121830 97509 83884 128851 122507 104836 112714 115519 73452 101035 67879 90271 93707 72040 92511 130850 112604 53372 53360 49751 48216 43825 42310 29021 27240 16217 13607 11692 9143 6383 5035 892 53913 
22.394
35
130039 78786 94874 80942 113030 123626 73878 96043 111997 51150 45215 44116 43660 16043 7895 3809 1878 99665 92265 120493 91961 115438 115110 106590 69098 67882 56877 52511 51942 45610 43067 35965 34935 12236 71792 
22.423
42
61661 123215 74574 45106 97528 88752 98734 68010 73210 61268 63556 50325 82884 79629 63822 78778 86394 95886 125969 64764 44004 102764 56741 68291 130482 130494 36226 35813 30179 29599 27723 25958 25785 23834 21350 20925 13452 13183 10385 9808 7886 42531 
23.253
35
103667 121341 105944 129169 111798 99264 96670 95821 93223 91790 87680 80970 76472 71648 71284 69072 64558 54092 52199 46485 45551 38459 36798 34665 25793 24624 21597 21303 18399 15002 10225 1326 866 409 101452 
15.094
35
129951 81673 129412 69540 44248 27665 20100 9765 101285 96613 115498 79376 122467 98997 116112 129251 75725 90964 81046 65928 49539 42011 38053 30897 30682 28171 21891 16820 12648 10063 7969 4810 4803 809 75376 
76.365
35
75398 64173 116742 119365 48859 26668 5438 74178 120435 75412 40624 114938 15107 75073 108207 98056 50790 77460 130776 43515 44220 123016 55612 109059 75222 131903 91166 75397 126647 39921 121264 14227 59139 96865 73030 
9.006
31
23315 22878 14577 12820 2651 120508 129410 98962 127014 132937 106115 115453 102385 97700 131946 72790 64230 63509 56599 52886 52319 49775 44060 40365 39533 36006 30699 29559 26925 4949 78589 
27.602
37
121827 126754 125895 131595 129798 114269 110464 110281 97183 93028 87683 86107 84431 78839 75137 68534 65609 65228 58475 57085 53559 52147 51667 45593 43966 39143 37806 35045 31716 19028 16214 16041 10254 5449 5176 1137 114946 
33.505
34
68220 31704 8590 11 95148 107729 132235 124566 90141 107057 124333 107783 105640 110256 105209 85099 84182 77464 75393 73365 72283 67577 66138 55225 51547 36725 36384 34677 25199 23092 19086 4625 195 88768 
31.907
39
124145 98306 73140 108370 60590 110385 66753 78610 132441 27686 123157 27979 82678 118832 122875 132856 113209 63682 30962 57434 83757 121347 127614 59327 98879 62649 125561 110323 129533 32912 42583 102087 106251 104690 78010 17041 6088 3748 20870 
10.879
32
23634 109439 91269 105648 78285 59204 93354 121893 102984 97909 113708 115774 102512 65110 64473 72169 78575 92839 107681 113034 60122 67393 99831 104669 53685 52059 48052 47445 46718 40795 21563 54433 
41.44
39
42711 4093 88532 10280 32489 118237 83726 31644 77724 124494 75251 39428 69224 20234 125489 23687 46217 19328 103768 32830 119693 69017 16196 129092 8823 95339 91197 105915 126116 49575 64419 11892 130954 130633 74070 29976 43504 74460 10926 
19.042
34
98738 97834 86924 72122 63918 63764 58151 55473 44954 41986 33272 29263 25314 23151 16209 15171 1705 131875 119827 118404 114052 118918 119347 120981 110396 99824 77225 74075 66157 59862 57967 8229 5702 113905 
50.585
33
102119 92538 80432 62551 40302 21258 17930 122206 130099 121285 120025 123385 116630 108290 105388 104549 102544 97772 95868 95249 90455 79875 68062 58659 56616 49662 27203 18357 14902 13330 12203 2528 119845 
39.381
35
17201 3563 118911 117676 101250 120280 95507 105478 108347 80656 71048 67805 64937 61447 60134 59837 57427 53413 51435 44475 42270 39402 38434 31704 30130 23670 17365 132127 99947 77399 62769 52378 21200 10331 78775 
90.021
31
128735 56000 81832 105776 85042 105551 80078 64848 126909 37968 105873 54923 127953 87286 124248 39223 42718 28037 46632 126710 46703 7641 80713 125060 21875 103754 44677 95225 129371 16742 108352 
8.918
43
103999 105721 132522 128753 116163 110595 118371 128927 111527 132653 116900 119070 91195 90911 86011 83624 83338 81515 81496 74328 72267 61659 55200 54556 52884 52264 51943 50872 48662 46295 46198 42596 39002 33125 24415 22415 19347 17354 4880 4795 2914 490 91419 
23.589
28
3609 111118 103309 85164 75364 67944 62103 61878 55472 50553 22329 20005 19037 12605 10867 2396 86107 114259 107442 122712 114167 85069 70632 48722 20666 18565 12057 76247 
63.156
31
111092 124847 74246 36747 112367 77805 39972 96621 59624 80137 101091 82742 28876 66395 69065 72466 67435 115817 83089 91199 59675 67753 42996 20878 19362 2034 1610 1326 1132 1129 24161 
16.998
34
42813 86829 114651 58719 72636 17977 89724 27333 30881 96476 21034 61226 61923 31432 114758 39395 85965 47567 26064 119394 87156 66906 83109 58585 44456 99971 52209 21269 121512 73803 128722 19687 533 2984 
60.451
40
107438 132598 124982 122546 106846 102609 70933 90071 117250 83805 114160 87995 57796 54722 47841 47094 39078 37755 34131 33569 31570 30701 4686 3644 91385 124504 130468 82714 124643 108492 127522 61930 57414 45533 38113 28085 24747 13798 815 64650 
50.866
33
120477 116380 88673 85037 65282 62680 55428 52010 48096 36846 36445 34642 32633 23489 22074 19451 18409 17305 9027 2381 118496 117265 114007 109269 108215 96774 78437 71050 54238 49030 25085 13731 120837 
67.034
39
127606 130413 79102 113994 92608 68887 92133 100789 115154 98469 118299 49307 29462 23583 18145 16967 16408 12250 60090 100708 73533 67429 99266 77427 63118 124852 99790 63247 89633 112018 89829 50735 40776 34771 31771 29887 18788 9268 56234 
50.849
31
79374 120497 80671 38373 35535 26557 25390 100691 98067 68485 87784 63013 112209 66158 130859 73649 127682 132572 53656 52303 54744 122963 100285 121478 47185 31285 14620 10237 5340 1299 47375 
28.273
39
56394 46915 38382 13936 8464 5949 483 99091 131186 102848 107244 109718 132112 127315 89447 87909 86401 85973 82440 81628 80362 69423 68714 67886 61997 60730 60478 58802 54664 44402 43096 42958 38712 20713 19744 16511 7261 4718 92058 
26.108
30
100868 62838 108231 73042 122764 110043 128603 85566 90535 129394 82127 76680 75126 45680 36929 36105 31078 28752 26731 8934 90606 70679 101422 59864 64537 80204 43754 34866 15752 53961 
53.393
34
126198 113902 113421 113102 84283 83378 80476 78723 74043 66428 64645 57778 55154 53763 48870 43291 35384 33041 29092 26612 13761 10730 2799 129355 132999 114919 100519 93892 86953 77893 63385 40264 25869 124760 
82.578
27
32416 2911 103009 94848 75281 72518 59844 40141 39377 32687 24654 9967 2955 1288 129383 122297 115681 105842 104694 100979 76248 74246 63566 13615 2488 864 125732 
81.172
36
64116 127191 111361 32030 39996 125678 61650 70304 112838 100343 93999 77496 90924 102239 17814 5287 674 32269 99391 54212 95821 56064 18951 72344 74238 47410 85096 34503 18637 17960 12015 9550 5390 5367 1923 18755 
24.664
31
116762 60218 104475 121266 73570 85305 78125 126762 70073 72275 54186 113033 108592 72067 121936 104865 17862 54287 119471 7374 112535 45299 51348 87451 72725 124773 69302 119120 69440 9961 17780 
39.565
36
19891 15601 879 89489 95365 78489 112621 81207 131128 100534 117495 130498 81523 123730 121510 94089 98611 69668 65407 64965 60053 58991 55979 52217 46695 46257 45459 44402 39136 37955 37618 28308 18625 10394 10033 70879 
33.251
43
99089 118298 101573 117783 120687 91419 122705 114795 122089 122970 94659 114506 113682 103923 85019 84896 81218 80005 76293 75417 73671 71381 68370 63455 57204 56157 51921 47852 46416 44118 42172 40569 38353 32954 26772 25826 24894 21433 21004 17917 11745 8372 90496 
30.401
30
96013 78640 62190 47543 35579 12907 181 118013 113719 121613 110757 97484 95825 95573 76205 67792 50574 47839 42500 38704 39067 26513 22926 108353 99633 70142 56981 45467 23644 100091 
86.142
43
99270 85885 114962 75271 131183 81688 104529 70066 57708 88839 55903 46470 45747 41431 37364 35957 34503 32961 32705 26653 23596 23151 20651 1854 3038 61890 98353 87097 76267 82113 109530 115744 61334 59614 105726 92596 72751 64521 43125 35316 29440 23848 57648 
57.405
35
123062 111962 66665 125069 95390 15141 28319 122784 97901 8884 12429 110136 16097 112970 63587 101658 64481 22108 116107 25661 47180 65852 38849 68282 76422 27531 64359 75563 113993 114705 14346 56940 12850 107954 66983 
13.931
52
114160 128111 112402 109404 130852 114478 100531 93544 117361 127266 94842 89852 88370 87817 87630 86082 82718 80746 80006 77894 77440 76748 76499 75518 74611 68294 66562 66430 65925 56858 54093 51486 45669 43096 43087 43064 37483 34470 34270 34133 24774 23742 21319 17641 17507 15983 14498 13914 12271 2423 1099 90711 
15.603
43
50937 127694 59395 105499 87206 54843 45581 111427 120165 88937 130031 78284 122843 92095 117046 120448 129851 69120 59711 71233 96148 48128 89707 64219 120852 99143 51277 109346 115116 96959 82421 34416 130963 102589 114902 26352 24360 23968 17654 16290 13784 3719 29424 
24.996
35
61057 68569 36446 132765 110487 33097 59108 44015 103644 94902 59031 100655 123828 100687 112415 114555 96391 36007 74905 96854 33911 98290 49311 54368 26635 22658 20019 18918 14488 13490 12217 7785 6511 3979 27930 
17.395
36
65857 64909 42473 32908 28640 14869 7861 126987 131002 119321 120675 119805 114030 109389 105214 95413 93167 88470 87454 86893 85855 85213 77151 71847 71664 70195 56418 53028 42147 41526 35222 33216 30886 22922 308 114484 
57.359
36
46153 36062 29056 23067 9074 76811 101864 129716 93949 107425 70295 65155 90507 112186 101013 124899 64885 121046 48430 81552 69432 117894 95459 92207 129808 52664 78061 94417 53754 53015 54701 112751 27814 26865 26438 46680 
36.153
36
115231 104098 76677 71266 67812 48446 45800 30239 19355 18352 13271 9580 9226 7858 5227 3508 1439 131413 125591 122708 122368 121883 119084 117410 117031 116029 97188 96992 93714 92740 89180 74692 74429 44495 32998 125834 
72.206
38
125814 61590 55941 20233 13136 60959 46604 84193 32095 65279 76763 124748 100723 113603 34256 69302 11187 122640 20128 44910 32945 83372 67334 62316 23509 122524 97287 131442 32234 113426 62986 29671 50564 80270 64301 105459 7875 10836 
119.43
32
78855 74578 124698 59129 126301 104956 65156 119066 127553 88883 76325 118274 58834 127948 50420 109898 101548 39575 20664 17017 16130 2756 90809 68849 91115 90786 75160 116449 36491 23735 16569 50224 
61.566
35
18333 75393 95035 129056 38073 127660 118273 21924 29403 52253 56523 50605 15058 76892 73257 130632 23055 61132 17013 30575 43758 28211 68539 48827 112201 53974 109017 15235 96297 68175 63658 81211 10989 8786 12092 
19.437
26
101282 100180 99874 88082 112503 100546 114846 96181 102747 71301 70972 60642 22655 9128 128799 97680 114883 112085 110054 101983 78212 57921 39430 28259 27235 81484 
92.926
40
39408 13538 11539 104761 115415 125680 122464 94001 129880 105155 96645 114437 113789 93043 90004 82297 65305 62140 59853 58559 46823 46371 37647 29322 28250 27654 16682 13316 5795 125430 95830 113454 87838 82994 79946 58870 44822 17847 2393 90373 
78.029
37
84182 92218 70048 37091 14356 35779 19687 60467 19019 30557 81688 102802 70826 109715 69961 77213 97505 101568 43391 36028 47416 20211 70783 45861 27319 30926 92329 95131 71924 78725 38809 101362 124239 129451 64915 11654 11768 
18.153
36
116474 75223 104695 100764 59142 44375 42874 41484 41395 32350 31736 25778 83171 72612 85972 80966 112655 63480 130358 112227 120160 63331 59537 59461 52263 49546 48557 41860 41597 35119 32487 31690 21211 1870 725 61334 
50.969
36
83261 80021 68628 130567 57702 86642 89582 64807 28251 52749 36893 121488 77570 62460 47048 127901 78907 35853 119788 117115 70406 50856 60974 25694 68865 59019 76604 74811 73753 108351 21424 21100 18755 17616 12113 22620 
17.821
41
49114 37722 89417 96158 112988 62435 62786 52662 86698 122625 119318 117334 83681 79487 48695 102381 42263 128522 38533 109470 75771 54774 64640 39307 59667 39259 81928 41633 64536 58710 80456 34947 102962 117337 131756 20231 13656 12659 1876 876 29161 
33.777
43
123444 118356 63126 42567 92788 105307 73058 60229 87352 75261 66081 85733 109023 72454 93628 60573 93765 101060 124348 109314 78391 55095 73011 45832 72472 58564 66626 44543 51045 78227 38212 33321 32257 29152 22765 14789 13237 11767 6703 5480 1433 1384 41713 
27.026
35
52393 90278 92086 102435 70403 67846 48143 125218 57139 71741 108630 80338 38624 35890 37451 120758 97667 109457 63131 113145 91608 24052 21655 14699 12638 6176 293 117387 80360 41063 58902 56280 43758 2591 32659 
65.765
32
117859 128306 80988 109065 83193 88941 110962 78578 88159 111109 113715 118174 83377 103710 79865 79482 94273 78713 110257 57376 51051 45121 43434 39794 35581 25817 21999 15459 14416 12966 773 68190 
50.199
35
125229 128602 128407 111056 112475 68447 129778 120548 64235 113694 122607 111336 69024 131809 75116 131008 121702 116313 84205 108948 53441 47498 46732 42547 41677 40919 38387 33002 30477 22735 18674 15797 14529 4245 60573 
28.108
35
18582 122553 128376 122889 113682 111168 110029 116398 117451 100691 90747 88984 87589 74769 74132 73480 73283 70066 68901 68612 62068 56823 48093 46067 45837 40607 33593 32383 23934 20167 16424 6149 4757 3954 108534 
25.285
35
4108 69314 120023 116948 113409 117606 117500 119185 72424 102898 132462 81251 94156 119076 64092 63144 61666 61552 60013 57083 56827 53868 52124 49380 38044 32809 31996 28667 26482 23892 22592 12312 6653 430 67671 
64.526
38
86330 20016 7665 103635 68758 13390 108042 99476 82472 117158 68032 89053 40802 104686 68179 34043 49241 118900 28445 42338 20007 120484 119632 11692 68468 73221 93355 113374 70498 65585 113268 121317 74617 8774 113028 128818 41734 60616 
18.318
45
131703 109017 105646 126513 98251 107541 129387 114415 81738 69678 62756 61573 61330 60741 56998 55478 41935 39746 38597 35545 34678 28994 28091 27546 23359 20542 7801 2630 1015 127207 123603 114731 88525 85470 80106 67096 64115 51567 46819 42232 34653 32285 5955 3034 94576 
59.661
33
44483 26519 24888 120955 94504 70346 126267 73691 100798 70047 129259 89915 102982 107867 111874 62179 45093 33562 26684 12082 11164 10946 5616 9116 3783 84485 102911 120338 75011 33829 10012 3774 63453 
52.071
34
52878 20309 99999 75537 121360 109905 79958 70772 12542 27540 19859 108869 21385 61740 76029 106250 53154 10085 75534 81435 40658 65567 107493 54040 51275 24588 86806 8863 6651 4549 4417 4222 2089 9363 
23.647
32
71164 107963 65566 48533 40307 26749 123300 74135 57089 93329 112318 37072 107815 44247 66667 38183 38841 97243 126788 121968 20790 15384 91439 40110 87971 132578 91966 52998 120101 18816 14665 24287 
48.101
35
24157 23560 77134 120811 128515 78998 95519 122032 115748 126056 98499 79333 74100 71247 54095 52459 42505 37952 29184 29358 29249 28242 25467 15501 3439 2692 109201 81823 84357 122890 131023 131557 41360 848 77033 
48.284
40
88975 87583 85221 80740 78380 76765 56761 52195 40276 34470 32262 30454 28595 19036 13134 12012 11907 6211 131227 98828 113341 91446 96681 106632 115169 117651 93993 105411 92453 76790 60267 56046 46021 44198 29962 17379 12757 9075 2318 88997 
19.032
37
110649 39917 109466 14804 76113 21482 27861 71270 17796 77959 9269 130792 122314 20471 83591 72152 61824 60663 62271 116693 110561 58677 111423 91912 78527 45159 84254 53351 90117 107084 6647 82158 38046 61649 22527 1575 69804 
17.903
35
39770 29836 93806 45893 64708 81890 66639 117134 79398 38059 36427 100321 5885 5130 9929 116178 132944 120435 83496 119592 129367 78550 79466 118766 33250 3204 110122 11448 14019 104950 129571 91500 74494 5296 8232 
107.671
37
87791 106157 113064 82525 76810 130549 129725 95789 78889 107776 67754 52163 52140 51167 39795 38665 36507 34767 19030 13763 9549 5120 2970 1032 782 96539 105673 114249 76663 79706 74175 51566 50637 21869 18725 14966 76542 
61.183
43
68791 95411 96984 110508 88933 124011 89616 86515 83967 102041 93278 99334 112213 111911 64986 57210 52375 51913 51185 48284 44763 42665 17969 13084 10218 5405 104803 91359 98893 76750 101385 69303 114933 103909 94554 72417 110435 59624 37970 35028 31620 7370 66814 
60.158
33
126077 86320 79775 76781 67409 56391 56756 51316 49820 48237 34818 20575 19607 8066 132501 111036 131601 114486 107787 99765 90339 89854 88715 86432 79229 69727 60902 60756 58431 41638 29705 8251 103611 
23.819
41
118986 105267 75991 89569 77803 81025 108461 60613 110288 53785 85730 73602 60321 111765 47999 88980 64465 106457 117526 43417 27955 28641 22944 19200 14602 5500 6187 4153 1896 100130 113002 67111 55615 72130 93433 56030 120435 108060 88343 20314 45438 
91.484
37
58660 13053 67151 50167 49171 12871 60183 97965 114148 92039 109938 40085 75535 98285 112127 59210 60907 18533 116559 15677 93263 104255 29083 99310 10534 6159 3795 646 99573 127917 83227 73900 123106 85905 97195 3386 12219 
44.499
35
70136 59486 48960 29797 29069 26690 20353 17842 14231 9121 3147 123865 131127 107869 123859 104462 125515 105108 92647 89240 89073 75050 74741 72520 72445 71368 69924 65565 63235 53563 51738 50856 16778 10383 95963 
36.501
40
33441 18524 13056 7318 4844 127315 128902 124918 130559 116903 116493 110751 99747 93399 92621 87200 86319 79936 72829 69940 69297 69193 58779 56758 55442 52615 44183 37550 34513 27668 27586 27338 20470 17379 11846 5607 130195 111210 99805 121750 
100.424
39
95656 110858 101392 88509 115547 130782 110254 92365 111252 104038 117277 81885 77028 76354 75783 75208 73441 70986 69782 65794 59808 57738 54504 53259 35250 34452 34017 31117 30158 26637 25437 23019 19903 11687 9474 9174 4553 3445 86620 
44.731
37
30612 27327 105779 117089 63986 120522 98752 42460 47184 70352 106724 35489 97784 34420 121880 122380 123381 75784 54225 66120 47892 72927 53057 27073 25157 23359 16320 14149 10024 69786 55299 118141 48204 84811 16155 1890 31527 
62.728
34
31768 51279 47160 117302 45889 53652 117638 67673 89894 39095 95314 112330 98378 45948 37226 94257 63526 47295 17828 16124 12406 7780 58958 126388 77234 129525 100911 40474 68113 53814 54806 63924 8411 18412 
66.778
41
60832 65922 77575 131673 40 70865 77375 93289 81473 90096 119830 102520 101212 56779 130736 129759 99254 75753 118792 76064 70360 44267 67054 128189 68850 58218 66177 81033 39067 120643 116357 49975 29759 26623 24473 24250 22980 14417 9804 6314 36219 
27.318
36
102056 101210 97342 90176 76948 61381 60864 60267 48211 45949 45738 44991 43729 42118 41270 31166 30367 28587 15863 130768 131855 127641 115939 131894 124553 120872 113412 112998 107828 103283 95994 84250 70720 55638 19618 115441 
47.022
33
7087 90339 65369 83117 27306 126380 19139 128735 60247 97393 30987 12260 85768 95343 61071 6195 13634 75124 20680 17428 1819 63812 97142 40573 76166 71312 41568 87307 15620 39186 111608 27730 17857 
12.195
30
127197 128013 126380 128807 90274 82929 79729 62565 55613 50878 48941 45519 36850 32559 30369 21760 17137 14036 2709 107068 106243 105522 94907 92969 76474 75504 74870 64081 15632 109757 
41.93
41
118730 114652 125943 110197 103310 100792 98536 96787 95924 90389 88837 87231 83600 70527 69872 52980 52084 51332 46555 42843 41450 27051 23286 22340 20770 2763 2402 1628 1175 120456 119148 108362 108052 106120 100358 68167 58652 43510 39119 36843 112749 
68.502
34
46348 26720 80727 44800 104224 14452 13077 76956 27723 114189 38424 25942 80161 55756 34105 81328 56004 111350 74341 85669 87884 131788 99879 73882 16346 11762 60415 124891 119708 125192 115174 113988 11449 25534 
103.438
38
99604 73072 68200 84850 92505 26944 23074 21410 131695 47750 44629 81627 120796 89345 59678 66072 116396 86033 70456 104496 42124 37210 36145 34275 33451 29331 28622 21304 19321 17785 17649 17562 14666 11895 11866 5472 1040 42443 
47.427
34
114637 128391 70466 72793 114900 91382 79874 118558 105812 107988 110253 64666 69923 66596 63351 52520 49906 37082 36171 32845 32318 32029 26967 18711 14669 11967 1653 94857 129747 80073 30090 13176 917 70281 
25.964
35
46390 86704 93968 90150 67656 66745 20501 72896 57273 129406 74108 98682 74699 54787 25555 49607 30209 66543 92373 47880 126393 105457 41915 88233 42776 33886 55928 106335 118666 129523 63910 9577 6052 4300 15088 
10.486
43
131580 123067 122266 122216 119003 108233 105540 103625 101108 98860 98465 98377 97314 96189 95274 94947 92213 90329 89833 89426 76956 72161 71554 65582 63341 53989 52801 51016 46311 43222 41348 36327 31252 28515 25050 15624 14237 13709 10068 8398 2509 1197 127325 
13.937
31
119530 104323 97485 113189 111177 121120 108979 102377 105457 91901 90489 73740 72745 71904 67041 56418 50944 48304 45951 37039 36934 34033 28771 18836 11646 4293 4021 2998 1467 439 93114 
18.091
40
123011 132222 108400 88357 83444 119457 129101 125874 117499 101175 69544 113780 113173 117577 102269 80412 68296 62595 59748 59699 59243 57206 56226 52108 47948 45591 41210 36553 36214 31859 26891 25905 25110 20845 17418 16590 9412 8447 6722 68103 
20.243
41
98950 22972 44639 46330 76029 99287 44288 54070 11003 9552 97516 42955 84757 66321 50835 17456 39902 77565 111180 1562 75346 109747 45950 116904 58733 11407 80223 111757 126074 88248 98856 112256 102166 23760 109669 102338 31926 29177 62183 128333 103590 
20.453
37
65290 45047 48419 122610 130572 77588 114519 69841 59329 101564 88025 54076 110778 78794 104286 132276 43783 37102 35635 31948 27229 24902 20650 18984 13305 7435 4916 100418 116916 122549 112991 82731 38051 16445 14563 1917 44051 
126.639
