13
1042 497 126 876 272 110 87 226 919 956 1094 901 1012 
0.072
17
1309 1197 1278 1017 1016 1104 217 93 1218 1319 729 958 726 1093 1065 257 615 
2.61
14
1277 748 718 784 702 725 1313 1134 906 232 144 94 85 350 
1.432
14
1237 1162 913 713 691 631 505 461 343 265 258 197 106 1138 
0.946
14
33 1044 1162 952 413 133 1228 543 1327 143 503 1026 491 1159 
0.073
14
1208 1016 507 925 1254 219 554 977 861 1286 853 459 89 132 
0.87
15
1259 1283 1073 986 756 713 435 409 331 303 301 257 172 49 1102 
0.841
13
969 814 526 477 400 317 1315 789 302 538 261 136 266 
0.749
12
99 858 1032 1258 1013 1171 810 713 276 142 62 773 
1.745
14
1204 780 1058 850 940 1245 1192 711 974 1099 213 184 168 378 
2.045
13
241 213 152 1198 477 1096 686 991 624 952 774 256 321 
1.601
14
1044 718 1039 1015 1256 1304 711 798 786 629 568 345 208 694 
0.33
12
261 29 887 760 1162 963 1285 708 871 358 324 487 
1.252
18
892 529 57 1244 1224 1169 1105 1029 1134 1119 941 557 413 193 138 87 14 983 
1.415
12
559 983 687 1159 1019 1097 500 943 1069 358 303 367 
1.22
16
678 913 666 633 1193 1063 120 965 1098 774 577 400 353 142 4 479 
1.723
11
1307 1027 752 739 680 627 557 506 138 76 1313 
0.316
12
461 1303 1236 1052 928 877 801 667 647 158 38 1321 
2.13
19
913 1292 547 637 543 826 1014 644 531 1181 998 1201 953 513 1068 903 372 204 384 
1.196
17
45 267 251 254 878 222 609 655 48 835 257 216 27 1051 57 1225 986 
0.284
12
1273 339 1217 1213 1112 895 823 610 513 471 146 943 
1.061
15
1031 1326 996 1081 868 856 831 782 729 320 319 227 147 62 973 
1.159
13
1290 1236 1159 1074 942 838 787 770 718 573 304 145 1268 
0.446
12
858 939 1280 422 1132 415 634 623 220 208 110 391 
0.492
18
1231 1174 1051 818 681 1221 1287 789 888 876 963 527 481 467 237 213 201 666 
0.221
12
1298 649 198 1174 1323 1240 515 403 205 177 48 487 
1.292
14
733 657 989 215 1164 807 932 358 224 1173 1091 673 35 1179 
0.079
13
1313 1158 80 561 293 1327 90 215 806 1250 1222 30 36 
1.038
15
714 1252 432 550 587 488 931 319 838 938 1053 647 226 123 184 
0.709
13
1293 1266 1250 864 1093 1023 692 601 589 252 168 124 710 
0.35
14
600 1201 714 934 657 956 937 839 915 477 418 352 235 557 
0.611
11
1327 1135 1000 916 575 1168 469 395 346 247 372 
0.471
17
1233 827 527 323 781 825 711 464 578 212 397 292 504 169 136 94 197 
0.325
15
1041 1268 1076 920 1148 1012 747 469 360 354 273 225 179 100 878 
0.238
13
984 777 691 663 441 79 980 916 894 843 490 299 967 
2.489
14
1249 1070 955 1266 1033 1072 1150 819 613 291 287 140 102 942 
0.143
14
949 899 842 803 712 655 599 592 578 488 387 280 2 1279 
0.444
17
453 198 129 1178 890 1015 1285 1176 638 1160 710 471 377 307 241 72 575 
1.89
12
1221 528 1319 316 97 579 920 692 814 432 52 519 
1.935
12
292 679 947 906 1069 1238 862 377 345 163 32 637 
1.468
13
503 222 1161 736 267 604 1310 585 1299 100 88 14 137 
0.721
15
741 746 1269 1034 927 1160 1322 659 576 459 442 437 363 333 633 
0.984
15
1109 1210 555 971 631 1061 448 382 326 297 241 187 185 10 525 
0.248
19
560 932 244 1266 19 313 620 1328 935 317 1059 718 1303 519 1281 948 669 1100 358 
0.078
13
782 674 655 650 725 390 1117 816 1115 299 255 193 328 
3.364
17
1090 1113 863 1006 995 821 1115 725 496 457 345 254 241 158 157 5 514 
0.227
17
133 835 381 1123 1252 1164 201 979 913 678 460 1312 560 1110 1302 59 102 
2.203
16
38 1291 407 515 1101 1151 1155 715 527 1099 220 1061 831 142 313 644 
0.075
17
1159 712 1121 1197 604 839 838 1262 770 430 374 343 322 318 188 52 432 
2.638
14
75 938 464 944 777 565 1320 124 651 287 607 336 36 277 
1.068
15
912 1060 367 1189 446 854 563 265 977 331 299 844 429 36 274 
2.558
15
773 1115 1027 965 1314 1242 403 964 1037 1071 555 290 267 258 384 
0.462
13
1001 1005 831 681 940 935 972 568 316 156 40 27 676 
0.223
14
704 936 448 830 925 628 489 367 347 339 279 206 42 386 
0.227
14
1323 897 964 1302 1297 903 1124 1037 901 1113 447 306 226 546 
0.374
16
749 1254 1299 176 784 753 1271 774 1004 503 346 337 169 141 116 671 
1.42
18
1253 675 630 1327 1110 161 943 902 1092 748 1201 617 215 795 1119 736 56 203 
2.883
13
1274 290 400 833 1117 168 1270 1313 360 915 1194 68 123 
1.383
16
1238 866 1028 776 1018 978 435 287 284 277 157 121 58 56 26 707 
1.082
16
544 463 688 1225 905 1065 532 554 373 219 179 146 116 75 60 395 
0.597
14
1322 1292 1165 964 955 840 662 590 568 307 251 227 177 1276 
0.389
14
1251 916 914 1238 1101 960 698 676 407 305 209 202 179 709 
1.033
12
711 993 959 484 910 1127 1106 395 385 259 139 417 
0.223
17
4 599 60 576 280 1082 1024 1222 176 739 533 595 374 46 1284 572 433 
0.24
15
1284 398 944 1314 1163 1318 1142 713 636 629 563 471 394 237 934 
1.501
14
1228 1025 918 499 1155 510 814 1292 1020 1243 311 1293 73 200 
1.145
13
1033 987 1071 636 647 800 443 420 393 359 218 151 616 
0.809
16
882 727 711 670 380 1108 1307 1298 1224 1032 996 867 694 199 86 1043 
0.61
13
1089 1067 857 1059 1076 906 649 580 579 497 435 250 804 
1.729
15
1231 992 1054 381 166 1200 676 1306 99 1239 785 732 331 80 89 
1.089
11
526 580 1204 371 194 947 1265 970 1267 541 34 
0.213
15
997 1230 56 17 3 1226 685 759 539 1143 654 733 547 233 509 
1.504
11
1061 1003 706 932 1117 554 524 398 346 150 620 
2.418
12
637 1253 1245 1215 1198 1066 885 767 479 410 51 1275 
0.418
15
948 824 1162 1179 1176 797 1209 975 1201 688 675 512 344 313 778 
0.946
12
929 584 893 649 778 769 662 620 496 453 227 579 
0.674
12
986 301 1118 319 363 1294 1062 381 249 54 22 300 
0.784
17
845 804 540 190 1267 1042 1239 1028 785 744 807 607 557 181 148 14 728 
0.753
14
1077 1251 1303 1254 1016 1010 916 797 610 291 215 211 192 1072 
0.227
14
481 577 690 991 1276 1123 928 791 585 254 218 215 199 369 
0.79
17
1027 1178 1073 945 892 791 725 712 580 484 329 270 207 194 79 32 910 
1.98
15
187 1 1285 814 1136 739 1278 736 1228 722 1127 545 512 147 721 
1.403
19
744 997 658 614 840 813 579 498 664 250 969 1114 380 773 154 113 92 38 232 
0.295
18
998 771 915 925 1157 626 616 530 512 430 375 301 289 220 164 135 79 634 
0.412
15
1318 1062 1250 979 943 1076 805 781 672 611 565 503 495 154 882 
0.469
13
1222 1329 1129 1004 1200 959 926 716 698 325 300 109 993 
0.901
14
819 1179 703 843 446 171 564 1277 1097 601 635 664 85 397 
3.31
14
1208 1272 934 694 368 1106 491 281 235 233 216 86 30 336 
1.413
13
1255 1230 1106 838 1041 1047 593 524 416 283 306 217 767 
1.389
21
1035 973 818 677 288 240 231 137 1311 1314 1061 1074 848 809 798 725 453 419 249 43 862 
2.652
13
874 955 1062 152 426 518 721 1175 413 231 160 40 420 
0.548
15
1138 378 305 951 1094 716 904 1288 791 1053 1236 545 268 199 708 
1.965
13
309 276 901 1246 1308 1089 631 474 464 431 234 2 813 
3.035
16
1304 1261 1170 1083 1065 1001 979 974 965 862 824 625 568 404 313 1277 
0.937
17
1190 129 817 346 957 577 486 1284 860 160 1273 385 473 170 247 850 1267 
0.076
13
1305 742 1051 1203 1248 635 611 506 428 381 333 182 639 
0.321
13
1231 569 183 923 1012 766 922 1160 1109 563 272 155 634 
2.405
13
1067 1086 709 1238 1129 1116 764 1024 954 471 256 230 622 
0.529
14
404 485 130 60 226 458 930 422 365 845 283 395 36 353 
0.077
15
975 942 900 1184 1021 1042 1102 970 877 625 514 448 363 299 836 
1.101
