8
35 86 60 84 69 56 30 58 
0.208
9
85 92 45 24 60 106 50 96 108 
0.013
11
72 32 124 103 101 91 52 45 16 7 51 
0.113
9
68 37 50 126 104 61 73 17 20 
0.224
10
80 103 97 67 56 46 43 23 17 74 
0.334
7
30 88 45 114 73 80 82 
0.011
8
83 112 81 109 47 40 23 65 
0.212
9
79 82 16 84 88 26 90 12 13 
0.065
13
131 100 71 65 46 40 34 32 30 25 23 22 115 
0.196
9
126 88 50 47 41 40 13 9 97 
0.033
8
128 92 81 94 112 64 5 79 
0.05
11
102 101 94 103 95 119 27 20 12 6 58 
0.177
10
47 45 28 127 58 90 60 41 4 49 
0.21
7
108 82 95 76 39 38 41 
0.125
7
105 97 44 34 25 18 58 
0.046
8
93 60 84 124 52 31 3 56 
0.173
7
122 116 76 74 71 47 82 
0.132
7
107 90 79 66 37 33 41 
0.14
10
86 79 116 109 29 36 64 90 10 11 
0.184
8
6 34 69 126 47 97 111 51 
0.013
8
85 28 62 50 91 48 16 17 
0.201
8
132 128 109 58 57 45 26 120 
0.191
11
13 19 130 88 7 64 15 54 51 49 68 
0.013
9
36 125 116 114 109 102 21 7 22 
0.048
8
72 130 124 80 82 41 83 37 
0.012
9
131 119 101 85 28 22 8 1 104 
0.126
11
62 78 75 89 119 36 94 40 129 8 24 
0.048
7
53 50 109 66 49 44 80 
0.065
8
64 13 109 83 86 87 126 117 
0.012
9
114 76 57 44 42 33 26 17 85 
0.045
12
86 76 123 130 106 77 66 53 45 32 24 69 
0.163
12
99 104 85 84 67 59 45 16 13 12 1 90 
0.089
9
65 122 132 100 121 31 27 4 98 
0.177
8
123 85 80 54 28 22 14 109 
0.029
10
6 116 102 48 40 34 16 7 3 114 
0.184
9
99 117 94 90 122 77 64 22 85 
0.034
9
112 125 121 107 103 98 74 18 105 
0.035
11
113 127 75 73 63 61 49 27 19 2 79 
0.201
8
127 90 108 70 53 19 12 54 
0.072
9
93 70 11 115 51 82 53 55 76 
0.013
11
78 50 127 69 60 79 72 131 39 23 55 
0.172
9
131 94 121 117 108 96 115 22 84 
0.034
9
49 129 124 70 59 54 31 24 67 
0.221
7
118 95 44 40 39 12 98 
0.16
8
31 14 125 74 37 24 2 47 
0.116
10
119 104 83 69 50 47 27 19 16 92 
0.075
9
41 30 93 70 85 66 58 0 68 
0.302
8
103 82 109 80 79 50 44 81 
0.108
7
89 93 79 35 27 26 41 
0.168
11
56 63 42 18 32 112 129 119 13 10 29 
0.245
9
128 112 67 62 57 44 18 1 130 
0.035
9
108 93 120 89 28 129 4 66 104 
0.011
8
41 74 79 128 42 71 11 23 
0.197
11
127 117 104 124 122 77 72 17 12 10 97 
0.06
9
78 30 106 98 88 73 28 4 128 
0.19
9
118 105 31 61 51 48 35 130 101 
0.011
7
108 107 100 76 58 51 127 
0.061
7
116 74 64 90 58 44 62 
0.084
9
125 76 69 52 45 34 31 7 83 
0.105
8
73 57 82 36 23 17 11 46 
0.031
8
126 95 91 78 58 57 7 111 
0.177
8
121 119 71 65 48 22 2 120 
0.074
11
28 52 8 66 75 27 31 29 113 131 97 
0.013
9
108 106 70 119 50 44 43 30 53 
0.206
11
95 128 89 37 3 69 82 90 124 96 42 
0.012
7
17 96 35 31 28 12 112 
0.175
11
107 89 130 92 65 63 60 55 22 17 72 
0.248
9
64 50 97 40 20 10 8 3 26 
0.074
6
113 57 19 13 3 59 
0.109
11
48 31 21 16 102 95 81 72 56 4 85 
0.134
9
89 82 109 72 95 96 44 40 54 
0.295
10
86 82 80 44 42 17 15 11 10 126 
0.184
9
129 127 132 131 75 47 18 10 94 
0.098
8
121 103 97 80 29 10 2 71 
0.059
10
104 99 77 56 42 41 31 29 22 75 
0.197
11
112 105 130 104 88 82 37 13 8 5 92 
0.242
9
71 80 20 132 4 70 89 53 124 
0.012
11
111 54 106 123 74 32 27 20 2 0 53 
0.072
10
81 83 56 96 93 24 20 14 1 50 
0.13
9
41 36 78 89 42 60 132 10 69 
0.013
10
116 75 124 85 43 42 21 15 13 66 
0.12
10
92 44 84 33 105 118 34 85 46 39 
0.012
11
54 126 70 35 92 37 78 31 62 2 6 
0.09
9
27 69 67 114 123 121 51 117 105 
0.013
10
118 115 101 107 66 64 56 49 19 71 
0.101
7
121 123 111 42 40 27 70 
0.05
7
80 72 71 41 38 35 107 
0.066
13
74 106 91 132 97 92 105 86 78 45 21 4 22 
0.107
12
117 101 44 42 35 3 97 95 113 86 0 62 
0.362
9
106 129 23 22 36 65 43 57 86 
0.013
12
77 114 94 125 52 112 50 32 30 28 23 43 
0.055
9
68 99 45 75 110 91 39 38 42 
0.149
9
54 131 124 98 70 34 29 1 108 
0.089
7
120 107 105 77 48 40 128 
0.065
9
50 13 65 74 132 44 18 43 99 
0.011
10
132 118 76 53 107 114 23 12 7 41 
0.096
14
130 97 103 108 120 65 57 55 46 45 30 4 2 73 
0.096
9
94 90 83 93 91 71 69 59 80 
0.057
10
119 90 63 126 105 33 65 34 29 4 
0.013
9
115 85 71 56 100 30 24 8 28 
0.147
