16
1642 1601 1323 1310 1287 1225 1138 1090 1085 931 609 606 580 475 314 1364 
0.287
16
1348 1314 1559 344 1167 461 443 68 485 1113 846 976 555 472 192 289 
1.932
16
1169 1067 1595 1590 1099 559 1282 911 1564 1548 578 1754 996 445 155 449 
0.704
16
1051 289 1006 870 1429 851 1184 1479 340 895 1482 1709 1081 152 549 1684 
0.099
14
1710 1768 1577 1363 1176 1118 1069 914 562 458 169 154 141 1677 
0.284
14
1610 1555 1678 1663 1187 1525 800 1062 1381 1355 423 243 157 582 
0.414
15
1524 1393 1073 957 843 688 1491 1561 1305 1205 929 523 395 375 1236 
1.384
17
1714 1104 982 1273 1241 1579 1257 1721 1105 1019 1706 232 160 155 28 19 548 
0.344
16
533 1513 1057 1099 1642 1722 990 276 1161 1074 527 614 1675 300 119 330 
1.415
15
1034 930 584 700 918 185 1155 932 1075 1467 1127 1309 1661 457 1480 
0.097
17
691 534 1341 1055 743 1049 596 901 836 335 1290 1299 522 248 234 89 274 
0.727
16
1128 1399 537 1573 1045 567 1683 487 1099 1773 1198 1616 392 613 374 909 
0.098
14
1691 1439 713 577 718 1380 1057 661 1451 873 322 166 71 217 
0.478
14
1403 1519 590 520 498 409 1095 969 1508 854 845 543 526 863 
1.66
15
1759 1007 1673 476 1276 901 506 393 907 428 542 500 1645 793 960 
0.225
15
1639 580 1763 397 1214 1556 259 412 1353 1117 706 1176 1057 30 240 
0.181
16
1386 1214 1155 1560 1171 777 753 653 596 595 534 436 197 161 142 1137 
0.501
19
879 739 1175 837 335 788 1021 1153 433 568 1061 362 1643 1446 504 641 294 78 331 
2.054
18
1687 1346 1249 1324 1630 1051 1037 902 886 844 767 729 695 627 614 604 495 1246 
0.866
13
203 1778 1293 1479 1444 1603 275 1095 973 122 1678 1677 216 
0.092
15
1764 1397 1100 1390 789 732 920 767 318 691 1368 720 1632 148 153 
0.951
20
1154 1521 1070 1183 1035 596 1316 1003 1249 502 1351 868 760 1153 104 93 71 68 11 304 
2.97
16
859 1373 781 968 682 1106 1044 442 979 874 885 1016 1307 961 119 191 
1.101
19
725 653 209 162 1728 1189 1367 1346 1246 952 755 618 566 443 421 415 216 159 1015 
0.804
14
525 359 1113 458 281 1778 682 813 1140 965 611 1654 387 454 
0.102
14
887 798 1656 1062 1646 1101 1097 874 867 652 598 433 73 914 
0.62
19
1444 1175 1078 1443 1024 1323 1583 1624 944 923 900 876 725 720 541 409 381 200 961 
1.064
12
867 817 1732 1005 778 1457 579 345 330 315 1 683 
0.739
15
674 224 124 6 3 1507 1670 1426 1161 783 687 483 463 129 1503 
1.702
18
1631 1699 1628 1240 992 1485 1078 858 819 624 621 608 389 342 261 186 107 953 
1.034
17
1733 1684 1414 1396 1318 1276 1269 1175 1031 853 629 622 471 337 93 29 1721 
2.037
14
1157 1762 390 1128 1707 1418 556 1661 1250 1456 235 143 65 319 
0.358
13
1221 1732 267 90 1223 1727 1261 1270 1628 510 473 57 894 
1.324
16
1595 1654 1274 155 1232 107 525 978 719 802 1621 1420 1759 985 892 645 
0.1
14
233 1755 1627 1057 626 558 489 391 369 289 177 85 68 1391 
0.603
17
1633 1312 1562 1517 1286 1225 1088 917 912 821 591 528 398 362 61 20 1272 
0.82
15
1430 1722 1703 847 800 612 540 458 277 248 104 81 79 6 1260 
0.19
11
1570 859 352 105 795 1416 745 1696 1527 4 658 
3.38
15
609 521 1683 994 954 785 923 697 1371 1492 377 844 395 214 318 
0.558
15
450 822 641 291 1699 929 457 195 1406 1151 1451 1282 948 130 206 
1.364
17
1685 1609 1369 1543 1083 1040 45 1138 1635 1398 1333 1655 1688 409 350 187 693 
1.31
17
1165 1729 1390 1753 1209 926 881 820 786 442 431 342 315 305 258 56 1062 
0.349
14
1504 1547 1447 1399 983 791 736 710 533 420 395 287 153 1432 
0.642
17
887 1050 568 1427 590 1259 899 914 1743 349 346 308 180 133 99 85 542 
0.823
16
653 1692 710 520 431 1349 1545 1344 1362 227 1158 1109 905 833 8 144 
0.823
17
106 1330 1745 1583 1159 1510 1222 1731 519 1437 29 1132 1284 1557 1449 602 730 
0.105
14
1536 1475 1507 1170 992 871 868 786 774 619 463 384 242 1415 
0.766
15
1730 595 421 265 1380 1289 1700 1455 1132 1234 916 887 671 476 1091 
2.506
15
1036 878 717 571 646 1471 1683 1636 1739 1263 1168 859 496 284 1355 
1.344
15
1367 1725 1579 1563 1484 1530 1140 931 767 701 631 629 368 138 1210 
0.241
16
964 914 1378 1430 1386 1299 1210 1090 1012 875 866 861 579 538 482 1356 
0.838
16
665 433 368 1585 1738 1615 1493 1432 1402 1137 1056 1006 667 651 17 1483 
2.618
15
1590 1566 420 1295 522 1583 1004 878 1507 786 775 1499 684 310 330 
0.967
15
1584 762 617 1744 1045 1587 1362 1090 836 788 709 600 298 167 878 
0.521
15
1761 1773 1595 1312 1218 1123 1063 749 391 322 305 234 130 23 1349 
0.357
14
1542 1201 1621 1173 1051 886 1360 1336 971 779 758 734 358 780 
3.103
19
1297 1539 1320 1508 1439 1702 1057 813 662 637 572 530 509 443 296 281 134 101 1073 
1.045
18
946 1625 1237 1275 1455 947 1025 1568 939 901 839 714 641 357 278 255 32 932 
1.013
16
769 736 735 305 230 1498 1404 1226 1224 1127 1105 873 713 535 491 1558 
1.89
13
888 249 202 813 839 803 1014 1059 1006 13 1293 335 1227 
0.098
23
1676 1775 1087 188 1587 1009 1182 739 1073 1084 885 316 1232 1717 986 1397 948 1342 405 597 1012 342 811 
0.095
13
1349 348 1358 1691 1138 887 1191 1175 464 420 283 243 879 
2.571
13
1302 1217 1356 1534 989 858 673 484 260 240 215 98 1012 
0.591
14
1450 1232 594 588 1479 1665 1418 1089 1309 1663 614 562 413 824 
0.92
18
743 1770 1743 889 219 927 1760 980 783 1380 479 748 1607 468 762 1128 136 404 
1.226
15
211 62 1535 1332 1660 811 1257 1388 1138 808 419 228 124 96 281 
3.706
15
1762 632 426 150 1423 1242 1138 772 1546 415 353 312 281 56 429 
1.088
16
1276 448 1718 1257 447 505 1216 1130 1663 81 1772 1668 153 944 1322 1508 
0.099
14
538 1569 989 490 1089 1771 714 1449 987 330 301 120 77 359 
0.282
12
941 560 1532 1202 1066 1000 887 661 436 420 327 1028 
1.339
13
184 1718 1426 1215 1214 1208 959 801 573 251 217 2 1408 
1.588
17
1748 1014 1542 1770 434 1374 1683 1737 1090 1630 1007 1697 475 200 1297 145 191 
0.864
12
246 124 829 1025 667 1220 1084 1572 572 287 1507 1421 
0.094
16
1665 1201 755 1222 652 723 1417 844 526 1248 655 1029 908 1026 195 466 
1.232
14
1444 1624 1414 1309 1173 874 639 580 429 426 328 102 36 1312 
0.404
12
1000 1762 1052 609 1143 1250 1156 1574 1237 819 196 546 
1.056
20
1742 1594 1433 1422 1325 1318 1297 1103 1093 1081 1047 645 532 488 487 447 444 259 146 1387 
1.046
15
552 826 1411 550 1067 1669 404 362 349 299 186 158 68 57 458 
0.868
14
1560 1481 1447 1326 1058 1045 911 862 618 609 196 162 32 1748 
0.526
14
1224 245 1602 1285 1702 1149 1087 731 730 646 364 336 184 1142 
1.13
14
1629 1354 656 1421 665 889 1737 1428 1380 1349 1493 373 329 619 
0.581
15
868 1265 1570 1234 595 590 573 559 365 356 351 152 78 3 713 
0.306
15
1062 1268 606 415 220 1343 1199 867 842 631 376 256 205 70 843 
5.048
13
1498 1531 1499 1439 940 900 880 829 685 645 125 27 1006 
1.044
11
1706 1613 1522 1484 876 820 762 488 256 71 1765 
2.972
12
137 1687 1335 1359 1451 1361 1273 1200 915 688 67 1333 
1.076
17
194 15 549 875 783 617 1320 171 1156 1055 1393 1344 1411 1482 1433 1629 303 
0.102
13
1757 574 472 1496 610 1083 992 1476 1092 1330 1497 65 280 
0.269
14
880 1480 665 559 952 1155 934 1701 1684 1592 308 293 93 602 
4.027
14
466 1639 1722 1134 1772 1527 1053 740 732 721 625 623 78 1112 
2.707
16
1412 908 1303 1483 701 755 1644 163 1646 437 666 581 1108 1570 1022 1255 
0.101
12
1033 1727 1513 1368 1357 1198 1180 931 883 690 485 1711 
1.334
16
558 1705 1266 690 1348 151 128 47 907 1422 833 592 343 284 29 544 
2.33
16
1500 1601 1624 1239 1221 1168 1001 974 847 824 632 593 152 139 129 1329 
2.235
14
1413 374 1765 1511 1386 1496 1412 1267 893 846 693 637 552 897 
1.587
14
1021 1388 1118 981 989 749 1326 1244 1279 1415 541 463 140 582 
1.434
15
1652 1184 1457 918 123 88 1470 926 877 777 689 437 203 44 947 
0.598
16
1606 874 1044 938 1607 619 710 1499 1206 669 1750 1766 438 274 189 507 
1.065
15
198 47 1437 1398 1080 1547 1372 830 590 485 482 288 190 36 963 
3.469
15
429 1072 199 1215 1749 936 1581 1718 881 1133 83 1201 1062 1769 1419 
0.096
