28
169897 22684 18460 17675 6627 964 92390 128775 137125 122292 174341 165550 105967 176646 153833 135918 91435 89889 84377 82518 78038 56802 54851 41713 36965 28970 11900 92140 
44.812
51
153980 161306 119450 154865 135366 91689 89117 79584 79080 73453 67456 66145 58625 56291 52622 44001 42622 42346 11013 106890 147098 131619 164804 173117 152548 132708 117567 153358 113158 132428 120967 118394 145970 134084 123402 124340 158091 128262 131215 130206 102401 101025 93470 92986 82223 74574 69081 65066 63193 38580 105864 
61.169
34
13525 127404 170294 154088 123131 147854 129050 138065 148520 174591 94391 87246 85632 78049 74163 63595 61539 59408 54436 54280 53275 43174 36860 10054 6112 783 163024 94917 89167 73673 38162 19270 18901 97687 
167.522
36
103894 62715 153362 96608 119083 142401 169611 165936 71116 75029 108685 153443 114298 73985 135223 82963 123273 146047 111089 60450 55127 45435 45170 32450 28512 22992 22812 18036 13234 12150 12106 11813 6700 1577 789 56458 
50.653
37
136257 111031 176150 172282 168900 145178 148464 141526 93762 158184 112000 106126 96488 140356 68054 40073 37220 23477 22318 17762 16239 15602 14177 97953 112372 133123 146092 144524 102098 122199 172816 136979 146683 72009 47384 20018 75698 
36.978
39
146540 162496 170194 155839 131370 115726 113098 90718 90639 81799 81237 78792 71852 70621 50190 46729 45903 44974 44959 41282 36512 29451 24297 19506 16693 10419 162631 151202 157703 142096 141821 140952 136802 54544 26914 9288 8650 3378 145635 
131.113
41
159899 138184 139425 162238 152046 156526 164999 165957 163157 155417 154694 138587 136557 132934 125027 123503 121688 120926 120901 119299 114942 113441 92643 80314 78901 78760 75375 72560 69327 65823 45337 40657 39360 36117 30904 28968 26550 16664 6108 4912 137620 
32.154
33
172648 127502 130067 171686 157063 114308 150251 121308 109533 100269 88240 83255 75645 52602 50358 45743 30885 26838 22670 20794 14456 3455 151699 106406 105511 99144 77044 66859 60449 57286 31455 24687 113036 
95.423
35
123181 147611 127959 168132 164587 53176 132783 82786 125903 38320 19775 8075 3381 2922 98240 174113 64510 87993 136092 76520 65112 63868 146128 74892 73287 91702 148499 108170 170478 116487 47121 59033 100098 37193 39630 
102.298
48
53419 38691 19290 14270 160564 155973 172836 165351 165685 174998 177806 164520 142057 137019 132888 130288 126627 118819 116274 109589 102390 101109 97823 95975 90661 87997 82113 81004 76303 63175 60324 57725 51452 50438 50189 50052 39190 37284 30116 28917 27938 24292 18651 14438 10743 6220 4215 139469 
35.545
43
74328 68720 159935 124023 106334 101980 149629 67760 166453 118938 122549 154379 153395 84981 98198 68974 117890 83835 144476 165974 69335 131175 165598 119893 140843 115973 62607 65711 115844 176457 142704 59721 54948 40952 25643 22874 5335 54155 45490 39417 30362 5759 61996 
73.562
34
133171 108073 73789 58483 31988 28591 24493 19161 19100 15355 14478 13912 7701 190 152017 161846 141467 143472 158068 137103 156434 142119 167473 123962 94669 93460 82262 77997 77810 77491 61781 38900 2073 136843 
37.559
41
164823 170486 141836 131155 130336 127133 120865 117854 107067 105823 105092 87257 82519 68199 61786 58766 56263 36087 35827 31991 28148 20338 12767 8548 156335 164444 172348 153434 174972 135600 126750 113603 109603 80632 74114 72799 66305 53045 31635 26931 151660 
88.117
41
170172 107705 111769 108852 76451 72288 116503 151353 140811 151004 113785 64917 127647 129706 154193 79937 130210 61677 146206 52519 51542 40524 40213 37576 35305 35142 28014 26170 23704 21881 15059 11307 9288 9108 8565 7798 6557 6271 3379 2862 56765 
35.324
33
74388 72591 70866 51531 34064 159271 85659 154226 113818 113153 109680 164397 108312 124945 141047 119882 105685 88264 133391 71807 70145 62608 60371 53618 45293 32464 29637 27869 26185 25392 21801 13362 81777 
33.18
37
36039 28409 2720 170684 143554 141205 120402 112161 110285 106902 103793 101290 90374 74692 70144 62398 53178 51824 48521 30073 13104 22389 17311 9184 3465 171823 170742 156154 106250 104504 74904 64768 45639 35018 24507 2323 163984 
84.485
38
175047 85001 41345 64029 154772 85893 162581 126676 133367 156925 86212 89919 114863 148209 92277 149020 72842 108735 30996 24877 20617 19679 22397 14434 97246 132040 113361 111017 120118 92931 52748 129875 136983 15442 8547 8419 709 34817 
91.102
45
162871 141439 147666 98794 157923 162927 173789 131607 109018 143740 159318 115370 110787 141301 94357 165323 148184 79139 134790 171865 73967 69574 62660 62598 62395 56366 50584 41613 40492 34812 24524 22992 18018 12743 11092 165788 108521 155546 109975 151465 117544 155198 69290 2227 78221 
51.979
35
163379 156983 65790 64903 53069 29279 150567 133211 128775 149420 169250 168278 139925 149313 109907 100480 98456 97548 94383 96015 94216 68155 66986 45723 44801 8207 3542 111793 165480 139608 165657 116392 102447 33354 110894 
155.997
42
174144 93197 120619 44748 104889 121940 132903 153990 109351 149159 87464 72059 147404 96546 39994 29156 23871 21123 17581 16132 14854 9662 2242 397 122463 54325 111808 116114 73962 135910 153647 44237 104656 73500 163391 163707 39695 35979 19826 13496 1509 41689 
155.492
43
163533 170173 151595 143610 134319 129370 128115 126090 114548 108141 100347 97643 95176 93977 93745 92025 91168 82746 74563 73682 65113 64418 64267 54919 46536 45046 34659 28533 28506 27110 23512 19051 16411 4071 174075 157294 163106 177806 137896 55694 30409 27162 156407 
124.35
45
142465 175219 125465 86831 48856 34028 29023 12766 154356 95065 27875 153497 45336 14556 164543 88321 167594 40281 124718 15312 131128 111622 131034 63087 42375 162687 55096 26643 2343 5900 147697 93964 134098 151254 67678 149871 131858 177041 13188 117533 22245 107564 132449 12453 9654 
28.877
32
87067 74806 60927 117602 79558 146807 177905 126422 126882 101988 164755 89979 100821 56900 49538 43844 42596 40531 34987 34326 9103 162883 133390 158516 82612 77559 91790 115148 157916 81136 6855 72431 
175.132
50
63969 5224 113294 155465 168951 118965 136775 129005 111445 134931 157961 156138 144261 92018 90154 84835 82745 80579 75264 74827 74580 72146 65177 55435 49006 46296 44841 41931 30293 23980 22933 14534 10035 10017 6300 2059 151565 114446 133316 128486 120082 167550 88005 59588 56192 46717 37389 30379 12146 93493 
155.261
57
26333 5880 40097 101597 172276 80989 27033 45565 156676 92095 124424 173821 69829 160687 116111 113619 115593 98889 113026 109089 160386 86125 143093 24014 64472 140858 117887 62281 32350 37740 112435 76667 175886 73679 128493 174040 170012 71678 127109 13338 68412 147862 38305 90309 145713 169416 174963 114492 96506 153855 147387 140277 2579 129068 99123 17804 27317 
14.074
39
16901 9061 165503 153884 126946 158528 130357 124374 98054 139304 177526 132046 163535 146350 155915 131943 136213 82588 66983 62111 61657 61450 57978 41185 30278 18433 16297 147856 109568 137348 173449 145994 88681 72184 50943 37517 20424 2036 90424 
138.94
45
133045 146846 122287 124341 149237 121029 173700 148210 144523 110748 101542 89420 86950 80327 75817 74648 72628 60131 59112 57720 46539 42923 37349 27670 12599 8575 4937 175963 126017 156493 135904 165243 140400 126849 105988 92703 87818 86215 68967 36846 32617 11344 7673 4946 116755 
104.664
41
138308 155910 135832 111250 111655 127702 123021 124447 136840 125489 143802 123958 100233 94846 90100 89819 87795 86121 72442 70813 58212 57731 49967 46392 45701 38277 37369 36002 34808 3364 134053 110270 167710 127018 150734 101313 68208 60820 27855 11196 106786 
92.712
39
101750 172050 120710 93370 160849 124833 167692 96882 52181 48530 45414 44125 37693 35077 28702 28645 26412 17457 8704 7485 172348 148999 97486 115172 92314 166875 163993 143910 174829 133758 91992 130566 177820 144193 81655 46138 25042 2519 85695 
45.89
36
107360 15839 126843 14711 150676 51551 136645 175879 36508 85887 114123 125330 54079 9722 131991 123982 167700 52477 102505 93409 140682 80078 89429 63098 153108 59414 140492 103422 104039 136721 22292 176976 59363 9502 68304 62632 
25.648
33
149648 135536 135064 132261 127963 116301 109860 100570 99260 93019 85863 82295 77832 37874 35459 30185 24226 14942 2537 1823 166725 176154 174925 152373 148742 142877 113038 106155 82248 73563 52245 50981 164618 
49.616
48
119955 157979 80809 43435 50893 11950 160134 68699 105276 173341 55066 15317 160753 57334 54710 157550 28806 138922 44150 177016 3271 101344 16492 170933 141105 169324 160409 129469 139332 37142 136870 124031 78397 94126 139139 6963 79047 60939 152473 84179 23028 117141 126099 129489 66902 43693 147705 152030 
13.826
42
164552 168436 151802 75168 73040 52080 42761 28795 27401 25152 13493 11645 4873 4356 1888 146214 136473 166954 138280 147085 148792 166370 153735 129757 126263 124898 110705 110686 109631 105555 91595 87049 86234 83072 74425 57375 39594 36780 23252 9791 4020 133042 
77.802
37
166307 176413 169170 100884 161353 125280 151830 106518 169450 143230 103091 109609 111123 86384 83188 81346 68998 68028 60941 58952 58177 41096 37842 35315 32227 24827 17470 13438 170799 163115 109772 143540 92618 62855 36399 35010 94706 
53.765
40
80780 61951 41909 38627 6663 152379 154764 150381 164034 150309 144997 172398 175367 169008 173498 150915 134342 130971 130548 128905 116381 113988 112587 100745 93924 83089 78146 71205 62707 57490 54362 51141 13971 11697 3601 3257 140859 137514 124087 141243 
63.357
41
145705 171139 148631 145564 149199 143015 137086 126400 122818 121624 114979 111805 110942 108201 107738 104517 91079 85235 74044 73089 59344 59024 58159 52914 52518 51788 50064 48002 46123 42576 40092 38196 26369 23208 22729 21552 17289 10436 10402 9397 145178 
60.529
38
108370 164325 65693 58211 35075 168356 165079 123373 149491 177887 138681 125141 128029 169831 105054 160611 124023 140670 102448 101764 100757 95690 93283 85554 83064 73764 72568 72004 71773 59640 48924 30293 30267 26889 25062 21445 9067 104371 
43.746
39
127093 169863 153450 10483 139640 210 128848 162221 79721 116894 96347 67297 95467 79030 168236 158571 51033 64171 91140 139659 120858 147841 87527 53650 49341 72551 146777 75041 88545 127004 101031 10697 75268 177118 53307 75784 119091 140328 53632 
25.85
43
175002 127716 138732 137726 63245 29110 30183 72930 168991 9919 31900 108789 103083 34380 124522 38286 33124 151047 73832 65286 67905 155131 57277 175267 132358 159220 132840 144594 63405 110956 95607 119067 66900 68837 72325 163645 47808 149305 119996 42349 16782 876 23172 
28.54
38
41614 26601 20046 173746 170851 169244 168796 168416 151028 149605 145137 137844 134721 133494 131529 130313 128866 125670 119042 106116 104958 104424 101730 100607 90819 90134 83001 65571 64896 63442 59951 45507 44502 32575 32187 22504 17997 171811 
25.117
32
98502 85290 20819 92271 116678 109842 126162 149525 92510 63574 75712 118215 165020 68915 125028 119696 58059 170117 161353 97216 167464 90021 150216 152864 81879 44295 43200 14575 61974 30991 9286 50817 
28.666
33
96095 149840 130674 109158 57942 130781 152510 77569 139213 107288 57649 172319 72384 106310 94552 44475 56796 114848 176886 55615 12958 33346 163550 177326 107856 111717 121104 45179 111080 114625 54781 40013 44403 
194.474
42
115140 94133 94085 84126 82718 78115 72452 67834 67760 48564 41470 38673 30763 24897 24367 7328 172771 171372 167066 169740 169874 128040 123675 122856 127588 118981 174524 115903 160367 108818 108056 99131 87846 77589 76926 70227 53270 42598 33096 28358 9692 115703 
64.2
32
82643 1766 88333 120746 176985 102531 110636 145316 177902 80268 92131 65059 65025 39916 37947 9601 97952 104692 138548 105730 91294 152360 148341 83913 148702 157163 62349 42568 24214 11437 9789 73806 
94.281
38
115389 133817 150046 136764 149942 88841 135342 87890 107061 152004 100365 136964 177610 140797 87442 176317 148596 107914 72761 72020 65798 65796 65173 64939 57618 55072 44696 43126 43003 39988 38076 20900 20077 19670 19665 6906 3702 77017 
60.976
37
125759 160174 166827 102102 160451 174148 107815 174378 115308 103865 160220 85857 85663 71467 63277 57502 53607 48094 46581 27483 26596 18194 13086 91479 115313 151448 175452 127296 136817 149716 158903 168581 86170 81936 61657 45209 86272 
96.464
40
167719 171658 167230 168185 169788 155559 142904 138215 137766 135760 130870 130524 112146 110509 108670 100623 98578 91814 85619 80142 77834 70667 58227 57834 48708 45870 40895 36835 29691 25879 14623 14612 11839 11195 10492 8756 6916 3665 602 160464 
16.695
38
96104 107205 174827 155675 148822 95912 149198 135311 173447 143399 88578 96742 102971 117577 175116 124400 69164 49210 41549 40213 28528 24152 19554 17824 9722 8130 7527 6263 5781 82125 146384 164698 147467 111311 99520 101790 26181 77676 
140.726
39
124348 79616 110894 105087 158244 167615 124358 15020 7943 80251 133196 85900 74182 65306 173162 81207 59500 77748 154875 58926 139181 66689 133358 176014 154763 77145 175093 94674 73324 95904 92776 118733 117896 117078 63861 31016 24104 2681 56200 
42.099
35
75646 64634 39184 552 150980 116773 107237 82299 106726 143280 114152 152498 51817 51634 42569 27438 18154 9123 4665 173257 168056 148025 171380 124642 157785 167487 136017 92255 110030 52949 45285 16481 13515 8890 67060 
75.013
44
126889 154570 87588 138831 164818 107763 116358 81302 161002 146762 106302 87746 69199 88969 133215 100513 132566 107577 78938 161458 65961 60988 59837 51046 48183 42423 40886 37087 28808 27084 25896 22162 19351 17691 13933 1162 109362 106571 176013 112056 124956 24157 13149 66118 
93.291
33
168314 166278 168735 126445 119084 111448 105026 91997 90462 90219 88559 82540 79396 55259 54543 49463 46388 161560 171451 162269 151558 147886 128515 121248 101500 97972 94551 89441 83094 82276 79265 60166 155397 
57.995
42
105736 94094 81782 103185 94075 156638 82178 136733 160024 159845 167773 105786 91176 85832 171245 136650 152994 161669 175324 170083 65765 65807 44642 50610 37312 26065 25002 15556 9254 5467 103710 101460 141745 87058 81295 81017 165253 80260 134669 30169 16317 68305 
66.938
32
33099 17482 14736 95456 38096 86705 118081 70683 91490 144777 173173 52882 87652 79663 77464 96884 166100 27701 17163 3904 2422 783 169711 48335 147064 155073 54486 95294 31637 31296 27832 33233 
107.408
35
52449 157234 137051 105247 55695 153500 49528 39730 62050 117349 94660 126759 98307 144508 168681 58452 91076 169059 135458 29636 12089 11808 8147 4278 500 112156 113042 96037 74215 70979 108054 75420 16533 13714 31786 
67.914
38
170454 70687 69156 47364 20048 14584 13058 10789 166973 155187 160553 107942 138797 160399 137988 115304 136895 116360 161485 124559 163201 126086 130310 166461 106129 96336 89640 83938 76013 66529 65913 57357 56705 54317 39133 35921 22250 106985 
74.476
42
69358 133244 99230 169073 87797 147721 90198 48212 79605 154820 42569 66524 38162 23174 20130 19660 18326 14890 3790 52938 134680 58963 43949 91186 129399 93843 118737 52559 123468 57924 108876 77593 125894 37956 37515 32955 28973 21323 19028 4193 1161 41701 
26.138
39
90644 70858 69869 126840 150602 129940 175065 47362 89003 67427 159728 166481 141168 92114 60832 102921 56202 144363 153395 167228 163496 49575 39413 164412 61475 106027 42589 150364 78283 65174 31792 26353 25416 13026 12626 10852 5311 3499 36033 
43.336
42
125950 113036 104478 87835 87236 67417 59711 55648 55341 48231 45168 35699 31922 31146 25154 22148 18469 12937 10914 9397 2138 175110 156716 171441 170131 149864 146932 167087 172507 166505 149660 145277 142158 139950 139407 117615 107988 103951 68178 54337 42612 143770 
64.242
39
175960 166986 159939 139591 126775 124612 112823 77903 74188 63428 62680 62516 54665 41893 23891 19377 17092 11009 10135 7914 6746 1248 174747 171971 160847 152091 148579 142804 128242 126952 126460 116916 106994 87210 73235 48105 37031 32102 157547 
118.594
42
115223 132933 131249 108670 169359 176759 170047 115529 74350 163037 84511 69891 165908 100936 96069 102337 173043 118208 104396 152308 146922 175269 84036 86101 118209 144777 62181 60241 58715 53960 48051 41458 40142 27573 19680 15848 12166 9575 3589 3406 2241 63823 
25.269
45
119829 115771 112488 107418 105129 78137 75746 67155 58032 53402 35367 33331 9705 5112 4340 164528 173044 149232 157176 177568 145297 142997 130680 125440 115798 111378 105797 102705 100937 95618 94900 90446 82215 76686 63643 59064 48370 35352 32698 32316 26288 22608 22387 16646 148094 
29.027
33
26533 136631 106327 89021 149086 100648 71126 71737 131109 145451 82149 125355 81861 129339 158984 156488 120259 48719 45128 43017 28981 26499 19972 19488 15113 9218 7180 6047 154391 105645 69138 7885 56887 
48.209
38
155585 132650 67595 135904 114485 123303 147128 66163 87954 80549 79771 149402 173804 55336 52685 86963 141665 128331 167777 140418 104323 61835 153386 72533 91599 85426 147322 51948 48591 44516 35271 29589 28981 28745 23764 20101 15534 52115 
21.314
42
129459 129005 137674 144590 162409 73378 67207 64585 52016 44902 33419 32106 8885 116636 92405 146688 104736 124190 92195 106997 107873 99306 155262 114638 106245 176071 105466 110423 170899 86739 113029 79531 70389 69414 69097 65013 56663 49033 46700 35672 14178 82551 
96.869
35
162689 2830 33666 169704 21884 134213 91534 130799 116110 531 27670 122019 105341 126928 99761 7239 96169 76397 61099 99978 51732 8553 80478 34248 1766 163141 93973 124525 16478 96867 176920 8799 104316 174442 2551 
20.827
44
35732 92562 30227 107770 114699 50144 115745 111415 122242 55815 172813 54615 114350 78701 70893 62361 115669 86471 95831 49586 33431 174054 154974 58459 165357 50429 123680 153984 18967 143980 136718 90425 145261 9497 132241 78070 101533 148506 1124 165507 139567 46733 111082 167427 
21.028
52
67672 174014 144211 135875 75147 63593 56256 119926 154748 58838 119542 110515 155879 68525 90677 136903 118639 82720 59434 172694 111226 53460 50160 48063 47208 45098 44226 38767 36506 35669 27449 2138 127978 153547 119401 107485 161707 117903 165670 125677 155468 144342 74714 105210 153340 166610 54193 44112 43126 24370 9345 55322 
82.144
38
155466 141190 169637 138544 165818 134478 174330 161090 120585 176908 136787 177050 140577 107830 103539 100288 96529 93757 80763 79710 77671 70472 70224 68455 66385 64427 63685 60923 55148 48527 46432 34534 33301 31496 31207 16999 14226 108513 
20.763
45
74630 65122 85316 72733 105709 144764 160143 149857 81160 128463 106852 125723 170219 73926 118913 151130 116026 146304 122532 108653 170253 100611 147052 55850 50907 49912 42599 42631 16364 33642 26606 25697 23569 12651 8598 102339 116886 128718 60373 117694 166157 114885 147503 8144 53674 
89.534
39
151916 172969 159510 153105 151748 175945 163296 145967 144732 139297 132362 128583 122380 111025 103106 102520 98362 87695 79538 76690 69774 56572 51999 37515 32805 23238 19702 7305 177471 146029 117675 92949 88651 82884 82508 47182 35185 8479 146769 
97.26
30
150758 111726 115381 144225 160689 66987 135553 102135 125668 35714 39712 169060 44804 161091 50195 134130 162552 80163 126229 174485 69158 91844 66169 24030 17602 13714 12554 4940 4735 25573 
14.415
31
137472 159326 120395 152590 125945 177631 123427 115541 123981 151365 143324 113463 173063 157717 159313 159059 168551 132476 111146 105968 102043 97133 73453 70298 62669 62039 54279 48258 29628 14390 111401 
51.762
36
151497 163617 165228 170248 166175 158252 167826 142722 131280 127774 126148 113489 103188 100805 86922 80275 63717 55214 48248 48014 39775 27640 25997 14842 5184 2738 164410 155558 166348 146625 146414 145728 135331 101981 28170 149258 
134.904
58
170816 155053 150243 153043 167853 116649 155028 145440 109203 109970 175573 111009 168907 125694 140549 103638 137923 147728 174652 133673 113768 164217 121473 157092 119986 111959 100232 97724 96725 91160 87767 84280 83013 79330 79226 73748 72221 70794 67624 67150 66426 65280 63924 63046 57920 52556 52534 50599 48390 46873 45194 35294 28091 27263 23403 11208 10588 101544 
62.53
38
38294 106718 116335 116317 62058 146512 78211 77621 170352 128824 73568 44030 149368 173969 156215 153283 103249 121339 119159 149255 130155 161489 117457 163180 85183 55471 52793 23430 19490 17375 9816 5503 5415 134695 165835 129772 16590 29221 
56.183
32
139439 136495 135343 123222 70359 65480 59059 23229 20777 18995 17839 8289 7714 1353 175896 167213 162196 167963 172168 168727 170267 153734 141340 140930 139911 124256 87645 86049 61386 58791 17356 160495 
42.161
36
16215 9139 7435 89847 126459 120461 150065 144081 157033 110988 152229 80854 172761 135949 175748 148091 135296 169474 99870 64709 47894 45504 44086 42080 38885 18684 6977 168197 80321 88714 93808 64766 59024 35125 9289 64928 
71.385
34
36362 8371 102469 121994 98897 126888 59247 95002 175052 65432 157355 110326 167698 86737 106248 47914 111224 52476 50003 32173 2628 155671 52424 116817 53883 67576 46505 107607 78394 133157 38690 27347 14628 44985 
69.271
34
132680 137677 135419 128468 110691 112636 164121 170877 118278 121808 106986 98310 93286 90580 88998 81551 70272 68040 65337 50629 49778 49197 46467 44851 44840 42049 40096 37416 37302 34536 24724 20108 1158 109265 
27.453
36
146507 167255 136219 147183 163566 133008 161860 138445 138171 132677 121644 114228 92433 90684 85101 83031 82944 70235 56780 45548 40509 39600 28926 16909 10991 9597 147164 170208 163755 110610 108762 106896 101172 94361 65264 122682 
90.163
43
104803 115168 170999 121395 154595 167878 102946 156296 171370 151180 153878 153485 161133 109141 114867 134019 108075 169668 132664 146562 103478 177179 151533 92687 78650 72523 71202 62396 57643 54716 51844 42444 40734 34498 27774 26175 23655 22024 15939 12423 11684 9756 97225 
16.519
39
58557 55045 34579 34088 17988 163780 83678 171659 128404 111499 162825 154338 134941 113868 157762 84107 102822 96877 149980 85228 162938 144088 121422 92863 130366 74023 72206 71274 68308 58808 52423 47289 42330 41414 39618 37504 21734 4740 75010 
65.893
40
146428 173146 175738 149243 167389 163769 171577 149386 143772 149751 155113 177044 144818 153469 158810 134495 130209 127484 126335 125029 116113 115299 110194 103334 100179 98325 86703 72134 70898 59348 48344 37640 31056 29335 28644 20662 8729 4726 3503 136376 
15.925
37
139407 166590 148434 130788 139554 150178 176911 129238 130581 123130 124199 120286 119711 114381 113608 112871 107952 106576 106011 97966 89283 79147 61420 59165 43868 41776 41269 41254 39556 34208 32921 31709 31532 12184 2749 1540 122348 
29.491
41
112843 137772 130903 108206 121681 115290 128786 161889 78011 142348 162069 159068 169610 169207 125503 80819 147570 82826 126711 177586 58574 56108 55175 53418 52137 49242 35278 33959 30883 23171 16521 16405 16 79024 112206 62371 54207 43797 41183 8427 64719 
45.158
33
165491 90038 116376 29774 116205 68241 170372 124155 46900 6718 86602 160343 123911 78346 142430 114321 137784 63252 108995 62639 77604 156505 117016 32856 91381 129092 76129 58437 90945 58489 20077 80720 120998 
18.934
34
36659 33812 13810 8457 2930 149677 137218 160455 155723 172844 131786 128597 113664 131167 135681 110850 107554 104213 101215 90451 83181 74767 73797 69275 46546 46328 45234 35357 28262 23024 15978 8518 7342 110952 
67.074
42
154192 137509 104286 91929 91758 86706 85055 83483 83159 72053 57393 56284 38468 32658 31544 29749 26493 25700 22690 20368 6763 172032 171863 164183 161430 160614 159592 159281 153330 129264 125422 123494 121493 109563 85834 81757 75646 61458 50706 48583 41225 175332 
85.365
41
62563 62407 61762 44024 28184 19431 11038 9749 3818 1498 1381 172439 142226 143867 176265 169426 146237 155753 133943 132355 128674 127064 121453 119701 117692 114573 111326 110158 98588 93677 93162 88598 84030 78870 77622 73955 28032 15520 12039 2346 139835 
42.129
37
99859 91129 122128 104514 99989 116636 150893 65472 126782 103863 32525 28375 8241 151555 164045 148942 167530 99062 161111 98091 169942 172229 69919 93599 147429 114581 174718 73684 33256 25857 19510 7687 102089 79538 143342 4514 43634 
101.739
45
122496 136061 144187 135770 159167 122857 173733 172492 118731 168263 166338 130157 127557 149840 159703 117044 107215 102672 93738 89884 89477 76542 72451 68498 63231 62131 59848 59345 59194 56383 56080 47826 46916 41253 37318 36696 32068 29737 26425 22288 19983 12007 9147 7846 117396 
37.423
35
75130 62409 60600 57577 29389 12752 1981 1774 148840 173112 169870 116413 123382 135666 175501 159833 129119 101446 97451 96304 88930 84956 72208 66977 64326 64024 62555 56033 46297 40281 37877 28031 24876 8148 105057 
66.374
39
174101 140684 161584 114802 172035 100812 157683 155373 114317 142334 177377 123892 140956 153906 95107 105278 74856 63155 60802 59158 46410 44162 42293 33716 29977 25513 17618 13974 9257 1913 168419 153108 78446 149396 166058 39711 24601 1795 76569 
166.091
39
35662 89513 68153 174418 101145 108158 98901 149840 54985 131781 37309 130680 134925 163702 158347 72216 122727 32802 103242 71641 98247 118287 25535 17428 30394 29321 6105 3862 154280 52725 148009 155683 105984 56342 107720 53322 31540 7446 32434 
45.266
38
148510 109116 155030 161613 112361 95313 149511 139975 98608 115998 174004 95450 162612 102032 55388 53456 44992 40615 34328 14446 14435 13689 88981 136408 131841 69277 119183 78549 153086 142279 85439 80317 48023 43936 43036 40314 28366 64399 
96.521
34
155545 173235 155548 156820 177800 156511 159405 122322 70518 62865 56378 18459 4125 3438 118954 134034 124010 133213 123391 129824 130699 163949 168633 116532 109854 94215 86010 77611 73581 66432 32851 29572 17121 117324 
56.497
39
94833 125905 27092 3966 2213 154503 112398 132745 118705 160234 172198 116310 176492 174506 165342 82699 64907 62168 46121 41027 35891 29566 28791 23189 19858 12390 184 95787 154787 166368 147517 154809 101336 66778 62299 49999 13671 5228 88326 
113.856
42
61665 50631 46712 45695 29554 26351 22821 16748 155784 176618 146197 135055 124372 149519 131983 161701 168643 161051 165896 128751 122743 116853 115627 114552 113728 104472 102345 90747 89757 81509 78944 73953 72698 66379 63449 52650 41518 28899 17858 7483 7455 122982 
78.948
33
101311 76657 139908 169618 95454 129976 155196 176401 116272 124136 165793 164653 62560 57804 54670 49791 17676 9456 5922 79025 147125 91722 141758 115741 109005 105815 157759 140817 77916 92415 98811 44256 67872 
58.677
