24
7659 10583 7975 9255 16265 3355 10051 15157 12510 8001 14422 10240 11115 9479 11078 8966 4139 5031 2182 2180 1020 966 366 3079 
3.261
22
16952 13206 14837 10258 6226 5750 5724 5448 4690 4448 4107 3993 3148 3076 17372 9672 8012 5825 5124 4234 1802 12589 
15.427
22
11880 956 15196 4100 2981 8211 6344 3880 5403 14411 15273 1335 4032 7744 9861 16483 15967 986 2320 14326 132 365 
1.364
27
17573 16711 16414 13423 16055 15245 16880 12845 11962 11945 11840 11688 11657 10481 8688 6665 5930 5732 5651 5349 4582 4573 4273 3164 2336 875 13296 
1.41
28
16578 10984 8953 8764 8723 8664 8361 7570 6831 5158 5154 3329 2594 2213 1416 1314 12269 10166 10024 9971 7535 7308 6629 6018 1379 877 555 13724 
8.291
32
11003 10479 8403 8143 7399 6366 6070 5279 5157 4322 2935 2572 2226 2161 14734 17364 15747 17088 16907 15717 13446 13268 12940 12249 11596 9932 9552 8453 8400 7456 1376 13837 
25.957
23
16041 14646 12902 17139 15786 11329 8485 12649 16581 10082 6836 12485 11898 7726 15201 5555 3722 3030 2674 2465 2445 1296 5669 
4.807
28
11076 6553 3871 9863 11602 12460 17476 11040 11915 16538 11247 2507 876 9257 15058 3253 13300 7989 8389 8859 5049 805 7462 5131 5510 5494 2855 9684 
1.615
29
4368 918 4364 14417 16005 3540 3383 3154 2330 13582 8699 4544 1702 15257 12665 5968 4737 6229 2990 17101 2261 5804 5389 7617 5015 12769 8478 314 449 
8.677
24
14549 14171 12404 12143 9876 6679 6522 6061 5590 2442 1150 1089 16502 16441 16082 14689 13130 12494 10288 6677 6251 4102 2072 16911 
8.754
27
9284 9037 12384 10688 15399 16493 15355 16332 6285 14302 9539 10089 6818 15164 10848 8519 8430 8159 12131 3392 3156 3095 2874 2768 1926 1921 6036 
1.587
17
17011 16974 10511 9426 9181 8721 8049 4010 1445 876 297 14939 12294 11707 9333 5914 15813 
18.654
24
15457 13337 16213 6870 4397 17695 11020 12621 13378 15327 14727 16868 17005 8764 8324 7962 7189 6532 6232 4931 3552 3433 3416 10954 
8.353
26
14948 9349 15327 11231 12007 4061 14051 10496 10272 7984 13285 7155 1951 993 3699 7472 13571 12210 11469 15296 6357 5298 3868 8422 482 2522 
5.702
21
4895 17121 15315 3396 5091 13332 14373 6635 13004 3097 12030 17357 12251 12622 3773 16520 17661 5170 7629 12722 2054 
3.463
27
11887 16711 11724 2246 15445 9723 8466 10638 15758 9741 17688 5944 9122 8654 6438 7821 3027 10890 16696 1278 3843 11937 9711 15572 1202 3682 11497 
0.918
25
11943 11415 5096 9011 8761 10718 1854 15315 13355 10299 16681 4588 10237 16533 2513 4652 12468 441 530 5388 9814 4460 1508 12056 4597 
0.952
21
17126 15036 13504 13425 10383 9981 8831 8354 6786 6620 5806 5756 4190 3833 3056 2313 1623 1490 426 360 15792 
4.819
21
9251 15075 14404 9995 5662 12301 15016 13435 5888 9665 14116 4458 17374 10410 11193 16296 16970 13926 10401 722 3170 
11.923
22
6097 13611 7602 16057 6196 6490 9901 4471 6650 3461 2366 14035 10852 17578 15344 9333 8407 3215 11059 9744 665 726 
3.244
25
10971 13116 5613 4702 4222 3397 2944 1075 783 762 13867 15242 12478 11050 13288 13859 10429 16715 13791 9340 6173 4258 4044 779 9516 
6.059
25
15784 11257 14493 15676 15213 11399 17287 17267 17258 15222 14917 16570 13724 8653 8467 7445 7416 7392 5227 4529 2235 1899 1092 913 10500 
9.677
22
11877 5031 17586 12214 769 11878 17556 3651 3597 5944 11814 4630 1329 9238 2938 4961 5470 13862 14114 17126 17296 11174 
0.939
26
4073 12176 4868 3047 13851 3814 10570 15590 4422 9218 8127 16296 3784 11368 13970 9815 2335 17132 8445 7858 3689 14455 790 395 121 917 
3.21
18
11023 17232 11262 5920 3454 17319 17314 12687 13978 13479 15310 11806 7783 5060 1461 851 671 7483 
3.195
20
15723 14873 13873 13847 12236 9595 8151 7537 6088 5692 4518 4064 2596 2152 2067 1679 1393 339 215 15311 
3.894
23
13337 6301 2287 390 16651 16402 16210 15801 14604 14353 13647 13456 12828 12154 11405 11170 8708 7998 7464 6962 4878 2071 16972 
7.35
25
17749 14303 13498 13175 12809 11772 10826 10097 9713 9420 5914 5516 2168 2122 1267 583 15189 12791 11352 10056 5837 2787 847 30 16269 
9.891
25
12331 12517 12609 13561 15059 12699 10370 11844 7438 7353 6776 6310 5461 5169 4963 4762 4630 4158 3892 3206 2981 1561 1450 1362 8270 
10.541
25
16053 9715 5987 13260 7778 12511 4406 17608 8826 3218 10940 6426 4438 16689 15830 15932 5724 10689 4444 15676 12089 9451 1800 749 1516 
3.859
20
16906 14604 15013 13414 16404 15358 17119 7464 6741 6132 5934 5696 4727 4623 4363 3797 3775 2081 1973 8503 
2.43
25
4498 6482 13356 12286 16533 12656 17549 16437 11999 11099 16206 11309 17668 9236 3069 17762 12000 14742 11035 3824 13536 13239 1433 970 2087 
3.202
31
9113 13627 14258 8956 7908 12980 17220 8891 11145 14657 16081 11745 11651 11657 15801 8469 15594 15338 17399 12543 13713 7491 7448 6986 6085 4394 3382 2578 1655 1284 7808 
11.206
27
16136 15092 14723 10625 16602 14656 15786 13660 14102 10715 8201 8143 8100 7648 6399 16534 10806 11306 11169 17525 13474 9874 7498 6599 5630 4567 9920 
5.608
19
8366 13918 9772 10259 17222 13755 13381 11306 15078 17541 7847 7770 5386 5019 4561 4400 4080 4035 7965 
11.327
26
11353 10971 9517 6442 3079 2560 2042 15747 8532 11626 7552 17211 10496 7830 10700 7744 12728 5992 5896 4238 4012 3626 1008 9210 850 6808 
19.437
19
11612 11047 17056 10046 12657 14294 14258 15047 9591 7682 6335 3087 1629 14457 10038 5304 3985 1625 9822 
8.526
19
9523 16682 9403 9092 9040 6913 15450 14044 9945 13627 6720 13596 12021 10648 4641 4101 2572 2055 5562 
6.055
29
1339 15635 2324 12509 5085 16229 17338 5386 17589 13758 14478 916 6341 12109 12651 2417 12158 10889 13245 11658 5656 10335 2696 6236 15712 535 10761 11807 5114 
0.928
25
10054 9503 7895 5968 5222 3267 2740 300 16972 16070 15406 13544 12430 11580 11034 10947 9800 8137 5165 5020 4804 4633 1234 741 16007 
6.302
26
1690 1403 10595 10129 7094 3159 4590 4460 17477 3277 11273 13097 13537 5015 6458 9882 17192 11055 10125 6643 4586 2821 11636 1723 1102 2589 
4.243
21
10702 10678 7618 6672 6253 3683 2830 1131 228 15957 13986 13229 13082 12429 9358 8472 7716 7266 6533 6444 14220 
20.437
19
2182 6601 12716 11871 2665 16660 12005 11798 6271 7671 16979 10948 16823 2209 8410 12861 14316 15518 2876 
1.59
31
16584 6053 12039 6021 8393 13246 13878 6028 8123 10834 7167 14970 6849 8306 9537 11696 10656 8125 13580 8131 5674 5187 5107 4976 4740 4517 3937 3281 1632 47 5711 
9.472
22
6777 15292 9741 9676 16805 17747 10093 14894 4477 10440 5311 4049 17701 14258 4886 8570 5509 4543 4708 2952 465 3851 
6.221
21
8610 4186 13422 15516 8742 17349 4954 14103 2934 2299 328 16493 12879 16679 10432 6588 8785 14750 7719 491 3295 
7.115
27
3983 3747 3094 6973 1471 1114 16072 11778 15690 14568 14196 2232 6083 15109 12598 14388 9691 1914 5336 16810 11007 3178 4899 12382 1629 1051 1767 
7.475
24
12052 10526 7260 1096 657 17585 16950 17740 16259 15935 14548 13920 13056 11991 11691 10225 8072 8071 7768 7162 2169 1973 319 16198 
2.401
24
14792 6108 9909 2846 14117 15947 13541 875 13070 10570 220 12244 8850 14574 5798 14050 5709 17408 14552 10167 8977 10445 16541 15153 
2.98
25
12969 10805 15533 10592 17280 15682 12237 17434 10248 11457 10363 10507 9141 16176 8610 7784 7395 6417 5295 3566 3512 3337 2234 1862 8050 
2.339
26
9550 8100 1918 2310 16163 13259 6672 9805 12907 10253 12701 16812 2890 5369 17266 7586 3285 1768 12680 7935 4056 7617 3856 1082 273 1572 
7.927
23
13230 14498 5327 8271 2063 782 15976 7953 15962 433 11695 7851 12306 5012 14788 9213 14456 14688 1193 17347 479 2810 11654 
3.096
18
12894 11034 2373 14312 16447 13228 12380 12316 10840 10060 8852 8285 4586 4510 3468 1869 1514 13491 
6.173
24
14464 15831 15190 14794 16536 15002 11947 10937 10760 10289 8333 7960 7479 6302 4160 4082 2106 1804 1780 1250 1132 469 171 13901 
12.654
26
13885 10062 12551 15747 11970 13516 14076 14783 16472 10858 17163 12643 17781 14310 8520 8351 8316 8211 7977 6828 6393 4032 3943 1933 1557 9799 
2.976
28
11240 846 1606 3846 3206 15339 5455 5149 9592 6886 16083 9083 17605 2814 7612 5527 13467 4426 15767 14989 5928 7783 16756 9622 1838 6557 490 798 
18.164
27
16414 13785 17275 15507 14760 17169 13617 15380 14881 16219 13026 12873 12833 12429 11858 10517 10082 9420 7932 7477 5670 4347 2779 2559 1678 224 13384 
12.025
21
13265 8283 8104 6370 6094 3602 2693 2338 623 373 15524 15643 16884 14927 14593 13296 10913 8821 8188 5503 12595 
11.901
23
14551 14026 10950 17092 13669 12115 9555 8669 13630 11968 6980 6213 5277 3166 1267 10084 13535 7171 5201 4840 2339 1633 8492 
6.386
22
7306 6844 6683 3199 2536 15618 14986 16258 14200 13716 12923 12636 12358 10418 9628 5452 5208 2462 1662 1307 860 14830 
12.322
20
12162 10636 6299 9525 12003 16069 4891 4086 2577 16528 16462 9566 11818 9261 11634 10078 14082 6042 60 5388 
18.112
26
7426 3378 1436 12197 13528 14945 13721 10825 9971 9621 12675 13403 15992 12417 8376 7754 6655 5675 4244 3884 3358 2944 1504 779 115 9368 
2.266
24
14511 15283 17340 11044 5625 3589 13964 7261 839 566 11349 12717 3866 14133 14863 6306 6512 4538 2683 2550 2547 2155 16 3022 
5.013
24
5359 3539 1838 1590 17334 13027 12998 11244 10157 9632 7758 7335 7283 7198 7121 7093 5773 5725 5115 2915 2636 1301 1062 16525 
3.402
24
7648 6629 11026 6821 6731 1532 4477 6219 14553 9921 12926 16528 9088 13934 6220 13922 8619 8804 2225 4821 17691 8651 1186 1432 
6.958
24
16735 17793 15668 10091 8621 8388 7530 7265 6598 6496 5283 3908 3516 1082 878 12533 12275 8687 7349 6463 3796 1968 4 9325 
6.406
22
16960 4764 16232 12733 7770 12325 6097 4933 4096 15603 11402 14000 6648 8088 13419 8299 16470 6452 3251 795 750 1129 
6.596
21
16361 15378 16946 16114 17625 15323 14227 13856 12899 11842 11194 10450 10378 7556 6408 6367 4685 4638 2450 1358 15121 
4.16
20
9751 8272 4542 4791 15127 16970 10940 14489 11871 3236 5742 9569 2495 7582 15558 473 15858 4848 13126 12879 
3.991
24
17151 12587 16767 1166 327 146 14439 15193 16660 12403 10182 17723 12765 13962 10568 11754 8057 6830 2543 2518 2337 920 323 9385 
6.614
25
15938 16409 16438 12771 17098 5046 4460 2813 2573 2036 1983 14511 11928 14239 9941 9145 14573 12540 8318 7904 5506 5411 4758 2452 7361 
6.003
19
4344 12923 11981 11168 11032 8771 4939 982 866 13796 12235 11803 9534 7388 6963 5629 1900 26 16730 
11.568
32
10963 13938 16775 16954 11704 16763 9920 9081 15824 16609 2791 11916 14981 9532 14174 16583 11252 17372 14072 16140 12513 16248 7110 5912 5885 5812 4008 3677 1284 1065 77 7904 
12.322
25
14181 16247 15480 13273 12917 12787 12331 11629 11202 10904 9375 8202 5326 1119 660 17152 17389 13567 12643 12057 7897 5060 3195 1624 14172 
7.73
24
14465 12809 15056 16652 16781 17214 15780 11109 10069 8845 6821 6726 5550 4184 3775 3681 3502 2425 2150 1272 996 707 217 11201 
5.227
32
17429 13676 13473 12639 12101 17588 14352 10399 11097 10521 10402 12574 14745 9979 8903 8059 7909 7505 7436 6533 6445 5636 3648 3504 1896 1693 1670 1583 1569 1554 216 9201 
3.442
26
10524 9054 8828 8396 8203 6650 6407 5190 4699 4165 1893 1706 16837 14626 16088 13260 12341 12228 12091 10810 9586 9255 8504 3304 1375 13850 
5.549
17
9625 8824 7154 5098 2298 16601 14670 13204 12912 12714 11949 7101 5405 5031 4414 3581 16804 
2.62
26
13994 14192 17530 11975 13373 8915 8217 7481 5608 15845 16573 16733 14372 17382 7203 11513 10001 8673 15136 16476 4867 4771 4768 3828 3024 4938 
5.668
28
3076 11014 7586 10471 1515 15548 6819 15003 2993 243 17744 6008 11601 4286 1478 4111 8928 8170 3018 1606 7216 10513 5299 3029 3290 15565 3350 10695 
0.904
23
13416 13066 7860 15304 6838 8299 12051 11350 11512 4395 2459 915 8454 13070 16967 16705 16911 13499 11720 17660 13584 5768 6064 
24.838
23
14732 5439 14598 14440 14897 4469 9493 3384 1896 7528 5543 16487 10120 11481 11393 5496 10431 7105 13934 12444 1912 304 3980 
12.416
23
10629 10222 9677 7715 5160 2658 1725 716 331 17433 17284 17525 17666 16195 16953 11413 10802 10259 6530 6131 1626 1337 14842 
15.326
21
14574 16183 12290 7748 7010 6812 4935 4507 1466 16267 14561 14054 17162 15892 15396 11266 11071 10263 9298 434 13930 
5.757
18
217 17491 17671 15318 11701 10432 4799 2495 1764 603 11900 12384 13708 14986 8524 3753 2415 8925 
6.968
26
9029 13539 8518 11727 7826 15324 16194 10815 8400 10809 13910 13938 11400 2733 15146 14580 5933 13806 17225 17057 7507 5890 14260 4038 178 319 
1.431
23
9836 5577 13166 5749 13107 7779 7591 17144 3887 2383 13254 16092 7311 13197 10535 11691 17123 16078 2491 1982 1762 1582 5494 
7.428
26
12541 15808 13735 13854 16320 16345 17103 14387 11986 10553 8350 8272 6197 5668 5475 5327 5172 5109 4657 4373 3265 1202 1110 947 237 12516 
2.083
27
12640 7692 17022 5726 10002 14899 5663 10646 16214 8514 15565 9714 16022 8012 8249 15165 15013 13309 6101 17420 14704 17510 2512 1858 1763 209 2658 
7.597
26
17427 13865 14336 9181 9101 5556 5085 4388 3708 2340 1741 15450 17182 10485 9769 9374 8333 8305 7994 6845 3830 3653 2878 1401 1080 13651 
9.721
24
11768 15973 11150 10816 10539 9706 8829 8078 7185 6610 3439 1880 14141 16429 14219 13117 12374 15088 17372 11596 10458 7681 435 11273 
14.883
25
4090 13372 16862 15608 2161 3559 9451 17352 7463 6165 2443 7373 1956 7737 16785 11484 7360 15610 9316 4330 16606 3587 11709 417 979 
1.448
23
11799 8382 10581 17270 14719 13571 17024 11084 16897 13646 10796 7887 7391 7050 6996 6948 6525 5567 4547 3214 3055 2372 8353 
9.161
20
15178 13264 15430 14990 14359 6156 5516 3041 1066 13975 16364 11334 12480 13216 7412 6608 6233 5272 2992 9948 
22.817
21
14467 13939 16916 16136 12845 8833 5837 15851 14056 10994 17070 4724 14420 5238 8583 15153 7331 8099 2383 2037 4575 
4.75
17
14545 15484 17600 16679 10826 10578 8222 7552 6621 6361 6106 6039 5991 5574 4358 3682 8977 
5.845
22
5121 17174 11520 14883 2883 7923 10106 12452 17685 10567 4867 988 319 10748 5389 5794 3595 15213 16256 12511 1005 1419 
6.726
23
17225 10790 10509 10028 6820 5635 4817 4000 3705 1995 693 17604 15930 15425 16499 16504 16938 15198 12321 11395 1859 597 15278 
9.422
23
15671 183 6002 13448 14607 17262 2126 1313 4468 16358 15923 8665 11675 10535 3470 13731 6993 10392 13463 12822 866 7636 9078 
1.443
24
13080 3480 3053 16226 2580 13175 13324 11945 10777 3471 5508 9716 1323 12633 14049 12308 15209 8924 5330 2214 17466 14217 7179 5487 
0.911
