10
81 145 158 138 69 42 40 4 1 108 
0.185
8
141 148 112 105 103 93 37 135 
0.234
11
73 90 163 117 132 138 115 99 94 22 60 
0.172
7
168 170 173 150 149 69 154 
0.08
14
146 147 167 153 165 118 113 88 54 53 35 25 1 123 
0.171
12
165 85 82 79 68 67 65 54 32 27 1 104 
0.059
11
153 85 147 173 168 170 130 86 58 29 46 
0.129
11
157 93 124 112 108 71 171 91 35 25 64 
0.12
8
176 101 84 80 125 44 21 78 
0.089
8
122 81 60 139 94 164 27 28 
0.053
9
119 129 143 89 54 43 40 31 115 
0.319
13
140 82 113 107 169 136 106 110 167 123 67 43 70 
0.395
10
29 83 130 67 121 6 116 158 160 57 
0.015
8
168 97 95 123 74 42 14 57 
0.107
8
167 171 134 124 112 96 46 139 
0.158
9
174 56 26 168 21 133 22 57 175 
0.015
8
116 107 78 70 68 50 38 118 
0.087
13
92 51 94 164 156 41 65 163 70 66 127 21 29 
0.1
12
62 168 167 13 11 77 85 149 110 156 169 170 
0.015
11
136 131 124 111 107 63 57 53 49 15 146 
0.184
9
63 158 59 107 165 156 69 12 29 
0.046
11
164 154 142 113 100 44 21 13 11 8 140 
0.299
9
159 30 132 137 26 173 115 21 162 
0.015
10
158 152 74 170 137 69 50 47 37 72 
0.05
9
78 113 159 54 47 25 13 6 69 
0.11
9
176 128 120 109 90 59 46 26 112 
0.125
9
122 128 144 161 92 71 40 18 117 
0.08
9
139 96 83 69 43 20 9 1 169 
0.206
9
117 113 88 142 52 32 17 0 57 
0.102
10
160 139 151 134 117 102 74 67 7 127 
0.116
11
68 165 65 79 172 170 97 49 41 12 20 
0.304
9
137 133 127 119 106 98 70 52 166 
0.209
7
165 137 116 70 46 36 127 
0.13
8
172 143 118 114 75 16 15 53 
0.045
10
143 78 63 60 38 62 49 31 25 72 
0.267
7
80 153 128 113 53 52 73 
0.132
13
141 84 177 136 110 85 151 28 14 12 4 3 81 
0.075
8
155 145 97 64 55 46 42 111 
0.318
10
149 152 143 141 117 91 83 51 19 144 
0.101
10
43 145 162 115 96 89 51 27 3 127 
0.318
8
6 34 99 64 93 72 124 123 
0.018
11
134 108 125 109 100 91 76 49 38 2 74 
0.179
10
101 48 24 108 106 33 88 163 5 9 
0.044
9
105 157 168 134 118 82 65 47 115 
0.158
11
174 169 109 108 93 65 49 30 19 12 142 
0.147
9
129 115 111 82 65 39 24 7 123 
0.261
10
69 45 6 152 128 71 48 29 5 160 
0.423
8
92 101 50 90 8 7 1 12 
0.053
11
135 66 136 171 103 150 96 148 60 27 145 
0.014
11
28 141 1 75 160 172 40 136 56 5 4 
0.015
15
82 120 102 133 106 158 131 89 72 71 70 44 30 28 75 
0.145
8
32 152 143 107 97 57 17 160 
0.161
8
172 159 131 105 78 48 1 150 
0.059
9
134 147 138 136 76 68 58 48 118 
0.26
10
115 101 138 100 64 161 113 70 21 72 
0.267
12
130 79 82 92 84 121 96 152 125 72 32 63 
0.222
9
164 162 143 172 119 55 47 39 134 
0.169
7
151 32 108 45 87 37 157 
0.013
9
174 132 123 106 89 64 55 1 118 
0.036
9
110 147 62 31 25 22 14 10 82 
0.126
11
173 176 141 138 131 129 85 66 52 38 156 
0.306
9
46 175 168 136 142 85 76 67 103 
0.282
11
175 163 122 69 57 56 46 45 27 14 172 
0.068
8
170 137 96 85 83 55 51 124 
0.183
7
115 176 71 171 124 13 35 
0.166
8
144 90 103 85 173 133 69 71 
0.124
9
127 150 141 78 135 103 42 23 72 
0.251
11
160 60 63 156 106 109 46 32 26 13 54 
0.049
12
125 28 34 9 24 40 166 8 31 39 66 141 
0.015
7
155 169 125 118 95 70 89 
0.102
10
157 163 117 143 164 92 28 94 59 144 
0.015
9
176 170 162 110 92 138 56 26 87 
0.292
9
70 69 35 127 152 150 66 3 73 
0.132
12
96 78 174 118 111 108 82 66 61 12 10 144 
0.409
10
176 159 130 116 36 34 32 20 2 167 
0.164
11
141 1 134 138 8 132 46 176 42 64 16 
0.014
11
133 129 110 108 103 101 99 81 25 3 148 
0.053
8
173 83 106 115 16 10 58 30 
0.052
9
120 87 85 71 66 52 16 6 124 
0.075
9
174 135 102 93 74 50 41 22 129 
0.147
11
55 169 79 143 162 112 109 40 22 18 24 
0.109
9
156 147 162 113 61 50 43 31 94 
0.256
9
61 128 130 112 115 72 17 16 46 
0.183
10
174 161 146 160 148 159 96 43 40 136 
0.259
10
140 162 177 131 102 86 17 9 7 103 
0.05
8
175 81 70 82 25 13 9 66 
0.16
8
158 154 169 146 102 78 54 138 
0.189
12
175 161 119 166 106 147 115 95 92 82 77 96 
0.145
10
17 172 142 170 122 117 100 83 73 127 
0.412
9
72 36 169 87 145 123 26 20 32 
0.037
10
168 76 46 158 165 89 63 44 21 35 
0.132
12
150 143 170 174 127 104 97 69 61 42 24 136 
0.105
12
36 23 138 167 140 108 96 83 71 69 21 102 
0.28
9
171 156 147 125 55 54 51 16 173 
0.066
8
159 134 158 160 62 61 59 67 
0.141
13
120 147 170 132 104 59 15 171 91 95 116 150 87 
0.015
13
173 147 151 112 109 77 64 49 47 42 35 26 122 
0.174
9
146 95 168 151 110 22 17 13 36 
0.207
8
174 149 11 50 8 52 134 72 
0.014
7
153 7 80 87 57 73 149 
0.012
