53
210830 171422 200798 197724 157207 188632 150767 147027 144932 144469 141366 137082 137031 136142 132703 117695 109801 109033 107546 107155 96333 89342 84727 84324 80128 66516 56316 55763 39959 35980 14505 11471 10310 10138 174119 168756 163382 177561 159003 178836 191732 221808 198848 235839 187639 220903 181582 229253 213723 136141 90368 12160 156916 
160.834
53
234250 179052 225000 207232 212032 228914 219414 142278 134384 127479 112597 131208 128453 127711 124938 110807 109590 100021 98068 80645 80177 68833 65321 62764 62670 59556 56183 44312 26097 30115 16902 13601 2760 200628 195243 214902 211709 166822 233769 223018 196214 220805 185836 142500 141587 139461 132584 112343 104190 81172 70845 50461 163844 
71.098
34
226479 146169 193146 235909 69274 132919 148182 114449 75207 190563 167438 68104 133078 187927 207174 121710 132736 84546 234596 95382 81756 150673 109781 229102 53749 23891 202433 112363 158034 122060 139873 224752 30512 59055 
159.915
46
158438 133939 117591 93355 87267 79677 77859 67683 64754 60566 57225 51103 41063 37755 26380 26246 9538 8916 8807 230199 224068 215848 215935 233756 234482 216542 224712 217065 208032 209756 192545 175570 157865 133716 129184 98333 98142 94203 50004 27662 24016 22670 15443 15365 7039 196638 
59.422
44
200255 187163 167331 127920 165792 122007 174525 99627 95287 67551 54078 52210 48876 45904 39785 11392 1217 430 164858 197951 157785 182512 164579 137264 173838 234100 206752 200514 191524 169626 89848 86869 76484 59827 59566 49949 48644 45110 44761 44577 43369 16032 944 116890 
148.677
37
34444 132117 190229 153935 99985 141600 175287 88923 232768 207360 150651 137055 181660 151554 210171 146705 158353 190306 235632 111242 176338 191505 156149 68262 59902 34905 15308 233610 107582 203473 220939 225669 115442 149414 148516 45416 73799 
80.229
38
33465 93569 166586 78604 134311 148640 51857 199851 234344 204525 229885 171364 220828 170987 198364 120950 169622 45652 130885 48710 148973 167000 59633 114297 183848 161426 46291 23618 127075 93214 37564 136924 50315 142182 11400 8802 938 12244 
39.241
47
48192 76145 50069 46475 73835 115922 107986 149594 33468 131426 47808 131838 158113 142414 81026 122963 28796 102111 46426 137016 130080 40800 49247 231872 4512 118346 132905 25175 36669 145574 58681 122987 148140 82967 6233 166600 117699 150410 155129 82333 62451 183795 144607 122337 161348 53555 101769 
36.047
40
108798 144218 104116 160535 208429 50604 16407 129205 28518 21502 75370 99860 196953 112108 43168 129758 104717 182577 65637 200013 58324 180422 111573 48988 45488 118077 37093 213806 8907 18170 34538 230402 191755 187451 140804 234508 182360 224957 4236 91888 
45.341
41
103575 157710 164253 130291 211776 183962 127230 115545 116132 207271 223333 120709 143429 78934 77741 76170 69290 62284 57260 46131 38245 33009 21979 28157 158555 106908 201116 128509 158297 158684 222954 84221 205400 174244 167683 221689 145035 194668 16167 6744 82412 
61.115
42
207794 100824 167435 186548 170047 219496 146621 93110 134936 120612 89866 224364 219406 189921 159715 95409 108806 160092 173732 209168 64041 63486 58596 58218 43407 38787 37001 29910 22014 15311 8567 7781 6178 3373 85079 201727 228649 65679 59228 58564 34919 77962 
114.247
45
6120 51660 87631 191504 162216 190566 81524 183773 160264 49494 220912 117169 213859 104116 139117 173128 128200 208464 209139 149182 67973 75894 58826 88349 54767 104673 120893 97901 186865 84752 176389 45865 20101 10834 10116 126391 146780 139602 191307 94854 133429 181000 141874 17310 47371 
104.923
35
122452 7081 5846 153625 159299 196286 161017 151178 228937 181479 236179 123487 196515 198199 154956 138935 196533 203844 98817 72262 70967 54804 42117 35440 32327 23409 17582 214932 236730 137841 170727 140421 56340 25070 110542 
176.476
40
119308 159266 14053 235235 179669 167482 116488 177357 196259 20859 85105 65418 45708 233206 91411 195868 199017 175596 75569 13473 190597 67996 159332 103733 212900 108225 84117 116590 17894 121223 189919 225245 202252 162607 71167 154686 107208 138959 188339 376 
34
37
228007 186169 227424 183136 205326 181831 214483 207734 198610 198085 197490 183369 229854 209166 222268 233867 154641 129271 128231 126361 125027 112706 90608 85238 78347 75825 72981 34175 29895 27691 27527 20119 14465 14420 7084 6810 152620 
56.461
49
235913 234875 224158 110430 234844 103240 184681 138730 139827 108068 94458 76904 73748 65279 54258 52756 52440 52144 46407 38774 32559 21875 20243 19342 16026 7227 5441 149597 108337 165894 201712 231740 175682 105622 236264 104458 203863 233505 148089 124116 170995 159946 151980 68453 41315 39978 23677 3315 99592 
50.458
45
193492 199846 208326 222345 208184 191989 190232 182279 180233 178439 174375 168549 167393 142641 140950 137977 135027 128788 113928 103765 103750 101367 101130 99164 97452 96575 79696 73980 71281 71241 67859 60994 60989 59563 36469 34526 33683 27355 22523 20989 18585 17308 11168 9481 193299 
77.01
39
177171 111910 131285 86075 208650 47893 105675 23165 117611 146997 63958 218642 172797 2106 214959 26366 193342 213500 10064 35244 85347 4299 220370 44479 24052 140620 34107 154384 161345 209725 52701 227569 204333 86280 195968 199750 4131 28866 60171 
19.721
48
145467 186763 185220 212608 174248 141808 171733 112364 143109 223653 148368 136968 160863 128561 183798 139255 225465 167568 173907 104158 102233 100693 97058 87082 86546 75048 71856 62039 57012 56579 51018 45288 44873 44517 44001 43187 40571 28980 23398 23190 17370 14348 6637 5353 3708 3137 302 108759 
28.35
42
188779 221126 171639 168292 145358 119913 119373 115768 112613 101324 80057 78469 77768 74578 70057 69868 68576 68248 46022 34452 19729 19548 18447 7889 7417 3830 213161 201122 233294 178760 179980 224956 212536 156768 139607 116655 97090 73760 58857 23473 10494 177876 
51.854
36
194321 184550 207886 233392 175254 222451 159919 156100 142665 136444 134958 134102 133397 113081 99425 87422 85820 70356 49858 41024 32100 2559 2373 183664 211620 188971 225818 218551 179894 198179 158977 130046 114962 92018 80177 168270 
43.857
40
166443 174460 201996 16615 68106 196107 92499 32941 152959 133758 79539 138544 231666 219362 225005 76110 100069 216774 212826 182601 9481 34113 90469 110669 132906 218881 37749 124813 39615 35818 231510 220300 111946 124553 148652 38227 235319 54155 107640 221260 
33.307
37
8210 73197 231482 225643 139351 160846 182711 96428 195439 165032 157913 175063 127443 127142 92638 53931 159740 112068 124562 188867 218346 58462 106207 87071 109108 213229 43817 41877 39849 38687 32349 28591 28016 17133 8800 7215 47639 
36.487
43
57826 225565 182597 139538 16715 100549 146310 35747 94742 199976 18836 113008 202784 189341 54123 111957 228667 147864 151857 106054 42778 148727 83806 189677 129425 207552 198811 79977 168372 114101 36728 18299 27723 4150 184958 19991 139388 139915 202334 88193 139067 2799 8967 
71.074
45
128929 127451 118597 115422 103665 101528 91562 87798 64835 54760 20563 18593 8039 162684 235696 222119 208965 222582 234546 204160 222390 236141 167501 150619 145903 145205 143248 143066 140667 134832 131966 131714 129956 123350 100289 99500 95910 93398 79567 72760 52487 51285 36382 13902 154752 
49.436
44
170467 87298 172741 178110 196361 77560 83927 125868 138763 73267 155862 69366 160535 146481 43318 181679 162892 131308 138495 49616 47660 85277 201006 154179 168071 93131 96677 123839 204756 1720 229957 88880 102498 230646 90452 98838 228358 59377 129422 56996 203312 210604 17670 30494 
96.956
38
180935 154425 84635 163879 124728 114689 86274 157374 155897 83342 95676 129056 116991 138675 173487 166321 235953 205732 163339 71812 56233 21577 52704 48801 14688 7455 133485 179396 119513 190113 229223 222620 90334 159667 54104 53103 19846 76696 
120.185
52
180225 176090 175802 160210 148131 123444 112730 103593 101097 83444 64179 45946 40210 37486 30834 22941 22922 1974 978 210422 229719 214199 233742 201791 211563 199182 195844 194804 175523 175241 174783 166089 161302 132911 124261 110993 110276 99027 97932 93346 84858 76231 68641 64775 46400 45039 43098 40573 35260 30394 25688 201279 
71.386
42
178090 197225 177494 208379 177250 234787 217173 212177 202100 198940 203802 215884 229819 184272 171178 170364 170088 159690 155156 148828 134990 133060 126377 123048 115679 110085 109514 94360 73910 70787 69200 49466 39868 36572 36288 34932 31556 24602 8455 3460 3366 176125 
33.025
46
209171 143414 167774 145801 220014 188729 157803 236669 213429 189329 163296 185510 141893 169357 121786 120347 114294 107422 95959 90029 82164 80614 74571 65563 60657 59046 37525 19007 10241 6559 4383 2483 219704 134604 159154 168561 190853 135258 183261 123312 112376 65736 58525 24835 22393 130079 
85.391
34
224139 158822 165654 216439 161360 177931 220575 205503 156107 136492 131904 121662 120870 98315 92173 79953 74820 67860 65132 60638 52957 48858 45398 42931 27223 21351 8273 181302 209461 147673 200149 82405 7361 136957 
107.379
41
193381 183459 204459 224842 177744 233640 226561 192365 148884 144642 141050 126847 111600 109227 57021 48683 43725 43193 38714 221536 190947 199732 223025 196076 195070 230535 173783 167928 167716 165903 164931 152551 150768 129998 128538 117409 47013 33705 7047 1231 173439 
70.989
42
74555 161494 219027 181462 225472 120288 189853 158465 121711 169606 216315 68912 203689 76090 183019 219091 140031 198014 222414 94504 89658 205059 57104 52075 34751 29906 28428 20706 19583 4884 4395 2939 2120 217825 98053 63830 116776 45212 13735 12687 10221 59047 
101.127
36
149337 92732 136418 84398 216359 148924 200998 196525 90200 214480 148007 96390 81682 103541 164899 107923 182024 123629 83995 191559 153170 199188 23493 20705 10022 9325 6682 182566 74599 192095 93293 182465 120467 117940 21207 44694 
87.498
44
41351 10813 194620 27466 78437 191672 218593 148999 113055 47772 138788 73578 236909 182438 195645 31445 112512 66634 28553 202299 72654 113736 221127 80811 139808 85688 225464 224043 156818 107026 169869 153200 235219 222167 188066 125860 125346 156343 102295 48669 6975 41885 161081 222725 
23.746
44
174573 82750 131469 87708 180435 104228 220863 226954 170851 189069 235373 173750 199599 69544 67369 58701 54908 46617 44676 42011 30633 12924 8712 236372 226328 128524 88919 192577 113935 103389 120013 214341 164709 227310 187704 103625 207154 62221 54211 38312 33487 5977 1551 73453 
57.508
40
26853 199321 64693 182305 15984 50815 232615 181232 84966 138998 126894 158716 147146 16153 191077 193785 205139 3217 171670 121822 45720 138857 721 125989 133653 206922 161918 199254 110090 151925 150284 19597 48718 35460 49239 161506 141285 180834 132603 30139 
37.888
37
143335 111979 233877 120122 195982 107944 206855 200260 227027 101800 127633 138677 150905 101282 58511 53583 52596 49324 45355 44837 42143 41820 39336 36275 31879 29738 25721 22578 20875 11253 4125 121858 201963 203830 79906 8237 81244 
49.065
40
184097 203837 52829 62872 123760 144492 82225 31913 199405 216426 184740 43423 184745 22905 15875 197104 107423 88719 53305 143875 196494 205524 153227 234538 85582 202965 154551 87053 98641 164881 234065 30913 47535 49319 118999 35017 84361 125535 24305 26935 
82.734
44
230085 208658 204312 169620 157940 177818 223307 212235 194032 149739 139646 127054 120953 111560 109898 100969 100449 63308 60317 55762 55301 54029 51331 45584 50040 36059 33446 12467 10755 8021 157980 189883 143571 140481 128499 121471 120071 109457 70283 55496 36064 25570 20631 145586 
212.553
38
132230 169261 193020 119296 213700 196123 101449 98212 98743 98362 91802 56877 55799 53786 50906 47460 27905 18813 205940 158435 217347 140445 173515 202302 125056 175888 163187 236067 129733 224504 125261 130348 193241 189684 96279 58855 54071 107948 
84.762
47
160105 165978 233943 233795 146798 226644 153357 149680 174154 137389 186451 229995 193549 217627 206696 158641 152958 137859 118018 210083 202770 223147 126923 210221 177316 112373 111127 110457 95645 93675 92875 91448 90957 69796 64143 55124 52544 49379 41256 39887 35397 32628 29625 17060 9941 7713 114788 
106.912
39
134078 133569 149408 7041 2532 173195 188533 146513 155758 170646 168313 175826 132906 224761 179637 209396 159773 173690 107184 101206 80362 73579 68339 66902 65006 61988 53846 46780 34041 13895 4860 217475 197472 224851 120751 116808 78873 33880 129270 
96.992
38
139046 161656 207835 231582 95272 119302 200489 181695 116876 207656 195564 194178 229292 182832 236224 217354 98177 225896 79284 70414 61649 57373 50560 42905 35930 32938 32010 23111 13574 10848 115325 152758 117648 134006 33534 18808 14252 91454 
130.244
44
194273 235319 74682 55727 176250 196212 11967 216667 96761 92652 169759 78167 166103 101929 90142 217455 142387 209214 54691 184873 234140 209622 111462 148392 6910 156088 115547 68242 129194 159135 152070 23870 64979 43247 189963 197112 227486 81294 222721 206779 170599 109724 219096 37243 
25.422
57
44229 176323 175779 11590 11906 88772 22556 94175 45348 142088 152667 217214 151517 224574 73421 183619 16084 229687 220366 168989 188563 45750 38122 40203 213485 103525 215771 141818 75807 131178 82465 91812 110741 208689 13227 18287 139413 17949 125034 184063 26126 195465 227811 150843 108908 208642 87052 228924 56679 77536 113092 195137 152487 66400 228886 163903 69329 
27.307
41
190021 188795 185221 185041 179287 176711 146971 145090 135458 125044 107956 103924 98418 97717 71718 68161 52714 52543 39951 9310 781 224004 220537 215233 207307 187944 165875 163789 162865 161178 153218 148901 130620 87372 50125 42449 25838 20145 17202 14150 236997 
58.918
35
206548 209867 142450 111496 108237 68213 39950 2884 229422 151420 233735 175549 222094 124129 141139 135644 225636 196916 122017 113234 110079 85757 74873 66302 64713 9818 220076 135995 137368 145160 215309 129907 102975 51653 122900 
76.161
47
219585 168906 172481 190253 177452 196323 234582 230155 188820 177697 148568 145748 145466 135076 129334 123749 121601 116722 115695 112343 96498 106316 81807 91340 63832 55836 62418 51954 48306 47868 42224 37878 34722 20617 14805 4996 190947 177684 159611 158805 157976 154125 150380 128669 31709 29086 164647 
154.77
33
221953 183753 173750 172101 157908 124872 118586 117332 115964 113604 98109 95742 90129 73994 56052 41793 33121 32333 28005 5432 218825 216347 189090 181109 173641 171461 142649 125117 119514 83472 63561 43880 214999 
80.004
40
54385 143359 142989 223444 157359 200985 224986 183779 128956 166835 225386 197706 235950 223935 176906 118230 116424 102484 97744 75068 64899 62919 55879 51656 27988 12606 3931 1134 226156 233043 229862 218630 200771 169614 206634 68314 64358 34457 28746 123336 
137.157
49
208892 111419 221206 95403 149429 113063 96929 98122 181354 191218 202238 109660 215257 83632 177551 227133 132367 122599 119780 165807 233978 143813 191172 142945 145204 195420 72095 81836 116424 224121 165257 162768 216877 117556 123763 63972 60271 57539 56652 46696 46647 32413 19325 18428 14354 179280 103017 7363 71505 
94.27
46
63083 180380 65340 173343 61855 191078 120430 230398 105774 234861 125939 157289 214460 126942 79865 103506 136535 69984 218093 194303 190802 99377 229310 87921 208324 98525 183049 72119 149295 230077 95145 182861 154089 162221 148422 104005 133294 88409 50207 49892 45570 36432 26458 6660 541 56808 
53.65
50
197462 134328 138930 118410 122896 128014 149803 223370 99388 75922 73214 69960 66288 65458 57905 52616 51080 49133 45018 36272 32879 32660 6786 6780 2995 198798 203072 144561 133002 109971 177158 232693 190265 165387 193972 227851 169998 114744 232361 120322 125659 223791 171598 104772 89118 57622 37214 23327 9347 105819 
170.051
53
45565 156409 167657 136247 210958 55699 185296 74196 146387 197739 233995 228266 183632 142192 176362 162189 92092 90536 234300 81620 161363 221227 97858 129835 219830 84574 176471 164254 60659 86848 12458 163873 222370 66719 7346 111394 216709 50605 226121 186083 207175 627 167952 49109 21991 206058 8191 131156 146629 63750 228498 123776 157818 
28.27
48
204244 216884 215625 231356 212260 185338 189983 223769 231095 213312 219221 209474 229750 217130 189730 198633 223096 207840 180244 166074 164905 163576 160358 157825 157491 150648 144395 137087 134581 119594 86324 85049 81310 79737 77779 76626 72184 58143 53995 47691 38085 35805 35716 32041 17457 3276 2202 184103 
63.151
43
11001 30553 146359 230282 128449 140086 160682 178720 225961 194889 180102 72217 152593 48836 158626 42854 149657 109474 234908 63213 219898 209459 88843 121051 115726 16310 82750 132898 58170 117793 230102 91411 79224 75777 101129 215570 116126 46906 100530 99978 124246 137446 204486 
56.449
33
194355 184128 177456 176788 173043 160813 150306 148588 144440 125051 123903 120834 108576 96732 93510 89852 76680 76292 62364 40731 38339 32847 32012 25490 198489 194022 231808 187613 162970 158427 115207 52947 185088 
183.04
39
197824 151206 216203 210170 210446 214574 205837 147978 191857 225462 178757 192837 208654 144454 142696 139484 122243 113078 96542 81984 68606 42833 39378 20145 7768 4856 1734 1697 200707 146146 199197 182896 153225 224495 235087 230348 223220 66820 144471 
55.755
46
228779 220062 203046 120715 153764 216002 223138 124710 138836 229830 228002 191714 143342 117454 179151 139211 194467 149392 158944 217478 105384 104694 66844 65446 60118 54286 42625 36922 30705 25662 18359 15761 4309 208551 133847 217505 180463 220477 137297 103444 100690 76707 67765 32041 25764 113854 
93.73
36
65659 93040 137751 13708 57289 114590 70797 67390 223504 51752 137233 20015 99782 225390 119991 138971 47695 70305 134699 155463 98281 110794 81265 99557 121475 114768 226299 45817 219519 39987 229915 152523 112140 220754 40596 136107 
19.529
36
121540 90904 103589 102098 207804 68930 229759 132540 9077 182173 88210 236113 229557 136129 80562 153816 100292 92869 90810 228429 111381 218589 173075 53518 35384 34685 22041 119073 66000 162451 170189 47352 125761 35770 15710 37769 
49.778
45
67219 48482 219621 235076 231003 217628 196234 184628 180538 163690 143696 141307 119910 113005 107241 105971 96446 78932 77473 75650 71792 68686 65527 49646 40247 33768 25519 17418 16477 4636 3281 232000 222230 231730 221696 215728 210271 191323 181717 117913 116368 54632 24878 8016 218279 
232.461
35
229452 168219 155703 148407 136802 136233 135142 131555 129817 122971 128277 120460 116839 99250 89549 74973 62725 39237 37795 15591 19147 18515 219901 197234 158989 153580 145810 138821 133704 119004 109580 70308 65629 35040 196230 
67.95
46
209701 199988 64424 36760 91160 99764 140151 226969 83600 109206 110704 133221 203593 193318 135011 155830 121974 77214 156591 164325 156969 172970 125174 117405 157501 148113 174340 159241 210472 74978 209065 226339 95512 142506 118124 226402 62780 59233 56601 52420 45312 34154 10772 7358 2996 68604 
34.001
38
101777 73952 45549 34119 30844 19225 16113 204837 227273 187655 162025 157323 157078 156481 134660 131789 126081 114105 109273 107750 69128 59938 55372 51619 27912 7861 231601 196032 188840 149853 135780 95919 76229 65181 49139 28322 18353 201399 
204.959
50
73450 96951 192534 66224 201183 198150 129323 204219 225455 191058 105315 150757 39093 35487 228575 160175 41228 211849 117100 213059 62849 162798 107124 215276 206475 57658 164372 171522 179342 98570 89577 104721 219223 213289 97182 207255 178560 182183 176795 96528 74664 232938 25689 22564 16015 14702 11135 3283 2312 26818 
36.506
38
48287 24055 226094 233398 217844 233343 210751 205468 190352 180985 162745 159191 151477 144398 109965 105774 105183 97701 78911 76455 65773 48870 36982 20252 11739 4467 224270 209539 228076 216560 162758 156914 92235 62933 60906 40184 34704 206976 
173.567
40
154408 217100 119052 44782 131001 183818 95796 51149 110143 115175 125519 102151 160462 224382 83293 40832 133011 172494 78453 93045 229794 63025 193326 181607 195756 73405 112359 221033 156890 96163 217650 92672 75427 44074 61947 202459 24758 21506 18697 30428 
87.425
43
170122 182897 150014 142175 115660 150708 146477 221331 190329 135227 204740 149230 176790 164711 180192 164273 194048 231632 197864 116896 85004 194503 143740 108162 232322 192434 113053 83537 80980 74027 60418 57042 38261 22088 21354 20899 19874 18015 15226 4044 2754 2679 84972 
93.853
39
216817 204780 223901 118294 169043 222422 227026 206181 220773 73473 42891 36367 30128 22662 12402 5073 4858 3255 157216 159756 214442 202616 166924 223245 143261 168934 89459 141324 133249 236211 230843 236259 101266 128227 84318 49240 32848 30527 76828 
73.667
36
217583 172696 201480 162877 150396 137438 110372 100963 111341 107716 80740 67878 47516 41798 29419 24952 18850 3949 232665 213872 224079 175937 189656 199041 154534 134463 131243 120874 70079 41444 26760 16083 14925 3191 2181 168191 
42.538
35
141951 89263 229016 230454 208679 199452 185133 182381 127833 109022 103676 87645 75317 61236 61320 37527 31060 25687 11222 4989 3214 226973 200796 188933 183378 171099 166801 165273 149090 129428 123900 101633 97923 26831 227051 
127.387
51
140993 149814 90370 162343 56588 158764 85067 69452 154862 70397 217722 21426 127569 73657 140422 160334 81683 225665 79422 219683 127783 87597 159311 39753 83646 44923 88246 203828 164173 114777 111518 221037 217859 127696 230965 8117 97762 178634 133464 50458 34948 208965 24037 9472 135517 209877 163923 170592 210815 37395 65414 
59.845
52
206796 234346 192407 208607 198834 212824 221543 220634 225246 191909 184698 180043 191951 216627 216330 176335 171349 168862 161629 154483 152018 151789 148572 142837 139670 135530 134665 128004 125609 109454 100741 91901 73337 72891 66145 59470 56914 53679 44424 39356 39268 37740 34733 32641 31400 21394 19876 16279 14870 3716 620 177130 
28.409
47
124187 134469 102689 196438 902 135989 42362 30767 200922 123606 103227 87806 194432 228748 23419 223575 232813 65080 157154 29454 8751 155363 48758 111381 20080 191877 38913 74365 182904 75395 130147 14888 70669 174409 183999 141853 182742 127564 209758 119668 87228 74903 236713 29896 106237 171324 118153 
43.26
43
224632 230207 231881 223469 214458 208684 202331 199036 194244 185894 181303 178828 175242 172333 168889 143009 140232 137117 132070 127146 124050 122900 112540 111607 105166 105046 102129 100657 92387 84695 78354 78008 74903 68765 63821 59217 58228 48193 41091 27255 15890 11521 221410 
44.151
40
219925 132316 108990 106948 106384 106066 101003 89881 85012 76419 45305 44183 43161 32996 31995 28660 8045 234610 196613 149742 169410 192481 194580 186145 236032 192584 170292 189537 178559 194635 148129 134665 117766 113155 88846 64798 52296 32326 17548 142503 
90.045
46
182259 228328 139352 114949 108555 107875 98371 94972 90198 86237 85517 85001 81814 77504 74026 61512 60901 38054 23299 10474 6661 5796 225380 163399 152553 176216 183774 223793 204670 208203 152653 221893 161600 201597 235802 157825 181766 183949 148588 140478 107680 103946 73862 11363 3782 148088 
118.44
41
139692 233025 176134 76114 211228 113219 162823 74037 173642 79210 168277 194842 81989 121568 228808 229797 181704 144994 95823 140648 83120 135665 128209 169275 176864 131320 166531 97752 55311 51812 15198 14162 7220 115682 193293 185250 193191 56678 27293 16009 65297 
84.554
55
206122 212941 229139 218189 133030 112368 108741 107161 91208 80172 73728 71194 65148 64656 63526 63491 52136 41531 24578 16684 11910 7004 184934 149608 188051 142259 166551 205575 182552 198853 214662 184431 211846 193557 184647 176004 234286 179514 174865 152839 185917 222205 181007 194684 186938 213121 189338 138087 131228 84364 81704 81032 65856 5569 138633 
82.215
48
202832 225187 205803 231029 231157 208953 231414 194736 194347 190850 190351 189518 188115 185252 184838 178560 177338 176524 173679 167198 161815 154677 140515 140338 136372 134414 131855 124390 123705 121900 119056 115564 107731 106783 102754 99830 98564 89124 72122 69025 62301 51975 50245 47107 45735 44308 16576 196311 
32.62
46
52016 35040 34839 22578 19266 18062 201790 89846 88888 215668 148074 230978 106022 151910 91870 223633 231366 112035 183143 236562 175825 185100 180360 163857 85040 180996 207591 135298 166455 212085 110317 98119 202152 133398 70630 64621 63595 48030 45199 20072 19441 9074 5486 3055 1039 79152 
62.845
46
181176 153909 173777 150185 215147 174918 166520 188108 211450 229695 231934 233218 194314 170335 177987 148115 146144 144692 137127 136818 132932 132366 130370 122013 114674 113578 110307 110269 104979 103170 97104 79793 78639 76799 73100 68551 57038 56618 54680 50035 38221 36665 20312 17166 8622 148372 
66.402
31
26746 225141 219474 202370 178204 171125 159947 151128 146957 128006 108535 103976 99414 95118 75559 63756 60547 48857 47220 39598 31905 15218 13849 7583 222764 212008 207082 181307 86301 26260 202925 
144.591
46
231741 203519 199870 85387 75550 102891 96692 168411 167058 109351 190280 136770 111865 220167 218677 138589 85929 157696 70433 67606 55368 35323 30233 29999 27527 14815 143347 190989 214174 79104 85046 235266 130209 64709 58641 53876 52002 42317 36041 30445 19077 10938 4132 4046 690 70643 
56.143
41
32340 112515 196107 182386 125947 102569 44665 39541 140493 64012 129109 100785 202837 149963 71198 69736 79416 56970 227207 169841 102682 117101 115743 70536 201161 115031 171491 16985 7028 3636 2612 189814 174088 201273 234211 32448 77406 236717 86188 11161 24662 
74.72
37
79247 77438 69079 54344 43047 38830 32721 29511 21686 8499 4418 219764 231830 225947 232672 214671 231124 190991 184021 172331 172120 171956 168149 160181 151967 145196 126325 123095 117790 105553 97456 95054 84866 68927 64041 35482 194975 
46.75
36
134633 175346 195276 126113 203663 181052 121300 196435 142710 128473 102244 91910 84009 72737 57729 55104 37845 20033 17806 16647 14209 12896 10286 8843 118898 222861 118776 133361 216878 220277 168726 230817 100338 87312 60494 115489 
127.733
40
198477 92309 112095 179808 160028 115070 232554 64933 85699 79878 186306 115580 59299 155659 99825 91998 45250 40423 6103 235326 38002 79327 48853 44476 34842 41486 206188 92189 42126 173166 203203 232655 53980 202891 225316 138939 210992 17146 36662 15452 
33.48
44
123159 65861 225687 178171 198271 202157 13360 28020 43587 154687 216263 189526 191596 193095 133258 129465 218620 110002 76368 72201 48436 73771 216953 21729 39192 234167 135573 34013 26678 146327 140624 109852 132039 51488 21 32426 100454 223183 118855 18261 198100 12445 9797 12525 
63.555
52
170055 108924 15894 144980 174169 142572 116739 101086 102690 168853 98144 74120 84853 80114 94941 62466 105158 102435 116531 40317 147176 198753 129900 38390 111365 111014 169797 43743 146745 196203 227880 16053 78795 3554 14884 6630 183931 40710 108999 24377 60067 221292 112052 74694 193333 74198 63486 20705 102634 167819 164752 71893 
39.766
51
144758 55083 77082 39560 22728 132475 89735 129197 152441 70204 55331 203721 207288 147824 170580 135698 56532 134970 165334 179062 161690 46136 190410 53189 165629 208968 60576 119476 37415 36058 40612 40335 39903 37148 29287 29159 25056 21542 14882 12572 8893 8549 219060 220065 168224 224249 203688 123178 52091 17822 43357 
159.833
49
223368 233048 225905 208170 173510 169019 215879 183516 217808 192065 195988 198494 204682 236822 139418 138379 128150 121696 107950 106814 104506 104502 101285 101040 90518 88862 80659 76928 68110 66773 63720 62745 54963 49171 46090 36409 34322 34129 28923 26603 23794 19823 15910 12670 11273 10413 6211 723 143392 
74.013
44
192306 214153 166742 197121 212027 195452 171433 199923 102405 85412 85222 45727 40371 33948 25751 23743 22357 9530 7712 6396 134840 174972 150067 172511 209316 148206 191178 144845 221199 201297 217519 202643 145368 124335 120122 115517 111984 104646 86026 73555 60591 57349 44572 129357 
56.734
40
103781 53448 52495 45049 43932 40870 33567 30472 23465 21796 20678 11491 226022 233316 162102 164979 228003 217465 199482 227726 154685 151840 143470 142026 139374 134817 133354 129038 126752 108355 107171 103784 100279 96472 93710 69711 44541 39116 20665 161267 
48.196
30
226452 178994 95554 143067 155506 74893 37804 3395 103580 57679 164697 155822 87147 135861 171376 179282 96154 150229 197831 218155 81456 233414 81254 70553 50565 41665 28023 25139 21528 53705 
100.225
49
64408 56969 41348 33251 38732 30396 207288 228878 236806 226301 117711 186378 178622 148814 66368 143192 144957 189484 234605 111292 90653 97386 227210 100738 231842 199058 179989 113469 67608 63698 192368 147188 158165 171151 224279 112399 204136 89514 155624 210966 229156 178680 136986 154519 59463 42999 41182 26941 61791 
50.369
42
204953 203540 219146 212188 212090 174019 171590 171303 169778 147773 138712 104406 87202 82778 79922 76515 76084 74671 37724 36307 35130 26243 2291 1575 229796 204305 236817 189385 202673 198316 220618 202897 185060 169984 153420 132200 109492 98313 74825 44713 22272 184379 
132.591
36
217283 185376 166060 137168 118772 171528 148112 193765 99057 83918 73037 55602 17304 14261 117800 154347 117132 158654 212987 186172 165344 135836 116069 137403 172262 201571 97110 86495 80871 72340 56523 31451 24954 20832 15319 109806 
56.565
