17
376 128 1600 287 1402 1974 545 905 1625 420 539 550 829 2299 1003 567 1641 
0.306
16
2295 1639 2060 1952 1626 1338 1239 1127 651 459 1764 2051 2042 753 409 1560 
1.258
18
1868 1572 1373 1761 1506 1798 1219 1086 1057 945 739 653 544 534 533 504 159 1254 
0.411
24
1503 1475 934 2195 528 2285 1747 1362 1796 1484 1462 2231 1628 694 663 2221 2131 1298 442 366 275 267 84 480 
1.408
13
2102 2324 837 529 112 2122 2101 2105 2040 487 386 87 518 
2.96
15
724 524 131 2354 2173 1753 1566 1539 881 742 496 367 197 118 1728 
0.926
16
1101 413 264 1804 1007 1005 1778 1327 1566 1360 1753 657 891 799 706 1971 
0.121
17
2152 1634 1466 673 1791 1851 1688 790 739 1567 2258 1004 1571 1346 997 482 536 
1.704
14
1084 1927 2367 1443 641 621 1557 1548 1959 799 784 721 127 1053 
1.432
21
1133 1870 1749 2325 1416 1978 1709 2137 1880 2261 1196 2184 1413 1395 1616 2178 1936 1953 469 46 829 
0.983
15
1565 721 2128 1406 1763 2271 52 2217 1861 141 1111 2245 1812 1590 2111 
0.126
18
1719 1378 1251 888 450 439 404 2174 2266 2368 2060 2008 2283 1705 1314 579 107 1856 
1.25
12
1718 1494 743 1006 1150 1563 1865 2177 1192 548 442 472 
2.592
16
2228 1949 1418 1577 1391 1144 1157 373 2113 1832 1777 1512 766 168 148 330 
1.818
19
1226 2020 1210 1816 1376 2197 2017 818 922 895 379 438 2171 727 1625 141 113 25 374 
1.737
14
355 56 2238 2151 1948 1473 1338 1223 1160 735 581 308 32 1868 
6.637
18
955 699 353 307 2276 2093 2263 1972 1721 1700 1404 1102 1036 885 696 223 82 2025 
2.583
13
910 840 2128 2105 2306 1735 1713 1438 1398 1009 785 649 1760 
1.846
14
1314 1944 1564 748 2329 1613 1459 1221 1388 561 1824 383 63 425 
0.493
13
2305 2056 1882 2349 2153 1902 1457 1346 1238 813 611 577 1514 
2.007
14
1206 616 455 265 2031 2202 1801 2168 1952 1253 1224 292 128 1636 
0.982
15
2330 2215 1800 1529 1315 887 885 843 782 584 545 522 487 257 1920 
0.891
16
1375 1627 1599 1524 2125 1924 1707 1515 1803 1656 1750 1681 523 345 328 932 
1.033
16
938 1623 1674 837 1517 560 552 2048 1046 1024 714 767 1791 1265 384 496 
1.267
15
2369 1033 1943 1266 939 1072 1030 2046 1298 801 733 619 529 292 900 
1.38
17
1918 327 298 1836 1022 1931 2124 1097 1704 1971 1013 775 515 306 186 99 1017 
3.145
15
1802 1888 2190 1810 1107 2189 1363 1240 1008 2081 2346 918 822 620 1000 
1.701
18
1692 2322 1583 2332 1578 410 1580 1942 2309 1933 1417 1519 274 1772 1074 1609 1682 82 
0.43
16
1020 1355 1348 2162 2238 1288 1422 1666 1387 1914 906 900 897 137 75 911 
1.679
18
582 1723 456 2364 1404 2004 1292 508 2240 1738 2074 1345 1344 898 427 136 76 444 
0.911
14
2099 1867 1846 1793 1703 1696 1345 1334 1110 1004 984 941 871 2068 
1.905
18
472 286 1700 1727 1358 1462 1194 1789 1726 1807 2130 1941 303 1229 22 800 602 1921 
0.137
15
2194 2278 1119 2015 1541 735 732 664 573 552 445 431 362 77 737 
0.403
19
1054 1401 159 27 1706 960 888 2067 1634 953 1846 2227 1152 2021 1870 1193 402 249 768 
3.188
17
1627 1391 1090 273 76 812 1193 1831 2247 2263 1968 1444 1061 779 684 141 277 
1.206
18
2252 1413 1690 1189 1492 2337 386 2246 1620 1078 1972 1612 2237 1522 1276 474 313 783 
2.601
15
1648 1092 1747 1800 1756 2281 2065 2320 504 1791 1221 2060 2002 335 469 
0.36
15
920 1650 1911 1157 2149 1165 1473 2314 2114 1532 865 722 239 169 898 
2.884
16
2076 1777 2297 1903 1706 2213 2002 1375 1456 1390 1617 1317 545 444 437 1362 
1.151
15
685 604 355 1850 1831 1639 1551 1316 1239 1131 1039 986 558 36 2070 
0.706
18
1622 1490 1420 1136 1654 1739 758 1210 1571 1147 1059 643 467 465 427 410 217 705 
1.105
12
2232 723 845 1545 2028 1496 2310 2064 2038 1840 193 536 
3.875
22
2178 1996 240 1536 1214 1564 2064 801 651 1121 2133 2042 1804 1813 2121 650 1434 1382 2150 2348 80 1119 
0.129
20
1937 2054 1463 1272 907 830 789 381 2183 2059 1891 1738 1588 1577 1438 755 692 534 461 1867 
7.036
20
1069 1871 130 1368 897 1530 2103 799 1545 187 1192 1561 1097 1492 1176 208 1393 1900 2176 1536 
0.14
14
2063 1229 377 1919 1566 1410 1193 1180 648 558 501 307 167 1608 
1.804
16
568 560 1987 1881 1939 1536 1428 1808 2211 1932 1498 1296 831 328 132 378 
0.981
15
1570 1888 2124 1548 1627 1734 1747 1314 1693 310 252 236 215 185 1123 
1.089
16
1139 1090 2183 654 566 443 1642 1391 1088 1273 746 628 548 350 270 783 
1.917
15
1385 171 2193 1994 1740 1717 1314 1258 1245 1194 885 707 456 279 2309 
1.807
15
2058 2055 1907 1516 1345 1239 1077 901 897 893 794 717 207 201 2230 
0.402
17
1545 2089 2179 1573 2339 2162 1221 1175 1135 1031 989 887 715 680 456 251 1503 
0.267
17
2262 2020 2041 2015 2157 2128 1699 1116 1051 950 759 373 283 275 246 74 1895 
0.445
19
2361 447 1588 2348 2111 590 1571 1325 930 1825 1395 2272 583 2034 1968 1181 394 22 575 
3.912
15
1140 987 1896 1897 1244 1122 499 2235 1422 1456 749 1065 1036 102 369 
1.31
15
1670 900 782 1541 1786 2071 1644 1521 2034 1775 1484 591 301 179 643 
1.098
16
1967 1881 2358 1764 1583 1218 1092 799 752 600 573 572 511 372 258 1770 
2.173
15
2016 1909 2084 2072 1404 754 86 67 1781 2137 2123 2018 2005 941 1411 
4.354
18
1443 2221 2227 2073 1069 1234 1290 2197 1982 1969 729 611 529 314 275 272 45 1007 
0.355
18
2032 1779 2330 1986 1733 2060 1545 1516 1462 1194 1171 886 588 455 316 264 263 1560 
0.324
21
2006 1971 1625 1758 2012 1853 2301 1732 1441 2261 1156 987 884 579 553 406 280 186 50 28 1202 
0.929
14
1656 2220 733 1305 1872 1429 2009 1290 1921 1133 501 176 147 1169 
0.914
14
427 272 13 2262 1944 1968 2333 2302 2010 866 759 707 111 1789 
1.502
16
2358 2347 1070 1187 1964 2235 832 734 638 433 2090 2016 756 627 208 828 
1.577
19
1090 1780 1842 44 1534 352 396 618 1509 1146 28 591 1628 956 381 1755 2027 1388 1365 
0.122
13
2203 2134 1911 1600 1330 1246 1180 1100 1081 724 689 113 2339 
0.492
14
1861 1403 863 2221 1478 1259 2045 2010 1120 1389 699 546 133 716 
2.575
14
548 531 452 2246 2222 2343 1915 1818 1791 1724 1260 1099 391 1922 
1.223
18
506 32 1552 1005 530 1941 1510 669 2190 708 2087 206 1334 2047 286 1993 35 59 
2.055
20
1846 2085 1614 1512 2166 1464 1446 1403 1300 501 379 1502 1965 1159 778 364 207 174 50 1494 
1.637
14
1388 448 2296 1535 1285 1282 1673 2119 1666 945 1589 422 122 304 
0.328
15
1872 1478 2263 2128 1342 1388 1164 1092 1044 995 845 654 257 145 1197 
1.216
20
2117 1144 1052 503 1972 2175 1793 2020 937 1755 2314 1367 1436 1517 729 561 491 261 31 840 
1.537
16
2062 1032 2166 353 1891 189 616 823 875 441 2085 1633 1601 1006 951 192 
0.704
15
1748 1628 1405 1265 1190 1139 1073 1064 899 663 495 298 256 194 1944 
0.875
16
2111 1758 2056 1755 2088 1362 990 479 2006 1942 1049 958 816 610 267 1486 
2.723
14
580 1611 1783 1653 2234 1928 1179 1173 1167 1073 967 959 561 1405 
1.607
19
1616 1941 1821 1732 2089 1923 1815 1179 1106 1048 950 798 732 703 571 336 101 63 1596 
3.98
17
96 1641 2368 1956 1257 1790 1365 1721 1391 1323 1277 1124 396 361 89 61 1236 
0.799
14
1889 2178 1753 1675 1747 1601 2113 1671 1181 1007 545 173 63 1258 
2.525
15
547 261 2199 2191 1806 1465 1383 1231 1216 1155 798 453 342 11 2188 
3.035
14
1737 2313 2131 962 1411 2338 2342 1832 2067 2201 2366 2140 364 393 
1.42
20
2276 2075 2160 1988 2258 1886 1755 1718 1410 1340 1306 1212 1153 956 951 435 420 380 182 1892 
0.836
17
1792 791 1105 1253 1597 1719 989 2137 1144 1982 2051 1936 1985 1424 675 366 713 
1.196
16
798 1429 2105 2093 973 1363 451 415 307 986 887 1102 1092 436 232 722 
1.571
17
1395 1098 848 1834 1724 2149 811 918 1541 464 1401 1982 1438 1844 1200 406 680 
2.485
19
2232 73 1164 2014 369 888 2139 1143 1599 1643 9 375 403 803 1321 1944 12 2040 1652 
0.477
20
1187 1663 1495 1770 2271 765 281 2280 1088 1551 915 2063 1846 1442 2179 1881 2029 232 61 314 
2.17
15
1715 2083 1796 2038 1920 1702 2159 1696 1526 1482 1257 1221 644 84 1640 
3.001
15
1797 751 325 262 1622 2323 1741 1878 1287 1692 1923 623 393 246 1097 
1.193
14
1266 1500 1431 2307 1374 1340 2023 1140 693 479 341 242 122 1086 
2.204
20
974 871 1913 614 813 615 2254 872 1311 1220 675 345 307 181 153 124 117 104 80 363 
0.723
16
914 672 420 240 122 1826 1596 1573 1099 984 969 890 688 208 95 1765 
1.404
17
1469 976 631 284 196 106 22 2064 1897 1808 1795 1704 1375 1367 971 136 1911 
4.528
13
1968 1919 1494 1103 345 1174 983 652 648 1013 519 169 344 
0.827
15
550 1219 1102 2182 1598 1108 1523 1355 764 1571 309 274 262 152 372 
0.561
20
1819 522 1066 705 2190 925 260 1236 1995 708 1396 1589 1031 1716 2195 1939 1493 2119 3 134 
0.9
17
341 2341 615 758 261 790 1564 2365 2290 860 1191 1102 396 241 1339 1647 2367 
0.136
13
1667 1397 349 1573 2313 1992 1869 1158 1064 1077 1343 119 272 
0.725
16
661 1009 600 915 337 1893 1836 813 1888 747 2349 1272 137 918 1144 1473 
0.125
