22
14412 15582 23654 22171 8304 11025 21940 21009 19551 22384 7716 18705 13593 7362 22487 6987 7628 16446 3139 2556 1624 4607 
11.791
28
20641 20657 21725 22798 20169 19843 19809 19438 18796 18690 17841 14829 13867 12358 12357 12184 11942 8663 8358 8071 7866 7848 4247 3717 2588 2119 1467 20623 
6.801
21
15291 19951 18991 7389 16929 21375 22089 3877 9584 3168 85 12371 11908 5961 6524 21887 10762 7041 2221 1845 3148 
13.603
23
10954 10103 9228 6664 6607 4443 4104 2805 1480 246 19558 18002 17543 17168 16092 15257 15155 15151 13760 8197 7434 5597 19079 
25.001
31
17795 20798 21032 21346 18374 12793 9414 7451 6936 6090 2467 2187 2080 431 310 17038 16527 15279 13793 13575 13028 12148 9217 9199 6120 5691 5143 4518 3015 2884 16682 
26.355
32
17068 4851 21329 4057 9935 14930 17436 18534 13001 22085 20311 17562 5902 19043 10482 23459 11560 1908 377 16632 23224 21701 5443 19312 8835 19601 17119 11265 12046 2969 43 3010 
10.868
22
3806 14506 13347 5339 9906 18442 19196 6562 7784 14288 21970 14140 1340 3374 5395 12866 16940 5572 4459 9963 637 870 
18.373
23
16916 20050 16977 15457 15439 11649 9451 9041 8811 8494 7140 7076 5867 4386 4071 1289 22391 14436 23308 12788 14225 2605 11802 
9.127
25
21549 21811 20557 12285 18773 16488 23064 13233 22820 22832 10675 11713 8511 8242 7770 7712 7607 6260 4441 3673 2352 1183 920 218 9328 
11.925
27
20525 20222 15001 18443 4000 2987 2258 1400 13955 17006 16246 15803 15808 15885 13235 21308 17924 15412 20172 9338 8095 8032 7075 5407 1385 962 12584 
26.594
25
8406 6551 5228 382 21461 23198 18435 22096 18376 19911 16579 15995 15983 13711 13701 12263 11355 8672 7711 7137 4730 4275 3346 1764 17334 
10.046
24
9511 13347 2002 12314 4805 17453 12833 5842 16716 17602 22546 18785 13909 19470 20690 1432 768 152 3776 15818 2528 1416 189 1537 
9.025
26
22820 17370 4475 5952 18517 11635 6392 7166 15472 6901 2015 20725 22261 4241 11222 23018 14153 9922 9886 20630 9333 4584 11013 2051 1302 1410 
5.195
33
22997 13100 18122 20097 17009 22282 16193 20153 22404 13727 19714 18485 12231 13043 22608 18527 15455 9735 8959 8683 8378 8320 6748 6644 5853 5659 5453 5084 3848 3338 2938 2725 10721 
11.404
23
23626 21194 16815 16230 19854 21593 15712 15428 14671 13447 12668 12283 12211 10834 8719 8358 5606 3850 2419 1199 606 286 15860 
1.613
27
11266 10508 2706 2685 2515 21711 20824 17834 21125 22982 22208 19361 17155 18136 21421 23151 17928 18088 21753 14757 14331 12939 12110 10953 7507 1415 15436 
7.987
25
20184 12191 7004 6254 3236 2013 442 17869 16929 13669 19240 16387 20750 17796 20067 12471 12410 7757 6660 6100 5427 2773 1994 887 12522 
8.949
26
16280 8713 9996 13566 23418 18722 23009 1056 9847 11595 17627 15732 8372 17480 3946 12959 2569 7065 7908 7918 15083 21144 1940 21168 22721 21329 
1.226
30
15304 20523 16681 22521 11840 12451 23524 19318 16180 22263 8792 7884 7674 5354 4834 3015 1669 455 19230 14357 10529 18575 11733 17004 8270 7889 4677 1641 581 10041 
18.117
26
17920 12816 11294 11230 11217 9559 8094 6759 6468 5592 3903 3073 21295 21357 21941 20722 18992 18988 10264 10195 9937 9894 8907 6119 5370 21110 
7.007
33
16163 21285 15079 17896 15472 18677 15300 18065 16721 13224 16580 18948 14131 12134 9353 8924 8899 8268 8035 7873 6771 5843 5329 4796 4722 3433 2759 2701 1554 1355 336 195 11976 
7.261
32
15745 11594 10726 10709 8022 6152 4282 3066 2169 19836 20031 22600 22444 22320 23154 20589 23309 21328 17740 16137 14826 12517 11706 10150 9139 8437 7777 7702 4473 1125 51 17876 
7.176
25
16411 11903 9899 7176 5418 3291 3216 774 612 18028 22391 17247 21128 20882 21867 17408 23520 17026 10647 10640 7946 7364 2653 597 13018 
16.066
24
21229 17461 18571 16139 20662 20213 21558 19372 18293 22410 16411 14137 12221 11481 8540 7278 5628 4885 3941 3216 2783 2281 1144 15640 
24.304
28
12380 13073 15461 20276 19592 17027 18817 12998 5550 4464 4301 2739 11636 10168 19513 12594 11833 20241 9919 7997 7853 3875 3282 1235 933 631 479 10127 
12.998
29
21217 22556 20838 19505 20612 22491 23470 23164 18116 17340 16539 16140 15226 14875 12562 12404 11190 10920 9581 7288 6666 5875 4404 4376 4281 4142 2715 1097 19099 
7.418
22
10400 4298 2790 2243 20799 20339 23663 23188 18821 23145 18393 16333 21988 21239 13654 12315 10491 7718 5896 3684 474 14949 
3.089
20
20279 5236 4097 2834 2570 1342 18149 22856 21634 16638 18003 21016 14983 13891 13653 12648 11134 5218 4747 15346 
9.502
21
10026 7919 4198 16910 15401 22922 13695 13580 11339 10796 10443 10041 8873 7901 7721 7599 7202 4485 3594 1423 15245 
6.398
24
11709 3133 13738 13442 22577 12212 17494 15303 21996 7013 22075 20261 4042 6703 752 6203 9858 20198 18409 21766 22686 17947 431 906 
8.594
24
20756 23548 9962 7129 6587 4898 4476 4263 18967 13769 18571 22455 8951 22895 8331 9655 18751 16199 19238 6635 1354 734 388 7218 
11.195
24
21719 20984 23003 19864 19406 22607 23569 14708 13695 11063 9570 9502 8590 7864 7169 6677 5771 4488 4349 4114 4059 3875 1736 18071 
5.775
21
3068 4881 1804 3665 19467 6521 15268 8157 15519 17138 23487 23373 19288 80 23686 4431 9805 3766 20135 822 2289 
6.669
27
18678 18573 19616 16594 15793 15077 7939 3801 3154 2935 1940 932 23370 20784 22475 17942 17723 17600 16179 14509 14041 11924 11523 10146 3094 1508 18391 
9.437
22
20064 17555 15937 15660 15430 14412 14193 11033 9072 6421 2355 1888 539 22530 22277 21228 17944 15842 14097 4939 2924 22011 
7.736
22
975 9899 21897 23603 8844 13074 9880 18930 20073 1358 8158 19649 8438 13827 13120 13638 16394 14756 4700 12044 14792 5419 
1.232
27
19460 12558 12456 7946 7599 7409 6785 4715 3997 2257 1895 1738 1187 16457 20475 14385 12355 11636 8707 7431 6849 4563 3462 1905 1301 289 15880 
14.564
25
11858 10334 6346 14897 18850 19667 18836 18920 5139 2563 11070 11523 22008 16465 12633 7536 19498 13215 9139 13638 17834 1534 694 114 1100 
12.19
22
19959 7156 41 21758 15601 12734 17205 15656 9925 6670 4599 2645 22136 15059 21835 14380 12517 12156 4693 4627 2559 12604 
95.642
25
22251 19999 13776 14901 6474 6404 5636 2567 1954 14016 16691 18675 18214 20862 22587 16723 10270 10109 7524 6851 6708 5055 3950 2462 11007 
14.123
30
9225 16081 14421 20741 19900 10896 6733 9180 11626 19993 7777 6575 22278 23161 11170 11829 13415 3538 19528 1631 21004 21876 15404 19381 7972 12811 5167 21670 11377 16673 
1.252
28
13088 12583 9505 7913 6812 6453 5711 4975 2546 1408 21894 21220 23392 20783 20614 19767 19046 18786 18674 16656 16087 16054 15554 14673 12905 4455 3011 21065 
15.913
24
14531 20638 16391 11372 14751 21292 19106 11296 9960 9890 8555 8171 7916 7145 6780 6470 6163 6158 5314 5184 4693 4352 1284 11302 
14.813
25
7238 2700 147 19914 22197 22539 20046 12099 14108 19311 10739 20040 9822 14196 16921 17583 16529 16694 16117 19318 13701 7648 4551 3410 8458 
12.214
22
14580 17741 20927 11156 22782 14503 17347 18698 13868 20751 9396 7867 6375 6061 5859 5306 4602 3049 2369 2092 0 9418 
1.825
29
16343 23422 19800 12768 12260 9839 9512 9059 5764 2307 1147 462 325 18158 21909 23427 19008 17435 14541 13992 13615 13559 13509 13154 11149 9623 7937 688 14821 
11.169
24
15892 5885 16285 4408 20988 23512 11275 2744 20114 14219 7037 8857 4035 16949 17729 8823 3126 20509 12620 3057 12083 11738 1013 1840 
9.249
20
21821 18885 19388 20382 16288 14051 19101 16605 20768 14362 12994 11782 10838 10166 8838 6477 6094 1425 1402 13283 
1.517
31
7897 7701 6973 3481 19888 19640 21529 18619 21295 19210 16991 16275 15150 14339 14203 14101 13573 11840 10525 10304 9287 8942 8494 6968 5883 4864 4363 3817 1823 602 17731 
10.945
31
12174 21507 23262 20464 14075 23645 13078 16558 17917 16606 17244 15865 18624 17394 18113 10595 10559 10410 10035 7694 7636 6587 6451 4935 3554 3105 2616 2567 1704 747 11650 
2.628
25
15328 15604 2981 20677 14179 16922 12485 12066 15922 13473 21663 20542 18230 15603 19555 21769 18955 8635 6672 2447 1380 1280 671 230 9139 
9.157
30
1454 4026 7736 4052 20896 9002 10416 8911 6650 19731 22188 11365 21753 17552 4017 14560 15145 11763 22608 148 20663 14971 3119 17478 14884 13192 2109 18827 4388 15308 
1.238
26
13096 23291 11368 15948 17359 9417 21550 23122 21033 19900 23233 8313 8455 20662 23204 10259 13633 20741 4958 4899 3776 3263 2609 1029 339 6202 
7.061
31
6773 6751 5618 4021 3360 1680 885 9017 17299 9216 17887 15150 19686 15890 12215 22765 13421 15550 22667 12071 14834 13934 20561 15156 17464 18312 20281 15227 7095 254 8895 
6.566
32
11974 9772 12135 15162 13028 12837 18549 9177 12060 15317 20311 15447 7222 6876 6485 3961 3445 2451 1777 13912 13645 14405 14412 15369 6611 6122 5075 4612 4566 3103 490 9146 
24.903
24
21101 20792 20460 19137 18035 17982 16254 15448 12839 7839 6019 4325 4106 3159 2294 2001 1883 397 22717 7784 5651 5147 426 21985 
16.097
30
20571 10263 5624 2761 17348 21765 16570 11068 17245 19701 15769 18335 320 501 10864 23692 20456 19274 17614 22847 7633 21936 12493 20410 21141 12535 18604 9032 22656 16977 
2.353
25
4367 15745 9324 22930 10631 11833 20960 4786 10505 17721 11496 17231 16202 4674 19194 57 8931 7494 1019 12486 15266 17028 22253 2656 4137 
2.477
24
22134 21498 22470 22827 23375 19492 17695 16222 16073 15752 15461 12309 11685 10605 9347 8130 6173 6124 4775 4769 3738 3332 1768 21369 
19.356
24
22874 10364 17276 14177 13915 20017 11784 20048 18442 19697 21880 7471 6960 6273 1765 1507 1304 20466 13221 16433 13333 22326 125 8349 
7.733
25
12382 8766 6616 6589 5697 2130 23016 19976 22561 20526 20507 23685 16247 15771 15531 15419 14525 14241 14144 14038 11822 9735 7851 1082 17406 
12.903
23
22408 21011 19012 2934 698 3862 5835 13655 14762 12930 20141 8859 23159 8698 21583 21250 14135 11117 14167 3624 1436 1160 3669 
23.691
29
7394 5694 4535 4256 1777 1500 22020 12151 15116 16108 23113 18168 22792 17859 21268 19390 10083 20791 20012 16042 12632 17679 21403 8794 7955 6090 725 692 9646 
9.957
33
18304 23049 20777 20879 19877 19070 23665 15709 20780 19967 14738 14482 13838 12170 11549 11485 8700 8524 7566 7189 6684 5740 5577 5429 4471 4196 4032 3007 2802 2367 1343 720 15627 
6.54
24
3126 14793 8087 1325 7174 2280 17078 16506 2641 18731 1538 18314 4490 1905 1737 9057 12959 19161 17132 14928 18191 18236 13705 15693 
1.216
21
19127 7596 13956 9026 18877 15054 21290 10485 5590 3892 3219 7752 13796 17905 17498 20099 8742 14171 18654 4750 7433 
13.021
24
9965 17874 10418 15517 5603 8818 13941 9787 20368 5001 19481 17480 11439 8335 12670 23370 17434 15090 846 12380 17851 16337 18522 1135 
2.034
26
719 21300 21815 17150 11510 9815 7749 7652 7565 6171 3569 3096 2766 1594 763 291 23263 23018 17602 19962 20965 8482 5316 1701 619 15405 
20.969
24
500 12239 22735 23345 22843 12394 21356 16721 17298 16656 14184 23266 20478 14561 20365 13858 18475 12290 8617 7670 6089 4535 3351 9633 
8.19
25
10378 10481 9946 16538 15469 22443 18993 21051 10626 3813 3025 2742 392 14534 6922 13136 8841 13118 18286 11227 21227 23185 18419 2862 5301 
18.631
24
7927 2214 5371 2176 18068 13556 16404 11189 11052 22910 6530 18445 7472 18355 22428 21533 15680 23317 5439 3682 6696 15159 1003 1454 
23.732
26
2624 17701 16194 22881 13452 7684 6424 11140 2312 7604 18210 18264 12438 21154 22577 14904 2021 18844 15736 8933 2979 15065 21135 13604 3651 3148 
1.214
27
15628 9986 15730 14904 21262 8933 8658 16669 19802 15756 11309 11617 22310 8571 7164 7118 6757 6382 5812 4533 4063 2616 2523 429 255 65 8595 
5.191
29
11026 14202 18350 11214 9763 17160 19287 20482 14537 13901 7103 6342 6047 2597 10931 8634 14798 17172 14826 13492 17683 7958 20949 16112 9645 7288 7073 31 7545 
15.6
26
1229 7309 14761 5708 17091 8573 12798 22124 11893 14536 22517 14237 6149 6860 18155 13969 5584 19831 13180 20934 4042 3867 2755 2621 2141 4626 
6.473
21
334 20309 22634 16549 19007 19923 15878 11650 11061 10652 9972 9115 6842 20754 18355 16633 15571 11172 9747 6667 14422 
16.477
21
3773 15078 16937 21190 15681 17272 21069 15039 19921 18520 16325 7494 7109 6439 6235 5698 5682 5140 1457 674 8156 
8.809
26
19566 18732 12357 10818 11162 12456 2612 5051 16882 19281 14419 1030 10618 14503 17976 14586 2084 7170 2917 1258 9214 18989 15429 18862 7539 13067 
1.79
28
18494 15245 9384 18456 18039 17796 18164 22815 13850 20858 18315 14371 21708 10370 13080 11645 8836 6844 5961 5526 4688 2155 1695 1571 765 443 273 9282 
6.471
24
10964 7819 3478 19113 20100 22722 22301 19181 22105 23382 22189 19171 16446 16150 15590 12985 12586 12203 7954 5248 3841 2407 601 18221 
3.063
22
7112 13460 21327 21056 9305 15952 7386 22817 4276 10537 10553 851 13057 23101 12243 12576 19974 22380 2939 16805 2533 21547 
1.252
19
7218 5817 1421 1018 22359 21277 20812 18527 17303 17078 16380 13089 12342 11065 8150 7305 3510 880 23069 
4.535
22
13138 7594 7846 12468 18800 10700 15117 22465 19644 9595 17741 6957 6357 5866 4208 3344 2243 21368 8073 6973 6462 7343 
17.309
19
19214 17071 13745 18815 10223 17472 18434 12145 18325 21291 14859 8565 6495 6254 4316 3658 1370 449 9651 
2.476
22
22230 17925 16454 20345 13409 10928 6980 617 20824 19981 15696 15601 15321 15089 14242 13634 11238 8431 7471 5830 325 15773 
5.646
34
18463 14793 13948 13836 13796 12936 11239 10325 9852 9796 9738 9608 8349 7579 5593 4421 4307 1793 1686 161 3 20661 20400 19272 18656 17374 15681 15606 15568 11808 9754 6531 1745 20680 
14.287
22
16472 13783 23187 11708 5364 12034 19501 22794 7181 17867 6874 14416 23144 10049 8821 5337 4273 3321 3101 2788 71 5369 
7.253
25
8919 18482 21333 19193 17230 17495 22230 15700 23095 12486 20326 12578 7874 16457 17831 21867 22147 13619 6823 5387 4753 4416 4311 3228 7705 
10.349
31
17001 16592 13580 22907 17940 16556 18540 10912 9354 9029 8743 8604 7921 5216 3601 1834 21032 13585 14470 12107 21112 19887 11865 11627 10635 9577 9474 6951 6487 1756 11871 
12.856
26
20887 9261 10744 21851 20142 19218 12777 20283 15069 23230 5693 13199 11856 23206 10605 13048 23478 7061 14526 20368 8206 22875 2161 1780 1428 2796 
10.957
25
21601 10845 15444 20158 18477 9017 8491 7601 7314 7284 4707 591 10664 15437 11946 12887 21312 16560 20302 9998 17863 9501 7265 2304 9652 
17.115
23
22233 21249 22917 17446 14065 10055 8641 21936 18481 14980 14627 12246 10438 8110 5473 5444 4266 4165 3943 2557 2127 1854 16995 
6.97
20
15588 13793 2284 10499 22311 5278 6661 22403 7358 18041 2215 2439 7103 16426 16807 4837 5069 1388 579 1497 
9.233
21
18471 6082 10847 20484 12513 8368 9965 23494 3841 13087 17018 11577 8057 15391 14382 13096 11837 20807 5736 1982 3411 
8.03
35
4574 2657 2182 2066 21940 23597 21467 21009 20061 18418 17260 15970 15860 15798 15009 13654 11518 10434 10032 9563 9318 9153 7841 6499 6300 6159 5848 5473 4450 3762 3378 3189 2978 1317 21926 
16.329
24
225 5453 6204 19065 7479 15212 17655 11183 3121 11420 161 17296 14250 4317 23373 19707 23113 13590 11465 20862 10434 4647 22951 11030 
5.196
25
7689 7177 4773 3738 3022 20307 17964 13556 9837 16719 17645 20301 12428 13724 15399 7884 15104 12417 6429 4841 4620 3957 2946 13 7120 
4.033
18
17388 15625 17261 10176 9783 7561 4699 3188 21328 18078 23311 20165 12513 12374 11870 10706 9596 14701 
11.723
32
4665 9222 14450 8813 7555 13820 8995 9709 5705 488 18270 10454 18646 1673 19449 11190 11916 4843 20477 3515 8939 22914 19885 15815 1527 18236 365 19469 4330 2220 8440 10409 
1.236
22
17145 6813 9489 16292 18198 22605 17320 22747 21700 14899 14223 8815 16311 20512 6187 4677 4378 3984 2696 407 223 6267 
15.984
