9
119 153 116 185 224 228 64 24 109 
0.152
10
198 188 154 145 97 91 206 49 1 83 
0.292
7
231 225 150 140 138 57 164 
0.245
11
159 103 188 64 105 178 160 140 58 17 41 
0.324
12
147 166 71 106 235 169 175 183 92 23 18 32 
0.139
11
148 180 175 10 120 101 125 96 138 208 98 
0.018
9
115 110 201 58 139 37 27 7 220 
0.016
12
235 195 183 182 165 146 136 72 67 60 50 194 
0.076
10
205 225 170 167 137 74 65 36 5 144 
0.262
10
235 224 166 155 128 67 181 107 17 34 
0.084
11
212 159 213 197 136 133 100 73 51 49 157 
0.354
10
29 225 132 92 85 79 67 62 20 128 
0.323
10
120 90 86 183 233 217 141 182 32 136 
0.292
14
220 157 149 25 13 12 75 36 155 48 192 163 2 31 
0.366
10
144 174 138 88 77 56 116 76 33 46 
0.13
9
188 226 209 150 84 78 53 30 214 
0.271
13
48 15 4 149 200 220 170 163 123 89 59 34 132 
0.89
13
80 197 47 208 194 99 118 96 219 10 81 12 34 
0.018
9
101 76 221 229 170 155 102 39 149 
0.159
12
225 188 200 194 178 180 138 160 136 158 92 123 
0.497
10
219 213 195 192 187 115 109 94 2 232 
0.385
12
49 216 222 176 215 96 52 160 195 208 97 38 
0.017
10
97 81 44 133 212 135 107 63 7 131 
0.137
10
160 84 230 161 151 111 58 78 34 42 
0.421
14
204 199 153 161 147 124 106 142 145 132 230 100 53 102 
0.194
10
224 217 154 218 209 187 189 137 85 146 
0.377
9
156 131 197 179 69 51 31 19 68 
0.144
9
182 48 18 157 236 145 123 132 72 
0.017
11
141 89 170 212 76 155 214 92 131 17 40 
0.115
10
73 58 163 195 183 118 100 72 32 119 
0.265
9
154 189 200 43 165 128 65 18 36 
0.2
10
210 227 207 190 187 169 157 83 69 201 
0.426
9
232 184 110 107 74 59 38 34 176 
0.053
12
135 155 168 203 195 148 115 79 55 40 23 102 
0.449
11
189 151 91 195 59 187 118 180 159 39 46 
0.229
10
229 122 217 195 176 156 16 4 3 63 
0.092
12
194 146 236 157 68 40 26 20 19 8 6 42 
0.388
8
186 233 180 226 224 169 86 97 
0.139
11
178 78 137 227 210 49 21 24 85 145 58 
0.017
9
228 185 118 143 209 40 35 31 57 
0.613
9
222 202 198 152 157 75 57 48 138 
0.197
9
183 224 221 201 175 12 192 8 11 
0.018
11
168 48 34 208 100 232 162 87 118 27 36 
0.259
8
235 202 183 236 152 43 35 174 
0.213
11
63 180 200 161 207 179 56 52 49 32 159 
0.181
8
228 218 148 111 167 90 62 70 
0.206
11
61 130 218 97 151 41 7 45 82 221 4 
0.017
10
183 180 216 159 155 142 95 45 26 146 
0.072
11
163 87 80 141 207 106 183 36 76 25 31 
0.055
7
35 181 224 140 124 68 177 
0.235
12
220 146 30 71 96 103 141 143 154 102 5 24 
0.413
9
33 169 177 190 162 81 77 41 168 
0.469
11
123 219 232 209 99 91 70 52 43 6 122 
0.12
7
206 199 171 148 80 77 181 
0.168
10
138 190 130 232 228 217 156 111 104 124 
0.105
11
19 92 161 128 189 51 7 191 83 155 149 
0.019
10
43 225 33 190 147 144 1 212 68 172 
0.017
9
222 204 201 142 123 110 69 49 212 
0.276
8
221 234 195 168 61 56 33 186 
0.115
13
210 117 174 197 69 31 230 187 109 32 28 24 84 
0.431
11
59 95 210 130 171 79 70 29 26 14 85 
0.121
12
41 148 138 158 193 127 103 59 50 13 11 86 
0.28
9
70 150 194 75 227 162 140 49 63 
0.158
8
166 150 134 95 72 68 58 233 
0.328
8
161 175 217 197 55 52 24 127 
0.246
12
22 220 204 185 179 162 151 89 84 67 2 223 
0.588
8
199 158 82 60 54 45 43 174 
0.174
8
183 230 193 123 137 53 45 108 
0.276
10
222 163 66 177 56 201 125 124 27 34 
0.202
10
211 112 77 111 130 144 123 48 23 57 
0.081
10
190 37 122 177 189 117 102 16 183 40 
0.018
10
75 24 149 30 173 106 79 134 94 137 
0.018
9
188 201 215 22 76 92 74 136 177 
0.018
10
74 233 134 115 88 79 47 41 18 214 
0.258
13
110 166 30 120 161 221 196 191 183 57 119 26 45 
0.37
9
226 225 142 129 75 56 54 48 94 
0.359
10
176 186 146 18 30 37 118 212 104 217 
0.018
8
49 85 198 162 145 34 234 26 
0.017
12
73 93 161 170 225 3 147 106 152 172 212 158 
0.02
11
116 28 203 100 111 50 11 154 110 170 226 
0.02
9
213 211 184 175 174 154 99 53 225 
0.29
10
36 30 69 132 122 131 109 52 15 20 
0.3
10
236 7 16 211 105 49 52 89 157 81 
0.018
8
232 114 106 98 93 64 62 128 
0.086
14
90 199 128 10 45 116 235 212 218 103 190 137 166 19 
0.018
11
177 222 77 46 101 213 72 209 91 1 11 
0.241
9
71 171 15 224 236 32 63 228 111 
0.017
10
91 65 93 137 177 35 28 66 10 206 
0.019
11
122 68 158 134 116 77 181 46 25 19 59 
0.153
9
160 149 213 187 164 107 91 86 131 
0.137
9
109 158 135 88 76 55 26 22 228 
0.583
12
202 193 185 168 150 142 64 50 23 10 2 216 
0.442
9
176 169 61 198 163 223 47 22 39 
0.046
9
181 151 119 101 68 63 32 15 208 
0.188
10
191 209 189 125 14 194 133 21 138 233 
0.018
12
122 236 213 198 190 131 114 94 47 32 12 231 
0.161
7
193 192 154 91 65 42 219 
0.219
11
109 188 58 27 167 106 30 230 113 9 22 
0.053
8
219 97 105 168 68 32 9 70 
0.016
9
234 164 159 130 112 62 51 12 162 
0.215
