46
267420 293106 310382 246209 245686 283148 251473 257363 262125 228278 226240 201234 200603 200498 179762 177491 171898 145068 144478 115574 110179 102048 69912 66403 65458 246954 250765 286748 298643 279801 247735 249605 227194 207724 205506 167659 153866 147410 137097 134907 124402 96969 46452 39226 38590 231505 
102.712
55
61182 131332 219126 236043 251439 129930 75531 80064 157456 310561 182153 274812 178001 186556 297418 121086 141875 279433 222944 239873 99289 115649 272766 250254 58470 296140 145227 210753 166202 205909 43258 227446 171154 169612 262743 310223 207070 265464 235134 97674 77098 163637 170031 280634 272865 229623 96451 37109 35681 27325 25258 12195 10736 7269 39519 
64.238
43
224117 220795 314031 229929 269781 300632 273038 173238 156228 152641 151904 146370 145664 131393 127635 121452 113782 113528 107304 105569 97220 93815 81283 70224 43742 35364 30747 3120 242255 269256 304560 247195 314234 248555 231197 222060 256450 191807 80276 40692 21305 4834 193401 
86.308
48
20510 103249 72591 261372 117830 283624 172139 231877 211902 53371 95367 264472 193332 186159 19488 171745 171397 46545 249836 182104 57257 162910 313471 101637 55065 291214 292511 274378 84753 254109 297325 133485 77143 43284 223150 66543 136929 259332 48866 186006 235680 244368 181599 215493 162137 7746 4842 8187 
106.12
50
24484 23424 10850 9379 1363 435 305968 265834 311115 314995 260317 243920 293958 264126 293552 228455 210697 204955 204927 196038 188251 185571 177609 176910 173749 160586 147932 137513 136522 134637 129644 129143 119332 118986 114084 92257 80250 77078 65339 63752 62035 56190 53835 53648 49213 47743 43361 32192 31915 236127 
143.411
40
151549 147784 136313 134756 103420 89187 45253 35687 5465 301951 292006 287361 309041 285103 315236 275937 271042 269968 259816 250990 246296 239619 208899 198962 196543 192190 191656 175222 168622 146916 138076 132513 96752 81631 80243 67755 54290 52965 37068 282360 
168.195
42
188263 294539 180578 172056 182134 91520 95731 95351 77693 135458 282168 225714 303880 287040 115662 251155 89216 187919 57069 140235 52700 44728 25975 12928 146342 315431 257745 106543 306611 74859 115485 159545 60591 130457 151890 200471 106267 46422 27727 21775 14932 56037 
95.463
55
40878 37607 310966 304369 243087 247238 309761 293552 293367 232551 226236 221708 220823 209660 204558 189585 178570 175004 174922 173024 164484 155335 142333 138458 133754 133313 105819 104973 102215 86338 80632 73260 63279 43142 33766 29364 22533 18536 3228 257182 295980 246505 211330 208048 195239 185129 184603 166606 124092 119063 116971 89461 3381 1770 236337 
109.004
48
182495 166530 207906 292147 187667 292897 133093 267528 297215 185660 139294 132029 151966 301661 144905 294572 299699 107584 102144 98610 87637 87229 77271 55269 44622 33937 32792 28138 25974 12082 7099 2544 192975 247341 155768 233935 215573 298234 145473 128991 127110 124077 123746 119445 101746 88359 20897 131334 
114.898
41
189224 145588 92946 75785 75513 66426 60322 55358 47510 42766 24990 449 306780 302375 238508 275888 280799 307995 251197 238728 215974 220469 271342 206150 204871 203200 202111 202064 189702 188037 185304 166671 152189 133845 124562 122160 112400 82631 47090 41624 212911 
126.55
38
95598 91844 54847 244837 312391 271898 176578 272425 181642 297798 179634 199836 265233 197528 231368 263643 195133 139070 133475 124350 111703 103128 100493 76652 58306 46085 43893 39907 32757 7580 2073 239497 310205 302993 202917 159198 29187 158282 
176.026
35
292646 278867 259825 271281 241074 226596 224750 219295 206605 172752 153212 144574 125257 117096 109143 91318 86292 84151 66051 61758 61715 59339 34585 22088 270774 287832 312424 286160 292051 205119 174475 163200 70643 22260 251705 
72.312
35
114925 57967 43689 21021 259443 257782 291840 244477 249630 312142 224082 222863 215190 199178 186852 173946 167138 165257 162727 153208 114466 102940 48636 23505 13729 311856 242132 199384 183236 171411 165051 121836 78164 4128 240231 
198.44
41
192896 119519 103521 94459 88557 83096 73769 43382 41445 29260 3189 229261 269004 271660 269153 245007 214138 315453 184904 181406 178287 172141 148569 131535 120877 99948 46970 46358 26381 242323 232416 258609 216961 301985 288550 190541 165849 163104 32937 19179 200254 
99.823
50
185041 126834 249083 291471 248183 256853 307540 201288 261071 284029 287591 137319 61927 166326 75423 106584 75950 228015 183300 164958 82864 56213 286594 107085 78599 213034 241396 268303 143329 208718 185918 249980 308221 253677 219757 156232 85655 178532 261470 174790 31223 23464 107759 68801 117802 229894 270321 16587 4502 43250 
143.382
41
107885 214288 119554 168276 238310 64168 52454 14671 116121 222986 177596 205984 284332 146348 103728 285851 173062 149013 166961 143850 304614 115430 121791 249102 125548 130698 199026 314499 231975 253164 79415 74214 62263 50636 197942 210631 122369 160312 81883 59430 92214 
120.073
45
70935 62817 266427 265999 261226 254249 244214 215879 214266 204577 186161 186094 183067 170556 143986 125612 113522 104562 104546 99251 98163 59748 40231 21773 8272 333 304239 300025 308342 300366 291260 288222 282453 263561 244679 242608 235209 234927 231869 187925 173250 133005 88137 33124 296706 
79.514
37
110692 94629 74704 65510 40675 22758 280022 272487 259712 285814 239880 232683 229944 222243 220307 200346 197736 155525 151800 138792 123150 118798 117357 111825 52424 50996 47822 29298 260458 296774 248535 198088 191224 187497 161467 58011 257324 
141.578
47
167189 159308 144030 133473 119641 109936 109784 103288 101958 75889 72256 65654 32842 32503 20416 14966 304657 293351 286382 276310 270578 268424 259047 241730 240631 217547 213578 213089 208753 186081 181406 173631 168820 155328 144234 120362 115216 103056 100128 89238 77012 73289 50789 43079 31338 20951 281052 
96.829
45
132423 124282 124069 120155 82097 75081 66062 46021 38488 35941 26476 25740 2771 239597 273032 275484 272631 205598 204487 243751 304809 254410 272287 313771 296888 274136 279206 303178 200740 188996 185901 172150 171496 168245 165039 162046 153293 130653 129962 101523 44778 42176 22292 3883 201480 
121.611
42
305207 299272 309982 273695 275503 288671 240624 237176 234212 194474 192716 184509 171197 158717 128336 120218 109308 104787 97489 77045 72423 53156 39174 25036 20125 17959 11800 10181 291299 275427 251585 239173 234139 211093 210271 175118 130201 124606 114347 110323 17651 267694 
146.355
40
303069 248076 172028 239609 293981 248275 191936 197020 281784 166680 140984 128926 123426 116568 114483 96466 80658 77959 58416 49689 39912 32124 28108 26913 17338 12298 3745 890 173307 261330 240926 155527 126148 115079 96841 67238 38236 37063 34733 167433 
121.753
42
266266 310217 236598 305558 251432 268189 273247 297486 261284 276190 288970 267101 287775 233963 223405 217970 180344 180064 177836 144410 138645 133269 118486 117265 113038 112832 94309 81550 66566 61985 57023 56109 55638 51909 47863 30551 26515 24017 20594 11863 11356 235542 
150.888
44
189157 284561 309428 222241 229628 233783 282725 245616 253529 211505 266269 262464 310400 249728 180561 280356 181173 247671 205933 262157 173680 167553 159570 155739 137313 136038 115454 107882 96645 94488 62747 60667 50966 44673 43532 38863 4439 199073 248682 245316 163536 116969 43762 178557 
155.955
37
115279 223482 39758 170128 90123 163212 247855 259848 36434 34614 148217 186443 180867 290507 59734 128850 239608 66154 130888 275448 312016 126431 58512 293734 157365 105256 42977 160503 233572 261199 291858 120523 9704 9596 6045 2600 17454 
45.687
47
203247 281649 124201 252071 106067 288714 120822 84224 212347 111391 249665 40473 235205 158373 183525 59147 195939 96916 128117 110792 52705 159456 251286 159585 163136 199212 273082 293277 43922 54721 127200 168913 226247 205975 87082 146797 115062 237814 202502 252720 46216 160815 194364 28971 25747 21638 38745 
40.92
46
233214 201578 263340 245867 286074 221422 260027 235782 220384 254769 226744 181768 171322 165582 162369 159640 144860 139751 99501 82901 79165 67525 62632 32728 28141 7034 215687 188483 250434 292810 243944 269053 274643 260595 295123 204687 141596 134375 129249 117249 111631 105925 54007 46631 19229 185182 
132.605
35
164069 42002 249605 50480 265210 89088 192148 240860 135605 62923 275921 223493 176040 244052 136173 235666 252622 283797 20884 237758 209323 223009 211225 147620 256970 186167 257067 105657 34735 97733 247952 231877 21567 2472 33481 
485.953
50
240616 197601 238181 59627 231665 275229 272421 120053 135945 222146 241917 228746 176563 16997 16316 10655 10609 5810 119606 103694 250095 165221 56133 208193 167552 41793 213546 184975 285063 47432 110197 210327 125604 269693 304333 165357 72032 213347 67636 272818 182680 112811 240359 123842 205444 255385 24990 12932 4488 41128 
94.015
39
182763 217550 24761 20793 18772 3357 2706 307031 302985 178189 214939 233504 299615 273226 225612 135260 311162 297506 244873 229785 179231 265175 143563 300458 98464 98379 96449 86669 82846 80188 75668 68621 67796 53315 47716 42552 42321 40499 98851 
100.243
33
138484 110710 72115 60280 57904 54873 35630 6074 291194 254834 204691 259114 194857 288656 189547 188590 141500 140808 113620 112684 101906 84362 76135 75899 22535 15502 9145 237434 236203 195460 66030 44139 192728 
63.748
48
253546 241048 253260 292039 272927 221783 214733 213176 212962 209644 206698 194820 187077 187063 181138 174776 172078 165439 165326 161837 153564 147435 143793 138634 124845 123069 115359 112498 106818 89503 85858 84230 81800 73364 72462 55827 53552 36081 21978 10032 8093 261583 283793 267689 200286 88675 23789 236546 
134.677
44
80909 108113 227517 130976 109615 166161 80756 138298 218542 294262 269497 76266 124574 28066 277893 306863 158814 74246 181179 162472 190332 56100 288830 133404 32333 224467 38849 229610 12318 48 42670 48349 160247 202693 177222 155111 124098 90375 47983 239247 255868 113418 23070 23487 
114.891
41
143932 244842 217489 308721 141451 177461 193392 237156 235020 241156 247392 138783 237497 129068 143133 134360 277509 180754 127398 277867 216568 171851 158299 61921 61260 46895 45388 21595 18032 8558 5998 2910 195328 125676 63103 62572 43210 40107 33165 15576 71320 
83.841
40
242261 252082 217713 295852 271125 242705 276236 314733 220118 285019 289706 307058 222821 268083 263418 196121 191204 187260 177918 155058 154627 150877 116653 114132 112839 107897 105601 75652 68437 66089 65580 62494 58194 49374 34997 21617 13546 11051 2469 200729 
101.334
38
34125 205920 293334 109571 101206 110522 297776 199559 282693 137883 81345 290366 87673 288814 242716 236255 56353 125325 52681 194749 4980 79070 61251 183096 29222 311930 45051 298677 106055 74352 305472 229837 123019 74195 46463 268674 3239 214444 
73.105
36
260618 264198 212638 274728 295598 309461 203301 291011 257375 264316 225505 239804 223262 254127 247327 306955 165991 161596 108682 97449 68429 37476 37455 35039 29587 29068 7093 682 255310 283034 101183 78829 77260 74283 56904 174656 
91.115
40
308429 182620 196103 248061 245791 204421 237509 242484 168549 219622 283930 226496 301241 286298 163683 239597 146652 146265 145375 143478 140611 135939 132645 131244 130612 128483 123863 118947 116901 110428 105300 102003 91310 84843 74030 53615 32753 20643 6585 153892 
77.163
38
257594 200130 206601 203138 281924 283852 273459 272133 315287 237259 312293 276100 196168 184075 178706 178186 176355 175806 139569 128710 128055 123066 99999 73824 67704 45066 43204 39956 264988 253111 242501 223205 298066 165391 116323 56846 22944 198587 
110.114
43
209907 259861 268182 116349 275350 312034 204171 108496 255139 281761 152135 117108 236555 205729 141391 136672 291826 177040 173271 184471 104073 145692 215997 208555 78736 76898 70260 57548 31741 26843 19395 14418 12006 294400 167946 293504 295913 175613 126104 99000 79197 70297 81177 
178.804
40
168878 230782 197698 274416 167198 159138 115823 114325 87097 82009 58752 49630 28515 21044 235569 304548 288288 219804 224812 286012 237040 233724 288659 138132 118979 112273 95779 95298 79407 77419 52242 47804 42717 274352 295670 305592 219943 81760 12783 168219 
189.852
39
291765 60193 58277 39087 255134 274487 129828 156229 129148 271213 285427 112496 299746 246837 303420 226447 151897 219744 148118 204535 186022 163618 88082 69487 60007 48212 39327 25780 24644 22520 6267 5704 191767 161888 251495 80207 74984 23705 106062 
77.218
48
110056 267896 266298 294788 296669 248658 255388 244149 272211 270184 270031 272857 246569 238962 201408 159600 157030 145808 138660 134597 130326 129698 129480 128817 113846 106808 96438 95162 89936 87127 83666 77428 74681 73905 73279 55175 17737 15337 8067 311758 262743 295024 311436 289618 277448 260169 41078 235578 
130.657
52
221939 164542 131641 148948 147238 266618 205516 79681 96246 301370 270374 277039 111457 163729 241191 237413 243349 157462 233162 34209 31815 6422 182111 241631 106698 83171 160704 291160 262521 284184 199426 293377 302254 117783 137870 313441 224549 71256 155974 135985 56535 53453 33590 30097 28616 26720 20834 13745 11665 9718 3203 58696 
127.021
58
199775 168383 213133 33665 179530 277072 264271 136386 232606 103901 190468 179602 140215 141339 137283 191311 293882 198990 233233 26919 129507 226516 129501 88787 84937 180293 50091 48169 46839 85801 93643 215892 234657 284605 66375 213180 205357 261640 234561 169772 118238 38192 69209 158839 271222 304569 214460 66861 282422 223538 125034 221772 280351 44985 256942 205480 10378 24181 
54.798
45
221504 61743 108220 46598 217649 305140 294792 167347 54104 159639 64361 262059 124431 310274 182527 204489 88515 61868 137393 94880 115155 299015 168885 278886 195941 209738 217151 39961 27703 23367 22464 158579 96125 132709 185193 62103 105104 109786 144616 251099 65147 167847 37092 17151 42928 
68.373
48
251091 178788 263022 236438 294801 116129 115364 201827 314165 249454 93200 68907 155310 289726 99975 135118 267912 175814 256756 86600 222331 58393 70952 184225 182230 246971 129356 155213 59050 97785 209509 213698 108443 192710 43244 37775 32700 25479 20085 62438 297746 132626 108873 310604 107828 45158 43373 45467 
167.498
41
58928 53886 7512 74600 111162 168677 212654 72830 246339 298791 246149 162734 202339 250852 86305 243701 249298 134612 195843 99056 293119 291574 289974 106077 142079 263524 296311 278694 64165 16028 11471 221373 72066 122189 130578 174462 83555 55127 42256 19734 69768 
100.423
46
233068 269060 260934 295640 258505 35679 70119 131282 246100 176344 56825 156025 78084 76410 35044 13934 252336 227853 169725 178505 17082 232179 170881 170246 302956 176693 116140 38493 293510 121390 185160 144030 57667 156499 63540 84524 232148 187168 238635 310509 66128 165636 185001 174669 132073 179241 
78.809
51
243672 110257 235858 265694 315309 120395 282345 181850 190825 274693 141380 195950 146759 73170 137469 172216 163953 301791 268832 240946 241685 112239 190640 284412 91316 262597 285655 154892 239817 314357 131321 66664 287583 277628 23779 252542 227698 183342 181688 237105 83432 85462 169499 50418 44884 33747 29169 23459 18331 5126 58938 
65.833
45
219432 211560 227807 177078 169374 162798 170099 242859 263781 153402 149190 148542 145311 144478 137754 131432 112234 99396 98120 95467 90339 86500 69745 62721 45383 44433 37099 35840 33101 12881 10227 1741 204613 271644 269893 238746 253134 245393 245609 144639 119799 102017 58820 39472 161482 
135.268
34
12340 302371 301957 289503 285227 273806 264878 244071 237822 221390 220752 188033 177859 156482 154784 129653 115879 76185 48236 44224 14298 260207 218230 212195 193624 173154 147032 145108 130559 129883 123694 121250 96877 315522 
181.535
45
298810 297691 259322 312622 248553 249329 218863 208159 204066 197609 196981 185545 184823 177887 165267 154798 138175 127590 122600 103002 67371 53417 52495 33420 29054 26164 254471 245504 271081 273079 309464 230166 198719 188283 158191 103753 90392 84241 68038 33822 25198 22042 21568 15917 236945 
74.536
43
185060 167490 193322 41372 110764 223690 230255 70202 222803 212713 124209 207522 256224 227541 124848 50187 306653 248593 77755 276341 81696 306866 200340 11935 5590 2073 128337 199009 220257 275491 30100 80373 50677 130332 100009 133975 199099 142607 43496 39133 152428 6332 24537 
177.536
41
156734 247904 198354 288919 176368 159449 309737 206201 116469 113983 72921 68447 65118 60414 56059 55106 43795 31692 18756 11212 9765 165925 133048 217614 290881 239856 161555 141020 285476 254442 286568 169709 278288 184458 180414 116547 101972 92896 59130 2675 132301 
48.737
38
142612 141325 311321 52659 57736 212893 89829 117358 81000 447 272317 211627 24107 42400 122079 193207 79718 118732 93506 22155 116548 162576 241673 164779 95491 47776 89156 221794 155017 259867 50443 156798 41046 297113 103518 67103 148874 67943 
40.868
47
118880 114771 74883 67638 4089 249793 308202 225697 222863 223099 286615 232835 259388 267372 310423 192955 185720 164586 164039 158075 155262 138528 93937 88565 87974 79574 77689 70963 55587 46528 39101 22110 20716 220420 301824 169128 140091 131246 127348 127069 116538 108896 87858 86247 38032 34572 200552 
262.792
42
136126 223031 220248 240360 263339 181615 161717 157677 194601 201040 166490 231793 203774 192388 209167 169653 234464 293799 244011 313889 118542 112418 107894 106429 100882 99481 97311 94783 74910 66637 31438 12918 6815 239524 193378 263830 286748 260760 271381 278480 38559 123670 
156.576
42
257699 284259 236446 273652 303369 235039 273780 216039 202308 189027 168139 165507 156830 119005 100170 89439 79682 75385 72940 63039 61959 59501 53571 23333 16799 8075 4575 237970 256825 252297 272393 293784 261880 256733 220692 169067 152591 105435 92278 43166 5895 226487 
76.169
40
70995 290750 209379 189813 139026 203282 227817 264177 176401 168024 219811 205673 292088 314729 179505 301812 101257 69234 66968 59345 56833 49696 30463 30067 24867 19519 1773 301204 129586 237323 287906 197912 214315 226235 178735 233301 81735 32763 3625 101519 
107.759
41
207361 282833 85963 51071 313401 307645 266351 244645 289087 227254 237406 223284 226930 255268 234531 266368 181360 171001 165626 152808 152379 137754 137736 111726 99124 98787 93438 86946 86238 65073 53930 44368 273449 274082 212200 280948 199325 188994 130395 19664 196472 
262.457
41
246205 298252 301137 291284 236066 188729 291601 98249 82055 79945 61420 47549 47414 34623 30745 24229 3861 300256 219610 266790 277026 221174 278631 181432 234226 169707 147267 145034 142359 137494 134154 132651 127741 124731 115271 80018 71733 54996 36429 35608 174117 
109.132
43
315242 305064 309082 296115 274728 265593 263231 242666 235432 222727 216519 208550 205643 196068 166768 155905 155235 138913 138669 137372 130760 117467 72637 61779 60944 58862 53262 45944 41560 25780 11165 9711 3283 3077 309837 280117 267759 215479 120892 81148 74563 52333 287589 
109.538
48
265290 315913 241783 215934 156653 265273 153914 194613 200818 113202 266549 125809 259962 149010 134167 149145 140880 151009 127908 286424 246525 151984 274829 312455 207461 122262 288493 125150 224750 99147 78019 77615 63956 54936 33871 22970 22377 19386 1837 120263 235391 305700 264889 111649 140464 52934 16120 99568 
235.105
41
87890 78535 27015 286042 292963 281104 260445 285747 236821 233099 228920 224909 222266 219764 218739 211932 211718 203940 194021 181320 181153 172817 169571 164322 162637 147370 145167 142298 106355 47814 31156 28617 21635 13557 4691 306247 248507 281365 311705 55948 242373 
106.006
45
202186 110305 158321 274852 194540 157820 255709 115387 157220 137046 186300 230442 298234 76532 152989 273216 152849 107687 158700 253829 253298 228592 258171 201519 277640 82757 91247 7743 5175 3133 1624 173270 195689 266170 157555 305318 137168 74502 83918 258296 90820 53738 40791 17397 60736 
53.445
39
311012 313074 241547 240428 239135 223225 197437 144402 129200 116741 105781 86447 58209 41806 38099 32855 30035 23125 6125 3885 349 303863 289414 280532 276303 273457 261353 247299 198478 172325 130425 115158 105182 102532 91913 72831 72289 65782 296007 
115.612
39
243474 304988 237497 261605 310120 276708 247509 301260 267363 219588 211191 170295 139052 117964 100642 74193 62271 58907 51955 51558 50637 34536 26043 19437 18019 12990 8767 294616 295855 275129 239035 215238 207825 177119 155485 152157 43273 28533 226469 
52.751
40
280684 227792 210925 194196 193948 169736 161799 158820 148555 141562 138354 133047 117758 92495 65265 65123 56525 53123 52255 44911 39371 31697 27267 11007 246577 263800 267273 249015 239373 231555 213892 212221 173303 143587 117471 100761 60339 32781 10615 232550 
141.164
44
114316 108679 84260 74453 21057 252980 310322 284027 252956 247269 225330 207479 199193 181067 171584 166057 165174 162300 160779 160206 159802 152355 136687 130874 125132 107041 99368 90549 77188 74504 58484 54181 49682 6869 277596 293104 296984 296093 214796 176501 161032 140393 37872 252151 
133.586
43
205389 70816 252132 141044 186260 50656 223695 145978 303216 273242 259633 231309 233420 198458 82203 153811 229778 1874 165094 174142 166313 260540 177316 268352 184339 56045 195030 200719 118146 294530 273406 260832 284775 162550 43318 162419 36660 35728 21022 19046 16364 3365 38153 
72.438
46
175339 183279 33775 156581 86778 263465 306580 169252 143035 168832 191743 61384 315739 275054 23620 121715 90264 162952 127133 75547 120575 305777 75975 313857 76769 312953 225258 266604 239782 210735 102501 131044 70645 68424 195250 243338 72743 162874 123988 103956 234601 143331 225388 217049 17230 26216 
39.135
44
96059 83574 81861 77025 68621 64350 991 288976 278176 279603 293824 299137 284579 300287 273033 272386 267093 265313 264477 262161 254470 254266 251275 231738 230178 222527 212699 192918 189330 160394 146068 145682 133606 130139 129050 122611 110348 109549 91893 90433 44971 37388 32754 277435 
51.592
45
105708 76312 6809 125077 238330 115894 196519 295458 275754 258072 255015 214303 158425 170594 126822 310868 95206 285848 168556 197793 119038 155776 178878 315829 179503 167668 294637 132057 89637 82992 76394 63777 57761 50697 42822 40679 38589 34793 32437 16931 313763 133879 247245 10097 94465 
198.648
46
274203 232061 234292 246477 227303 301597 265513 189703 161454 159503 155396 146441 137014 128859 128450 120644 116649 100312 94621 86694 78291 78194 67036 51071 23762 22421 11385 4231 1634 304836 315455 280253 266379 297012 253567 248495 298681 264582 213808 199474 194613 101212 92434 92320 46165 222465 
142.39
38
23321 7854 313709 286003 303551 307707 305187 274076 286191 271771 280263 299356 270602 310548 259027 251439 246160 240112 239283 234084 225410 195854 174496 160305 151310 138868 137427 125379 125218 120253 105934 90799 87567 86312 76881 73421 12478 262649 
50.365
38
179741 145702 138752 82750 82280 61247 45431 27172 292750 243625 219778 203118 180851 178466 176736 168010 164768 153071 149033 136373 124487 115876 55127 43151 32940 27174 18297 3520 314479 299003 298071 220274 213997 197310 37583 30942 30697 309279 
185.451
38
267339 295216 31644 138651 81113 282977 278909 113531 40033 306259 111826 56993 310480 105593 18343 178672 88779 220293 31933 118618 52009 12664 70819 167331 262172 247161 8603 1750 190361 91478 258181 87034 209165 55699 246284 156254 4280 12369 
234.058
46
306739 304645 286050 283420 280253 275976 269000 264503 263614 261494 250593 248496 248341 236040 230869 229851 225994 188395 183423 181397 176396 165874 165343 161555 140222 139166 136324 129132 121064 113244 111242 98964 91482 87321 85201 84785 82462 76014 65127 53393 37099 28963 6032 5283 230 292059 
62.504
37
311223 285274 281749 259297 210864 209130 192747 180910 130056 127678 123781 109766 102860 98245 95635 93543 72765 66481 63162 55297 38018 6191 6076 310512 312735 313019 308382 281654 260640 253880 243482 230365 117257 71628 67034 51735 310370 
141.81
45
315742 306331 217233 313197 245403 274006 287879 289190 256100 293887 102759 37985 36554 35321 34125 20740 18909 13311 7298 312866 298513 238734 235047 209745 207121 186252 181516 174339 173286 172416 170328 167799 153754 139921 137902 133406 95331 89366 79839 66159 56395 39145 21118 10216 210938 
105.671
54
243084 156311 269508 197815 243068 296017 191778 173614 179451 150586 149931 147219 145348 141970 119681 112961 110834 107820 98588 93631 89188 84881 76959 76277 45002 40230 30600 22458 12719 10264 9326 216191 227669 302317 227348 203914 160710 278653 293341 198711 156170 205485 272428 301510 197789 298406 264758 277926 226716 192943 109323 17668 10635 150846 
111.311
40
210422 155359 149710 139088 65529 28868 207922 287152 255997 227637 283956 298183 268117 291157 297483 203700 314257 251692 178680 148805 132844 117208 117112 103069 96836 68685 46890 42071 29452 26914 23841 17811 292477 309220 179775 228620 81493 19758 14082 174808 
143.537
52
197810 127088 49755 155499 47835 67088 242265 56926 128009 154414 117190 306691 288426 173459 95677 235567 313339 124795 65789 40280 20744 16982 278234 299519 71282 70882 158770 275628 264287 60104 283883 307734 77562 167460 299423 188601 250067 86557 86414 277665 289176 120676 153079 159932 82381 189735 67705 310000 21091 3817 800 47644 
47.961
46
183871 145222 122737 120059 119839 118799 118247 116811 111942 102709 95606 92131 89632 70983 60668 59092 54915 54479 52770 29823 12912 1304 246581 309483 296432 165800 222285 187415 185267 274193 159236 229832 257968 308859 151087 291711 210694 275229 165281 192578 173542 125607 58233 33331 7322 145066 
102.127
48
314881 290476 272212 264779 263526 252312 250978 246997 245204 242470 238480 215849 215799 213990 199842 195820 191281 188387 171525 163787 150758 125614 122188 118631 104117 96165 91974 86567 84028 77045 73883 72516 62345 60645 57111 34956 26073 15959 10599 10589 9242 311064 300227 193655 180235 133684 57274 294131 
245.984
35
275708 314548 307340 222815 200285 160985 156759 122632 116383 115813 102684 73053 64552 60731 48017 47326 41514 28084 19701 298946 259069 237005 229902 207294 197553 194400 169878 154638 143986 134811 133372 105087 71504 16147 236352 
131.849
41
297110 287679 309841 261101 256739 256046 254238 251277 251096 250861 245267 241733 234458 179995 176621 169792 169731 161247 153128 136339 132002 124525 105767 105519 103715 86983 83364 63291 62139 60882 60698 53850 50489 41723 36597 18535 11439 11386 8352 2582 281752 
125.45
49
2335 262161 314737 228209 170660 280390 289331 245896 202657 231193 248411 158150 152006 151526 138028 124490 120699 117819 113440 104886 90146 64444 61081 51371 43399 29040 17578 191 216424 201205 167688 214199 229898 289437 254499 244730 269364 257293 276735 201210 276482 236051 159940 152615 148543 134792 125187 81454 163465 
142.325
37
23379 11077 3607 178989 250815 262251 300270 140700 141852 96023 91606 89351 83871 74349 54649 47201 38861 26387 6570 191638 171345 176420 283678 258535 185258 173699 124915 183931 301808 172556 125965 71793 45757 28962 28960 9244 121617 
103.911
43
253458 222493 209591 199639 199355 190336 167546 162472 159565 139098 129878 127205 124476 103081 68285 53128 49585 49485 35849 29710 19574 6421 6122 303127 279537 276289 261025 256840 256462 200081 189731 176261 164881 158792 156476 134360 133590 104608 96380 74761 71849 12488 302414 
77.054
39
269154 116016 313237 229453 277259 107540 82571 188804 227997 14277 69833 224060 310482 186605 83918 305632 227383 100997 206261 203014 119747 239733 95475 77007 58906 265576 271396 150884 76808 69078 299427 224610 218120 296001 25511 45716 287813 287151 308987 
49.199
40
189239 117022 110240 106390 73327 72652 63629 62322 45680 36403 14125 11867 2905 306099 296118 297192 284590 281739 275114 273374 253148 251769 248378 242519 217996 139477 116242 47510 38007 29214 298366 299820 283484 262996 228215 214958 165183 128349 53469 281674 
414.425
47
289386 311992 111356 198319 120835 286409 107712 194669 290039 121558 49094 229796 48056 311874 107963 80767 129763 135531 76183 168524 235654 119422 150593 236739 64870 55935 66383 108602 288520 82974 112921 79085 289143 64409 309512 292561 59463 189438 219473 137605 236416 39219 36260 29592 27050 23416 39306 
70.13
39
236499 194288 187953 177664 169482 152993 152819 151584 145325 140592 139960 135372 117894 107228 94071 74400 35130 22545 20895 13179 1343 305250 306503 312625 286930 282712 282288 278221 263226 259705 226052 191250 185291 133397 90975 89945 16080 7640 301943 
76.368
39
84991 34542 235535 192200 303680 205262 269229 190367 253163 187275 227681 151998 287320 210866 181500 204564 116115 249774 295125 216629 279867 257493 231037 66373 34625 24676 17647 2667 258419 171784 139410 99975 262707 74374 73378 18369 16016 116 80067 
154.13
42
205897 204767 173460 126190 123186 118928 117919 108557 97672 95809 70733 68120 62601 58418 42212 41590 39852 37450 14836 276701 261319 241510 249782 287282 212157 275999 288227 251148 292699 216249 226166 229352 276420 199028 188374 186841 186103 185741 155409 65603 39566 206352 
75.094
42
279800 273162 289870 279807 290307 256113 290701 236178 309578 287755 278206 256218 270029 239239 232052 228355 223161 219075 205840 201853 193889 187776 167410 165077 143189 139946 127987 111942 105122 99566 92812 75143 70829 60790 53780 51831 50778 29956 26215 25317 19246 234871 
96.135
38
198508 235166 209257 200590 296121 314593 160084 129482 219620 220557 199369 73589 72480 63699 61457 54414 52621 46402 32546 29220 26181 24640 18755 10349 156714 128127 268099 230041 121170 200285 170878 253379 274269 203464 138270 115560 115455 117057 
112.418
35
203252 187026 166649 165764 132341 129021 113521 87683 76598 66063 43155 35082 14314 278621 279518 315474 233834 230957 226734 220178 206022 197962 156837 146732 146032 144876 93664 75495 67084 52671 37734 27541 16934 10278 261621 
59.892
