16
2918 2477 2343 2180 2122 2094 2036 1863 1299 1281 1142 921 825 784 364 2554 
0.747
16
3124 3053 2939 2871 2286 2169 2166 2068 2001 1762 1534 1464 860 310 251 3092 
3.522
14
1569 573 205 2995 2765 2649 2392 1719 1664 1355 1121 995 983 3003 
3.55
19
3057 2842 1777 1757 1283 1252 31 2575 2461 2234 1910 1883 1392 1052 607 314 152 4 2276 
5.207
15
2186 2233 2066 1755 2912 2312 2077 3084 2217 2401 1463 2153 772 427 910 
0.657
14
298 2771 2205 2354 2165 1565 1398 1253 1111 1036 984 884 800 1746 
9.339
19
2279 1634 2878 2124 2659 2411 2423 3119 1839 2958 1366 1011 710 649 361 192 38 2 1417 
0.416
16
3037 2698 2281 1860 1840 1835 1781 1649 1555 1469 1371 1250 827 757 720 1871 
7.211
14
2724 2773 2915 3110 1966 1882 1760 1493 1327 1052 1026 537 471 2168 
0.715
14
3154 1654 350 433 2454 206 182 2693 1774 1566 1535 1368 188 327 
2.898
17
2804 3001 1909 2278 1989 2393 1969 2841 1887 1410 756 709 409 3131 531 319 1486 
3.902
17
2485 3084 2058 1057 983 2497 883 2451 1428 1094 1559 2262 1030 797 600 439 862 
1.892
24
2478 2743 2481 2150 1289 1294 1691 1634 969 669 628 433 421 355 333 1885 1752 2435 1770 2330 750 566 152 1010 
5.499
13
1697 3140 2611 2448 2204 1939 1730 719 640 428 232 194 1683 
1.141
16
223 776 299 1133 2311 2421 833 2255 267 821 1382 276 1518 2948 1058 978 
0.165
22
1809 1505 969 959 666 92 498 2286 2573 25 1784 2999 1469 1634 887 2274 334 881 624 1897 2729 1318 
0.163
18
2467 2261 2241 2149 2138 2111 1771 1685 957 885 805 670 506 295 278 101 53 2449 
1.171
17
3016 1127 2969 2505 1780 1419 669 145 52 1139 2549 1719 432 302 263 224 963 
5.65
17
2198 2092 1449 880 373 2368 2043 1700 2644 1426 2249 2013 2912 1997 2154 335 1056 
0.669
15
586 450 2733 2348 2336 2698 2673 2224 1998 1286 1086 960 835 8 1573 
1.019
18
1698 1883 1811 2561 1581 1969 2947 2036 1473 1364 1291 967 721 593 143 122 75 1509 
0.487
13
1493 1158 471 2402 2373 2144 2110 1408 1088 348 244 203 2816 
1.575
15
2594 1962 3154 3038 2892 1376 2333 1667 981 609 493 482 145 91 996 
1.403
16
1583 2895 1243 1191 2977 2019 2700 2761 2887 1631 2797 2192 2400 1049 1000 1072 
2.504
13
2188 2123 3 2467 2419 2173 1332 1132 761 643 234 55 2165 
9.88
16
2146 1682 1798 1664 2649 3155 2895 2564 2890 1497 809 276 269 202 60 1280 
1.064
12
2159 810 1253 2004 1694 2827 1005 865 607 556 74 784 
0.564
14
740 3104 3146 2470 2385 2291 2268 1768 1405 1216 1130 759 379 2931 
3.076
15
2180 2736 1718 688 422 107 2428 2338 960 693 619 581 435 188 1900 
1.942
19
2413 2811 2906 2539 2919 2553 3117 2339 2973 1939 1535 1511 1296 1143 784 639 543 325 1753 
1.666
18
2439 2422 3154 2416 2125 1984 1915 1854 1657 1594 1448 1397 1372 1366 521 66 16 2170 
1.752
20
2687 1513 2079 2114 2333 1134 2329 101 2068 1249 2957 1443 2379 1175 383 344 227 99 48 557 
3.85
18
2922 2393 2319 2270 2189 2157 2148 1994 1569 1510 1444 1168 968 843 731 332 219 2883 
1.18
22
1433 290 147 76 42 2866 2675 2391 1877 1772 1604 1555 1445 1348 1213 1001 753 698 609 129 3 2073 
1.232
22
2700 1876 1403 2611 1475 3016 1499 1846 2809 1646 1269 2764 2356 1282 3133 2786 2296 1451 913 1494 251 450 
0.746
18
323 2035 187 2491 2019 2173 1794 2899 2542 2926 1998 2807 229 2506 772 2234 117 153 
1.325
16
322 101 1014 1083 1951 1751 2453 2027 976 601 434 386 114 67 2 668 
2.094
17
2696 2605 1931 1807 1781 1568 1424 1319 1276 1212 1091 1075 1001 831 634 431 2742 
0.498
19
1627 2213 2340 1511 2616 1209 2301 964 792 1647 2587 1910 3125 1283 2550 566 486 11 610 
1.966
18
2623 2372 2352 2218 2209 2141 1957 1852 1812 1584 997 810 809 549 206 188 62 2663 
0.582
15
2924 2917 2565 2490 2112 1685 1452 1340 1231 880 237 214 206 164 2787 
0.673
20
3034 2712 2681 2651 2465 2360 2257 2151 2087 1298 1294 1271 1204 1056 1026 824 771 444 320 3098 
0.952
16
2565 2465 3005 2747 2575 2075 1580 1418 1133 1042 908 841 771 219 217 2958 
4.756
18
1434 1784 2780 2815 1370 1645 1414 150 2802 26 517 2406 466 2277 892 2618 451 2124 
0.165
14
2091 186 2720 2824 2132 1737 1502 1278 962 738 666 570 36 2691 
2.749
16
2459 1889 2834 2342 3156 1906 1947 2080 2804 1430 3005 1526 2588 1788 735 891 
2.122
15
2511 2276 2110 1516 1432 977 555 96 2483 2974 2039 1856 1066 927 2464 
3.812
14
1327 2242 1165 2405 1918 1714 352 2989 2519 1328 2636 598 332 777 
1.569
16
83 2757 2646 2885 2278 2063 1200 886 875 642 565 456 263 192 26 2625 
2.457
18
2250 2424 1656 1118 2569 929 1395 864 2916 1386 587 110 996 1123 351 2042 2058 327 
0.189
21
1442 2736 1863 1772 588 764 1065 450 451 2628 1359 1291 3090 1584 666 1103 2771 2857 170 74 380 
2.458
18
2797 2130 2690 1360 3075 1037 2240 1550 1433 1709 2980 2818 1890 672 420 271 144 1012 
7.436
19
1597 1316 3140 1235 1199 2194 2639 2403 2439 2329 1168 1049 686 518 489 457 142 6 1087 
0.352
19
2368 2164 2418 2924 1710 1927 2927 1817 2317 1789 2668 1608 1384 1102 1080 938 497 463 1498 
1.914
13
1326 2524 3037 729 682 1332 2057 2264 1595 1972 2496 252 1142 
1.425
16
2772 2963 2654 814 2300 1956 2631 2405 2490 1891 1699 1160 1019 915 417 1951 
2.041
19
2146 1649 1615 1304 971 711 314 3095 3022 2483 2204 2068 1961 1541 1211 1198 946 171 3037 
3.948
24
2331 1441 2167 197 962 1998 810 850 2468 2765 2117 1073 1374 1633 1837 2322 2405 2574 620 402 377 189 150 659 
2.941
17
1922 973 713 2697 2325 2081 1908 1699 1610 1262 1136 1004 874 669 414 342 2469 
2.414
23
1350 1278 692 2163 848 1555 137 1954 836 990 609 985 2833 2400 1520 1272 823 1788 806 742 788 393 397 
2.825
14
2462 2158 236 15 849 1924 806 1674 2234 1527 2331 3069 365 650 
5.938
15
1903 2729 1792 3079 1240 2283 1566 2258 1225 665 484 226 103 65 1416 
4.194
18
2583 1174 2135 2259 731 1400 1113 2176 1255 1189 2502 1006 2383 1036 1645 25 11 721 
1.253
16
2322 2488 2988 1742 1503 240 2821 2845 2129 1483 582 575 300 187 90 2031 
4.981
18
1787 3082 3112 2509 1721 2614 3096 1614 1569 1466 1304 1223 1115 724 326 179 32 1692 
0.394
13
2910 2311 1923 1839 1676 1665 1517 1387 1259 1234 1162 803 2259 
0.673
14
2475 2444 2661 3074 2213 2139 1955 1476 1214 941 920 644 410 2441 
0.226
16
2222 1814 2134 2211 2750 1805 2940 1357 166 2524 2637 2595 2910 1510 757 1559 
0.788
18
270 3004 3107 2906 2634 2797 2189 2088 1806 1801 1554 1523 1420 1379 1030 980 676 1884 
2.068
16
2620 1532 1863 2456 2244 2210 2796 3063 2898 1901 3076 1123 640 575 513 1336 
0.807
18
1771 1989 2696 1444 1880 282 87 1285 1742 1650 2676 2091 3158 1161 1026 505 73 1207 
1.073
28
2442 2687 2949 2377 2567 2833 3061 3127 3135 2305 2266 2241 1619 1397 1372 1315 1103 1024 1016 804 689 638 557 422 326 197 134 2346 
1.08
23
2240 2626 2886 2695 2404 2201 2688 2272 2023 1801 1707 1508 1372 1071 1004 873 617 382 255 177 64 14 2104 
3.509
21
1831 2160 2284 2053 1647 1321 2980 1512 818 1242 2646 3043 2746 1437 1311 2078 297 2024 1697 2021 291 
0.707
18
896 555 456 2997 2309 2126 2079 1978 1768 1646 1642 901 778 727 585 574 254 2391 
1.279
18
3159 2306 3039 1341 2943 2696 2161 1259 2331 535 3141 764 2488 1879 2265 1731 304 345 
0.43
18
2949 2365 1848 2581 1307 2583 2618 1875 1562 1457 1501 804 581 314 276 243 214 1269 
4.166
15
891 876 800 224 69 3045 3028 2218 1816 1155 1134 789 513 401 3058 
3.481
13
2168 2446 2736 1754 1565 904 749 622 561 424 95 5 2002 
1.228
13
1677 1591 827 485 287 2544 2909 2857 1805 1640 1436 781 2022 
4.543
15
2254 345 2278 1686 1694 788 2554 1953 742 2709 1029 1807 383 99 493 
1.763
14
3148 1241 1772 2740 2043 1660 2949 2204 2252 3012 1437 1081 478 1603 
0.856
13
2057 2187 1363 1060 2061 2080 1277 1883 1486 2104 1204 967 1061 
1.066
19
2832 2759 2622 2528 2402 1788 1775 1687 1461 1394 1300 1071 1020 999 559 492 439 428 2875 
0.422
21
3134 2441 2324 2059 1973 1960 1903 1849 1596 1511 1278 1240 1230 1127 1078 1027 978 752 571 348 2667 
3.608
16
920 2719 1017 908 2901 1662 1824 2987 1022 1278 1292 2735 2481 2468 8 27 
1.959
13
1192 798 3113 2895 2285 1572 1342 1225 657 633 549 424 2709 
0.626
19
1911 2483 2503 2132 2309 731 1607 2473 2287 986 2679 2174 2253 2332 1893 1043 1872 549 908 
5.254
17
2467 2269 1965 3010 2398 2643 3157 1899 1794 1579 1456 1204 960 792 424 202 1913 
1.532
16
358 3096 2789 3045 1877 1967 2953 2956 2251 2170 1777 1436 1403 1072 323 1588 
2.326
22
2929 2695 2591 2499 2466 2453 2370 2197 2130 2037 1857 1359 1283 1207 1118 673 572 456 344 329 162 2676 
0.976
16
2955 3116 3123 1895 2158 1322 2445 1906 1450 1384 1330 945 682 549 40 1683 
1.639
17
2333 1796 2789 1959 2722 2745 2535 2007 3054 1518 2768 1560 907 607 583 340 922 
1.163
15
2018 2562 2285 1973 1875 1720 1703 1533 979 918 888 711 544 60 1979 
1.077
16
1947 1567 2575 2579 1343 1302 862 664 500 2265 1970 1748 1370 420 203 1554 
2.706
18
230 2619 661 2251 2312 2498 853 678 2088 438 602 289 2079 662 1181 3039 1004 758 
0.179
15
2755 2672 2630 2136 1992 1969 1778 1377 1370 547 530 169 44 18 2221 
0.611
19
935 75 1854 2502 2785 2705 2332 3034 1715 2164 2133 1947 1533 1362 860 606 283 282 1505 
2.473
17
3062 2849 2696 2155 2137 1692 1659 1618 1542 1471 1421 1284 769 454 330 283 3042 
0.423
18
1229 1587 2536 2738 477 3093 2960 3005 2690 1131 1059 1841 2374 1036 1985 2351 360 398 
4.242
