30
29410 25440 9779 8905 17693 28814 17949 28219 25882 12262 9168 18550 17991 28320 18933 29330 7263 22446 25541 12492 12476 12282 29533 9975 23195 8433 30844 5334 3693 6538 
9.554
28
31444 25143 25355 24556 23886 23597 22930 22793 21699 19501 17393 17217 17115 13063 12725 12111 10968 9275 8971 8563 7752 7443 3808 2638 1500 969 238 24698 
8.859
19
28805 29808 21380 12613 6870 5399 3800 3261 1382 1286 15464 14533 29524 26364 26947 19952 13480 5140 13928 
23.886
27
9586 10728 8545 23948 7971 14238 27364 31249 20530 6117 4034 9748 22230 13860 8719 31572 16806 24714 9164 18065 8238 12343 3989 2963 1808 554 7520 
6.638
23
20847 20077 17028 12299 10523 8242 5765 5193 4649 2936 52 26876 27021 31343 29863 20441 18055 15456 15108 10677 3202 2266 21115 
12.256
29
27210 25355 26581 28439 23050 22481 21907 21524 20750 20391 20257 17971 16280 14708 13621 13401 13082 12729 9600 8777 8022 7572 5118 3658 3072 2345 2185 460 22407 
5.316
33
27867 30305 29330 29705 30928 29122 30521 29365 24668 24084 24022 23916 23741 22262 22091 21891 21327 18890 17786 16003 15907 15060 14849 14558 12431 12252 11068 11019 5446 2773 2291 1842 27772 
2.904
28
14901 5388 13 29548 27317 28434 28021 26428 24596 22364 22341 22328 21439 19733 17309 14622 14484 14402 13206 11567 11265 10321 9940 7132 5381 4420 1748 26888 
4.438
29
24948 21917 19190 18375 17323 15741 15448 15199 14113 9627 8289 6218 4879 3679 2573 1189 29799 28621 27433 26024 24777 24097 23273 22944 21406 11357 2814 569 29188 
9.057
23
25083 31563 6492 1354 1248 22676 20222 23286 30961 30035 19416 18404 17005 14388 7410 5930 5820 4057 2913 2312 1189 1009 18484 
4.907
34
13314 12716 15408 18984 24672 22810 23237 17865 29364 22672 16227 18393 24366 26843 13502 29756 22129 12699 21229 9988 9200 8630 8137 7995 5453 4715 4635 4433 2168 1118 670 536 5 12009 
16.7
32
28543 25344 9533 14498 29346 17194 9723 21380 26761 14143 29153 21329 14042 20750 19308 26362 16382 8795 19273 7959 6263 5952 5335 4554 3236 809 20620 29759 12186 25669 439 8766 
14.909
30
29786 10376 27766 18779 20289 26099 11325 12448 9653 6745 11133 1629 27499 15589 10182 18515 9751 12751 7558 1153 9346 4056 14088 18419 8728 15620 16548 24221 11163 16818 
1.865
30
29235 29330 28753 26314 30030 24292 27808 23603 21410 21020 19943 19845 19612 17867 17795 17085 14408 13284 12703 11207 10826 10803 9275 7800 7225 5273 3803 3654 2062 24080 
5.895
31
18469 11501 23736 22365 24364 22621 30764 26553 21348 10155 24335 26919 23135 16239 24772 12552 21341 16811 4585 3733 3165 192 13 28238 19497 28676 25389 19682 18898 438 8601 
13.994
26
29014 24990 20902 15222 14575 14465 9064 5416 26511 26931 29353 30445 26531 20616 19257 19026 17504 13423 13353 10973 9511 7952 7928 6578 5954 22024 
21.558
29
22658 25930 27704 26076 13113 13084 10131 9550 7591 7555 4266 1399 394 103 20932 31157 28623 25158 27620 27948 17543 16850 16325 11762 11409 5561 4982 4530 20398 
14.125
22
29940 31179 31191 25533 23342 22381 20537 20464 19580 19043 18671 15740 14798 13234 9217 7019 6787 6464 5302 1773 1349 28210 
11.396
32
21343 23975 19455 27464 16074 26925 28628 20862 30885 22563 22985 17465 15454 21400 13224 12907 12354 11577 11301 9940 8779 7442 7125 5434 4995 3397 3099 3076 2511 1776 470 15011 
33.386
22
22086 28656 20380 12611 11782 11565 11322 7467 6084 4241 2869 24147 23330 19599 22257 28280 24205 17253 12771 12426 8118 17744 
29.204
26
31580 8561 14052 22289 8789 17499 11822 25473 23302 9331 5311 8232 30650 30349 7203 15569 26662 6073 9310 2463 22464 10676 6359 23678 999 3471 
28.025
20
17746 15931 11470 5451 3345 1857 1577 61 31107 25615 22330 22312 21360 19908 17853 16089 12549 10699 10370 28326 
9.334
31
30329 31404 31433 31369 28633 27360 26973 25964 25916 25176 24999 24773 24535 23452 22986 19515 17851 13932 12196 11532 10507 9997 9908 9419 5779 4500 2947 1305 308 257 29361 
2.907
23
2955 26248 5672 20770 9534 20095 13414 18353 27012 1535 27626 7085 21103 5749 17750 28016 18849 28425 13569 14165 22473 26276 5094 
1.654
30
30146 31260 29167 31547 27060 26546 22923 21867 18966 17396 14427 11308 11107 10630 8594 8588 8339 8264 7824 6584 5842 5501 5118 3269 3249 2574 2160 1537 827 28484 
21.681
23
8172 15968 28684 18425 9139 16336 9923 21303 17330 26095 29818 28875 23731 26106 23924 3619 22887 18582 19150 3917 2168 1379 4609 
21.739
21
24556 19678 31508 27077 10305 8430 20370 27239 14299 4576 3181 1085 283 24509 28445 12461 18293 4695 962 32 8006 
12.994
29
8169 6336 1954 28575 24734 27995 23465 31144 21214 27214 31415 18952 18838 18194 16852 16449 15872 14017 13590 12738 10988 8417 7898 5444 5215 4714 870 296 19030 
8.626
37
22361 29256 26225 24939 20098 28817 26736 30412 30341 24836 23455 31015 22071 20964 20089 29184 21414 27023 23221 24059 19316 19295 18885 17680 16966 16442 13941 13718 12314 12254 6976 6839 5070 1553 1068 292 19982 
3.934
29
25874 13995 28578 4110 30886 5454 10972 5418 23040 24752 29427 7816 17792 10627 12199 12728 13914 15331 4810 16097 9785 10601 3906 5874 23330 19143 21946 1199 1720 
10.743
22
12161 5848 23957 23739 17466 14584 10525 7352 3058 1961 1383 30783 24530 19063 19043 16235 14215 12567 11120 2562 453 26314 
22.22
23
20084 29355 30428 24396 28692 14172 28699 19263 25724 21876 30312 22832 26358 28965 12674 6924 6097 5317 4815 3796 720 387 13139 
3.8
29
21774 30724 28897 27727 24006 26834 28167 19833 18955 18641 16793 16410 16262 15250 14096 12752 10045 1903 522 29265 23679 26067 19513 18311 11701 10942 9134 3178 21290 
17.292
26
19266 21695 24570 25188 18245 15185 13722 12146 5466 23718 20832 18681 20071 18173 16322 16272 15268 14434 10525 9301 6612 5775 5162 5022 3303 18426 
13.285
27
10548 15156 23777 9591 17281 18362 22397 12894 17410 24744 17302 17669 31002 29945 31072 18310 26535 22065 8485 7412 5701 4090 3584 3247 2270 1460 9366 
4.891
22
18472 21636 13102 9731 4143 25301 14022 31415 28861 29623 16121 17756 30409 25462 20637 23068 12045 5019 4435 4326 1416 13668 
37.138
25
31357 26050 25759 26414 20934 22702 21609 23158 23456 20693 15626 14108 13549 11042 11026 10912 9484 8255 4725 4003 3931 3545 3188 2901 15611 
12.309
29
30288 30961 27754 25981 23445 23172 22634 19766 19378 15622 13355 10364 6076 930 58 30617 31455 30699 29659 23155 20880 20051 16635 14156 13185 11360 11196 957 24812 
16.807
29
26956 24743 22534 22253 21927 21867 20769 19269 16839 15799 15300 14914 13233 11468 11172 10996 10894 9749 9472 8830 7209 2700 2268 1807 1748 1746 1091 313 26119 
2.992
29
5704 28169 29998 28785 30724 30793 25114 22757 22638 20358 17736 17309 15134 13358 13244 11831 11297 10824 10226 9453 9315 9236 8587 8546 7452 7376 4792 564 27627 
7.81
29
8107 29197 29582 7203 13704 26244 27194 4589 11845 6065 21487 14658 10048 21309 27209 2495 26125 20999 11835 31008 28612 22111 30880 22588 8215 28883 2171 957 3896 
18.13
26
23362 29796 31568 31345 27860 20106 17818 17505 17173 16612 16489 16417 12340 12039 10623 6639 6413 6353 4224 3811 3705 3015 2905 1919 1481 19614 
20.445
37
28617 31542 12485 9693 5246 4406 4373 800 17243 25171 29371 31118 30013 15891 16339 20506 22940 22943 29189 21277 15093 15699 16152 23042 25331 19136 20420 7915 5876 4996 4786 3696 3121 2791 1403 672 14325 
9.85
27
12046 6905 29072 27432 18043 15713 25759 25236 685 22082 9312 1661 17660 4340 18341 496 25382 18684 16685 23882 22198 25033 30246 24228 25809 22728 9627 
1.576
26
31062 17816 29628 30081 26272 22207 19380 19118 24820 24454 23668 28229 16494 13713 12900 12811 12175 11719 7259 4260 3763 3223 2741 2011 884 17323 
12.602
28
17446 27124 11211 23206 24902 14707 13082 29310 11445 31048 19172 24906 29401 28490 11966 22065 16503 18082 9586 9266 8869 8459 7502 7265 5833 5736 1594 9854 
6.164
37
25201 24274 20920 16711 15236 13372 12297 8860 8818 7971 7127 2955 29618 29935 31427 27658 24344 23948 22990 22489 21743 21725 21208 19917 19325 19097 18731 17923 11297 11187 9962 8573 5475 3370 1966 521 25827 
9.785
31
28298 19667 6814 3449 31251 24081 27677 26873 29763 30292 30944 16734 16353 15746 15619 14610 14565 11431 11318 10884 9819 8777 8691 8628 7911 5959 5486 4894 4348 816 19334 
10.545
22
17953 16436 15867 10629 10430 7884 26878 27066 25255 27302 28933 23825 23776 21482 19456 17371 15592 11708 6272 3456 2898 24021 
11.15
31
12237 17383 20295 15676 17480 19499 15131 18243 13696 3295 12238 20217 18631 28926 15410 21320 28841 28370 21708 12891 30934 17737 9473 20331 25826 6402 25480 28965 99 34 773 
15.048
25
31185 29905 27092 22916 18802 17757 15695 14373 6932 6719 3063 2742 27546 25522 24746 23556 21431 19507 19504 17647 14872 8379 7883 5937 26274 
9.45
30
13737 13644 31503 19462 2332 21284 23859 13698 25742 12157 30372 2123 3728 29293 20853 21878 8394 7456 14537 22108 2067 5520 7234 25272 8881 31295 29171 11602 13488 23621 
1.682
29
20696 27763 22820 27572 18110 21198 31457 30116 20068 29265 26066 14106 12595 9989 8726 8238 117 25894 29667 26667 20570 28501 14110 10336 6139 1856 1227 96 15538 
7.59
27
13048 11013 9892 8816 8773 8583 7840 6781 5896 4515 3576 3575 3498 20633 20462 17510 27249 15728 28886 23314 17714 17517 28435 22346 1617 178 13363 
4.438
25
13986 5525 5225 1194 22801 25899 27887 24106 30618 27013 26243 20535 21376 23013 19502 17858 17538 17371 16714 13452 2604 1927 1843 1148 20485 
11.22
31
29536 24360 27149 29287 31272 31058 28088 25945 28225 22410 26085 19635 17020 16301 15186 13413 12820 11372 11008 8518 7686 7102 4554 2323 2180 733 22937 12405 2532 319 20600 
15.439
28
22429 31425 25027 28422 24436 25133 23871 15221 26472 24615 24880 20088 16248 24222 25558 19495 10961 18817 26465 9418 8140 6718 4745 4173 1767 671 475 10000 
5.335
20
8136 6687 2589 2537 29264 26745 29356 24199 28224 15871 20714 16408 25128 7887 22680 16271 11270 2654 2364 6874 
9.864
25
19021 28707 13686 27561 21495 28999 14074 6443 11110 19186 16721 25422 30137 31323 31253 6367 3541 3539 3444 2968 2338 1614 411 152 4610 
4.021
26
22260 24814 24667 31586 26525 19357 22609 21050 21397 30210 29576 22470 15635 15321 14193 14106 13056 10687 8138 5459 4866 4835 4572 3381 2594 17123 
9.174
27
1919 30999 29583 28634 26887 25841 24900 23516 21199 19867 19707 18998 17553 17192 16035 14454 13984 12054 9250 6453 5596 4776 4629 2427 2170 626 29601 
15.264
32
27428 25500 23906 21113 19681 18896 18143 17866 17308 16236 15379 14369 12210 11702 9815 9432 8770 8076 5593 4309 3084 2461 1514 1290 439 29402 28747 17656 15331 14155 7713 30358 
35.457
30
23289 24060 30559 13881 9194 8156 19463 26173 14716 18393 31452 15506 16082 3965 8890 17929 10565 20867 7889 22620 11126 9573 5716 28430 12771 23061 13524 15542 397 1264 
16.951
29
15931 14460 13955 13276 11447 10676 8047 7404 6308 4445 24327 26207 30788 28204 27987 26929 23664 28718 26088 31023 20234 20177 17867 16714 16353 13879 7128 1701 22864 
6.425
27
27416 11758 10514 6960 28415 28712 17183 25428 17346 14178 30197 24072 17308 23374 21717 15804 22288 17051 30026 17431 24519 13789 26193 24429 16048 10762 11867 
15.231
35
28343 30898 31565 28296 28376 27941 27603 23873 23732 22626 22340 21839 21005 20241 19985 17678 16462 15783 15596 14293 12264 10322 8280 7528 6318 4416 2709 2395 2239 1702 1468 1188 673 244 28053 
18.53
28
21344 2579 2101 25292 22335 30955 21987 28395 28934 25517 20987 21711 25154 18232 20057 25891 24119 27958 20371 26777 20051 15778 11592 9563 6404 2111 480 17631 
5.153
25
30206 31445 21935 19016 15935 13656 13398 12980 9116 6247 6121 3379 1402 27980 26993 25595 25416 25132 24845 20720 12789 8095 4957 2238 28622 
13.027
27
29868 29487 25093 22320 20688 20297 19367 18949 17098 16527 15611 15059 13740 13610 12881 12733 10708 9117 8828 8462 6204 5912 3927 3880 3537 2067 29961 
16.064
28
23500 23337 22736 16269 16207 15679 14502 14165 13295 12702 10019 6420 3339 2648 26150 24799 26595 25428 22678 22126 17013 16770 12850 11874 11742 6991 1528 24320 
12.303
26
18073 19627 22203 10586 28933 16503 24463 12842 21003 10188 24378 22560 26280 11867 12196 19375 30124 9086 8499 8436 8192 5268 4506 4438 1947 9241 
5.024
30
27957 22478 28797 30975 27826 23210 22602 29896 23854 22538 21817 21294 20842 20147 19051 18529 18148 16594 15925 14824 9704 6936 6045 4780 3326 3116 2984 2650 1913 22042 
7.325
26
23852 25137 14769 27164 16979 12524 21925 21141 30333 19888 24025 29660 13646 14454 30571 9298 6789 6691 6661 6282 4861 4510 3181 2672 2049 11369 
10.084
28
19328 10557 9574 7566 2821 1765 1035 648 28436 26830 22900 22013 17693 15792 15089 13455 12265 9631 7331 7230 6256 5939 31285 30995 23722 23065 2072 31156 
38.862
22
26454 20967 26209 7526 5896 12403 11924 24408 15578 19548 28605 26161 22486 28990 9148 7955 7931 7125 6949 3389 2420 8438 
15.092
28
28817 29289 21717 20735 20283 19724 19505 18735 17459 16549 15657 15396 15332 15059 14897 12635 11633 11010 10317 10178 8970 4941 3928 2415 1392 1310 229 23067 
4.607
26
20240 18205 4252 673 19543 12322 28045 31099 14300 20361 20800 19305 17091 20132 17954 11202 20459 28190 9682 9362 7542 5139 4971 2695 677 11081 
21.75
22
15092 20130 26665 19212 21396 11689 11666 10493 8152 7039 24671 31218 19398 25925 31314 28691 20131 17249 12651 3940 3609 13394 
42.023
25
21861 791 4234 19910 26173 28915 24124 27853 24375 22700 17669 8908 26364 20378 9186 25038 6025 14583 16119 7840 14240 26605 742 24774 16914 
1.622
27
18724 14199 28877 14395 12491 23605 29798 16512 13903 12530 13787 15067 17747 9515 20533 25796 12573 11199 17694 8426 7173 5938 5223 4226 3581 3411 8881 
5.703
27
14533 30647 11972 10304 17169 19377 28672 19851 19475 15994 18746 15561 5446 19034 3365 2405 8420 24664 3166 4588 15690 29911 1153 5837 26932 18895 11674 
3.922
27
30535 30881 19184 17735 27252 15608 20106 31382 29963 25710 22497 24989 27509 26944 14627 11093 10027 8938 8571 5202 3771 2441 2273 1934 1764 716 15105 
14.546
23
19014 9699 6876 6162 3638 20166 27355 19382 25279 20679 22816 23181 31046 15431 10484 6824 5747 3297 3050 1965 1741 517 18307 
4.959
26
10964 8684 5094 383 29374 21357 31261 27316 30404 26748 29019 23078 19176 18730 18542 18105 18020 15541 14187 12524 11544 11435 8820 8224 7215 19582 
15.742
31
26315 25876 30177 22574 27663 26055 19462 14739 30111 8102 7431 6341 5603 5482 2329 2130 1473 17153 27039 19103 24496 30062 18748 27359 9543 8563 8478 8349 4549 708 9621 
19.308
33
24107 22736 25639 29592 22334 21905 20881 18010 17367 17029 16787 14260 10647 10466 10395 9876 9407 9126 8573 6425 6058 5233 4500 3310 2502 2251 1864 1676 1441 1057 847 350 18810 
13.346
28
10357 6033 4414 3837 3158 1329 27551 23259 29341 20882 30620 26798 29278 24068 21299 26110 17743 17273 17001 14879 13905 13042 10671 10447 7036 6061 2079 18690 
18.386
26
24909 22986 21529 19353 18846 17578 16993 14015 13038 12645 12550 9637 9185 3791 3698 2680 1810 321 31115 28553 28497 27342 19472 5676 1655 29374 
17.636
32
23862 8775 2475 7696 8035 27268 24219 4346 23126 28926 29829 23578 17711 3722 22794 2693 23153 16076 9620 7441 20602 26874 15041 7623 19969 16039 20210 26364 6173 12261 666 2171 
7.695
25
31233 18512 14898 12579 11331 9014 8329 1767 161 25810 30294 26110 22132 27913 25172 29836 29095 21881 17164 26241 12240 11641 6397 4003 15927 
7.663
32
9987 22336 12221 21140 1482 2214 16191 10195 22887 102 127 7946 30122 5129 24895 13016 15685 7640 2345 21433 7861 16036 20961 17877 15384 21005 18752 26104 13282 15770 25913 18221 
6.448
25
28177 23809 15801 19140 22007 23164 10936 10912 9760 9099 5870 3228 279 267 20381 12958 27823 17997 12048 11566 10937 7980 5501 4091 12933 
16.593
31
23122 16940 10013 21681 18342 23717 11822 12369 11552 29623 19829 30372 13122 17868 16246 29058 9439 29175 29685 18556 31535 7747 21902 24728 6165 5791 4854 3193 2764 2344 7234 
15.729
21
27096 16863 13571 28837 24453 12283 8331 3569 3154 2301 178 22677 25692 28389 23043 31556 23520 10745 5155 2939 12219 
15.755
18
11933 3965 97 20043 29460 22219 29522 27035 16664 14497 14089 11224 10703 7053 6987 6958 5421 15186 
14.92
27
24188 19767 27422 14020 30486 10924 15667 27486 30543 11313 2232 21500 14952 19488 9185 12533 7124 5487 8003 5186 4925 16942 28733 7436 17349 29406 28223 
1.723
24
8263 5699 4182 27221 13892 30560 17191 22590 24901 16909 23854 18556 11129 11927 16333 28218 23783 17938 15199 26221 22024 26722 4386 9172 
8.02
24
25075 30680 23465 29209 24342 21230 22460 14568 14489 14144 13855 12874 12761 12558 10752 9999 9753 8716 7828 5926 1835 1735 557 15274 
7.302
24
20407 19544 18566 17947 16868 15364 11195 9834 7055 5121 2414 28211 28464 28949 28054 28524 27616 25980 25576 25761 18746 1636 1257 24428 
29.453
25
28567 21571 31452 26781 10524 10436 9677 8874 8066 4593 2467 2174 2125 29342 19109 30692 19811 18339 16531 15568 8664 8230 6969 5729 18289 
15.808
