12
209 212 278 300 233 225 142 194 23 19 10 88 
0.405
16
304 226 207 218 285 126 282 231 286 187 127 262 244 230 62 87 
0.295
9
273 313 297 135 102 97 50 5 253 
0.345
11
227 270 251 250 231 289 190 142 132 98 169 
0.127
12
266 224 153 141 131 102 44 42 36 26 20 254 
0.135
10
262 205 260 216 146 102 86 57 6 194 
0.368
8
40 179 9 150 88 304 216 170 
0.104
10
306 239 202 189 187 148 140 27 25 243 
0.244
13
110 29 31 265 256 295 35 10 36 177 279 162 23 
0.025
11
144 254 104 101 90 65 62 34 32 23 151 
0.554
11
290 264 220 191 250 256 273 135 79 60 122 
0.274
13
256 287 275 189 171 164 200 298 219 221 33 2 141 
0.509
10
292 288 258 207 180 137 117 115 93 216 
0.226
14
147 117 58 42 32 314 180 176 160 156 144 119 9 205 
0.642
11
232 308 203 88 49 25 246 176 228 20 173 
0.245
10
244 175 53 274 84 204 254 196 42 47 
0.556
9
210 163 80 65 47 45 36 35 133 
0.3
9
270 232 220 209 165 139 60 45 306 
0.601
11
111 135 312 196 288 269 59 253 175 34 51 
0.384
16
161 28 72 221 160 25 82 102 131 79 157 275 1 314 67 76 
0.025
8
249 206 251 232 243 165 65 69 
0.457
11
107 81 259 281 269 314 181 121 104 62 193 
0.37
11
98 307 264 221 214 161 154 69 47 31 314 
0.472
16
126 210 236 178 233 189 292 112 77 183 98 268 255 143 59 72 
0.86
13
202 138 261 185 279 269 133 93 92 20 13 6 136 
0.901
13
239 148 310 178 149 284 130 108 102 33 28 12 120 
0.119
11
267 278 287 235 216 173 164 92 80 21 252 
0.284
11
296 293 276 167 150 141 95 78 35 12 315 
0.294
10
273 199 185 116 93 56 50 44 38 287 
0.156
12
196 206 109 308 266 305 250 186 200 139 227 1 
0.029
8
57 5 262 203 50 233 301 45 
0.021
15
306 233 229 219 207 172 156 155 138 104 51 39 35 30 274 
0.275
13
238 140 144 158 268 125 190 99 67 66 33 25 77 
0.431
11
135 266 299 278 222 207 195 170 138 8 254 
0.592
8
200 253 215 210 314 166 16 171 
0.167
9
268 240 180 161 156 133 70 10 188 
0.331
10
288 248 179 152 132 112 88 12 11 227 
0.061
10
142 233 196 232 315 109 98 30 28 138 
0.186
11
180 144 201 288 179 118 15 212 105 20 108 
1.374
10
80 28 253 314 243 208 104 95 58 227 
0.772
11
296 228 178 162 143 123 122 98 73 11 148 
0.423
11
245 91 164 107 84 302 147 299 88 6 78 
0.086
10
205 298 249 241 260 215 160 102 91 178 
0.052
14
262 237 178 194 139 130 125 123 109 93 84 37 10 154 
0.097
14
138 186 140 127 98 91 298 202 118 101 67 32 29 134 
0.652
12
308 156 143 140 73 312 280 310 245 206 57 246 
0.501
8
103 270 282 169 105 102 84 227 
0.207
13
238 300 277 244 193 177 173 151 129 30 12 9 194 
0.078
12
64 261 48 209 232 113 70 226 50 236 6 31 
0.302
11
196 304 263 237 90 111 107 311 22 6 60 
0.553
10
212 160 287 278 186 269 159 49 41 90 
0.666
11
298 272 210 166 141 109 99 97 60 57 239 
0.193
11
30 266 279 173 169 134 99 92 86 19 203 
0.522
14
67 74 141 82 10 91 198 219 88 154 123 111 256 215 
0.025
9
274 278 246 223 141 80 28 27 190 
0.28
9
266 294 291 280 82 65 62 58 237 
0.316
10
204 64 41 152 302 59 29 19 15 136 
0.671
11
269 222 182 85 283 273 224 50 203 1 32 
0.112
11
125 162 194 9 97 221 49 284 177 12 178 
0.023
9
36 197 244 126 288 188 122 97 22 
0.022
15
281 309 304 223 210 130 111 100 93 78 71 68 50 32 234 
0.624
8
286 209 202 156 100 51 34 215 
0.078
12
125 245 8 218 174 88 65 238 224 233 41 0 
0.025
10
194 179 287 145 140 114 100 98 43 172 
0.074
11
291 252 274 297 210 186 169 157 62 45 227 
0.341
10
260 245 226 295 276 165 153 39 19 178 
0.617
11
292 217 201 183 152 142 62 22 21 17 233 
0.07
10
144 171 292 242 234 120 80 35 5 84 
0.437
10
154 93 203 215 68 34 241 294 206 28 
0.022
11
271 153 268 123 189 293 255 228 93 59 107 
0.257
9
172 275 173 153 138 120 84 40 162 
0.137
13
282 165 29 169 35 274 205 129 50 163 219 15 17 
0.245
11
196 174 153 284 71 221 264 236 104 32 45 
0.417
10
28 308 131 33 70 15 164 232 282 202 
0.024
12
242 20 95 269 197 167 87 221 67 209 54 223 
0.024
10
221 307 165 244 189 219 133 66 29 135 
0.075
9
312 220 187 229 138 106 94 68 169 
0.538
11
186 65 304 213 124 98 125 18 15 12 48 
0.629
9
181 223 207 107 314 200 46 22 123 
0.191
11
54 8 310 203 195 142 117 71 34 0 212 
0.359
10
145 244 288 139 155 195 315 6 185 203 
0.022
15
290 256 285 244 308 254 230 202 199 193 180 88 41 0 241 
0.104
12
234 218 173 217 301 142 131 93 68 66 30 159 
0.109
9
28 176 261 199 133 98 243 15 57 
0.263
12
92 274 286 164 154 107 105 79 78 14 0 173 
0.194
9
183 261 48 101 223 129 41 28 92 
0.289
11
43 188 41 106 24 68 137 276 198 312 230 
0.096
12
29 277 299 294 295 290 122 110 80 53 23 162 
0.632
10
230 288 183 153 130 293 112 100 70 128 
0.106
9
289 279 189 134 109 101 63 60 145 
0.211
12
313 131 41 235 217 186 168 215 149 95 51 165 
0.63
12
217 114 209 88 145 266 81 139 189 56 289 23 
0.249
9
115 239 228 263 187 149 50 30 46 
0.043
12
172 288 161 94 194 38 237 263 157 95 70 230 
0.023
10
278 280 277 240 86 83 52 44 39 116 
0.384
12
248 143 271 281 287 151 83 62 57 24 16 116 
0.13
8
285 232 272 237 181 153 137 197 
0.371
10
28 21 260 259 252 232 201 180 86 301 
0.605
10
211 183 220 232 192 106 93 45 22 213 
0.344
9
169 143 267 220 188 124 105 29 60 
0.139
