14
2691 1555 3095 2450 2392 4038 2119 2919 2013 583 556 494 447 685 
1.108
18
3050 3681 1090 3216 2703 4074 1444 2531 3331 3635 1415 1689 659 551 314 119 10 988 
2.241
17
2161 3004 3532 3968 2029 2542 1456 1206 1153 921 790 789 393 374 259 233 1495 
0.478
17
3902 3657 3079 2555 2421 2363 2208 2020 2001 1775 1569 1488 1487 1377 1054 654 2603 
1.185
16
3787 3716 2975 2938 2652 2336 2237 2082 1871 1844 1295 1142 1038 783 400 4080 
3.512
22
3290 4033 3505 2882 2879 2833 2721 2606 2188 2130 2123 1953 1764 1708 1415 1402 1241 1022 824 677 186 3289 
0.513
16
2852 3517 3389 1875 2267 3557 3011 1702 3617 944 932 475 390 249 148 965 
0.553
15
3097 749 1200 1740 1064 4092 324 1987 2700 1963 4079 3850 3922 2377 2954 
0.209
16
1772 4168 1263 1847 3457 3724 3183 1930 1371 2829 3316 4183 4013 4080 104 156 
1.305
20
2229 2848 2569 4187 1964 650 2728 3657 3255 515 3347 2793 1462 1045 3835 2181 1511 2388 199 1021 
0.927
17
3685 3752 3559 3801 3877 2899 2689 2084 1766 1750 1670 1374 1342 749 745 663 3144 
0.696
15
1180 2812 3072 3708 2360 3939 3972 4150 1816 1307 1294 609 340 99 632 
4.844
21
3720 2378 3157 3595 1849 2868 1911 3055 1648 3965 2093 1472 1459 864 725 458 352 344 208 165 1477 
1.903
16
1456 2199 3392 1939 2608 1312 2877 3635 4114 3479 2412 504 1327 2097 203 210 
4.844
16
3875 2852 4146 1623 3166 1632 3251 3141 4111 1337 3584 895 618 481 398 1232 
2.351
15
3996 1039 2499 3908 2178 4041 3469 3339 3337 3934 1002 3168 653 646 914 
1.68
20
3383 4216 1967 1915 1419 481 132 98 18 3807 3322 2919 2897 2743 2405 1911 1527 1151 554 3138 
6.949
19
3423 2491 3728 3191 1135 1439 3588 2610 1553 2323 2220 1240 4168 3578 718 3211 222 168 452 
2.476
20
2860 175 922 2451 3076 319 684 502 2918 1285 2155 2862 3008 456 2171 279 2194 897 620 1984 
0.226
20
709 303 4171 3472 3445 3426 3316 3234 3096 2384 2162 2107 1765 1751 1295 820 641 332 14 3551 
3.276
16
3179 2982 373 2543 827 3690 1387 1486 1505 3843 457 3937 3826 3591 53 213 
1.376
17
3750 2851 2792 2718 2695 2640 2179 2108 1963 1962 1617 1528 1263 1244 1173 547 3094 
1.349
19
2698 4088 2349 2297 2282 2278 2006 1960 1908 1527 1437 1318 1315 927 695 650 447 84 2526 
1.556
21
2741 2363 1795 1176 1099 681 253 3770 3612 3182 3117 2959 2275 2075 1945 1906 1750 1183 791 123 3427 
1.672
14
1087 2379 938 2000 2326 2049 826 2847 737 707 681 611 555 808 
0.572
14
2201 3370 1196 262 49 3092 2017 3007 3599 3617 4144 1698 636 1366 
4.202
15
3548 2290 4121 3945 4112 2184 1788 3163 4004 1576 816 677 626 202 1245 
0.627
15
1454 1016 795 2546 3947 3688 3309 3247 4217 3650 2066 1306 945 247 1976 
2.266
17
3634 4207 3632 4079 3301 2440 2435 2249 2216 1546 1244 910 869 758 391 178 3618 
0.755
22
4132 4045 3836 3528 3033 2836 2819 2620 2465 2353 2317 1842 1683 1431 917 795 607 560 423 415 314 3409 
1.777
18
2011 1681 1379 927 806 4049 3837 2997 2735 2348 2261 2049 1859 904 896 894 647 3562 
2.069
17
4181 2655 2406 3529 373 256 1356 1789 1241 3079 2807 1040 959 846 431 67 1083 
2.557
20
4117 2747 1329 726 245 3300 1414 2576 2493 2967 2981 1840 3223 2087 4057 2979 1220 1117 186 1362 
4.366
16
2262 3993 3514 2880 2617 2668 2632 3202 2139 1912 1339 637 463 462 383 2205 
0.502
18
2732 2615 2491 1686 1146 1654 2758 1873 3912 2919 3394 1416 1228 2000 1245 549 455 936 
6.22
17
4084 3604 2650 2610 2563 2160 2005 1927 1864 1594 1171 1127 916 882 475 84 4046 
1.586
20
3920 3895 3944 2967 2954 2821 2406 1802 1692 1578 1341 1304 1067 1051 521 445 378 244 193 2986 
1.22
17
1883 3160 2447 1853 1940 2563 3314 2936 2732 2555 2207 4138 2881 327 142 81 1371 
1.109
17
2671 1163 1044 1636 114 663 3648 4006 2488 3806 2098 279 1209 2685 3740 1818 2856 
0.209
16
3478 3403 3099 3059 2940 2786 2741 2570 2445 1560 1244 1118 570 79 26 3973 
1.167
17
1475 3474 3721 4103 2623 1805 1064 1054 3484 3139 3053 3051 2557 2304 1477 1138 3426 
5.416
18
3807 1535 2957 1868 1822 1454 1191 3896 1919 1658 4113 1829 4076 2913 1424 446 311 1287 
5.827
17
2923 2513 1292 1836 3855 3518 4073 2636 1051 1757 3864 3012 1362 3897 743 287 842 
2.643
19
2765 381 1423 261 2124 1657 2264 357 4069 2349 917 2924 4046 1437 1327 1002 1755 1797 2282 
0.216
19
3214 2090 3492 3977 3792 4208 1931 2493 1823 1654 1613 1377 966 872 804 448 148 140 1909 
1.082
15
2253 2863 1795 3502 3962 2069 3960 2632 2242 1366 1063 384 124 83 1727 
1.847
18
4069 3230 3983 3236 3127 3885 2877 2805 2728 2584 2390 2287 2236 1693 1526 1206 812 2906 
2.183
22
3995 4040 3914 3898 3708 3168 2864 2823 2626 2600 2544 2479 2453 2070 1924 1902 1525 800 353 125 30 3920 
0.875
17
3550 4114 3540 3666 3039 3022 2658 2174 2093 2010 1556 1308 680 652 530 244 3427 
3.918
21
3084 2928 3081 2683 1611 918 784 766 708 341 109 57 2981 3226 3306 1794 1720 1477 696 147 2768 
5.55
19
3382 3635 2962 4143 2033 1058 339 2753 252 3860 2222 3815 399 453 1969 2155 3003 3129 4137 
0.224
17
2723 1920 3441 2990 2815 3288 3378 2011 3577 3682 3674 3015 1388 3081 469 49 1353 
0.395
17
2246 4023 2558 2200 2745 3367 2608 3645 1521 1457 1029 585 426 411 111 35 1761 
0.458
18
1808 3771 3987 3163 3352 3813 3765 3110 3303 2984 2571 1956 1886 1868 1607 1445 883 3089 
1.247
20
3244 1626 1612 1458 1137 1129 1086 1076 743 442 212 3216 2980 3906 3436 2814 2587 583 183 2931 
5.001
15
2135 664 3361 3059 978 738 2578 3380 1407 1450 519 448 387 248 558 
1.577
17
3436 2508 3107 2967 3416 3464 2598 2604 3773 3049 2190 2065 1858 1103 925 727 2465 
0.327
19
1131 2044 3738 3929 95 1047 455 2837 2243 3891 3695 3673 2686 1584 186 2059 2745 2068 1460 
0.517
16
2127 1555 46 3778 3679 4199 2806 2653 2238 1662 1619 1465 1164 1079 62 2930 
2.715
21
4040 4130 3927 3779 3160 3130 2997 2855 2629 2340 2103 1764 1580 1071 1041 898 807 611 41 34 3650 
0.442
19
4009 2231 3581 2828 2239 4043 4184 442 3939 3859 1377 3837 2652 3134 890 3605 2099 2557 2670 
0.221
15
3148 3121 2778 1269 367 225 151 2986 4079 2255 1820 1790 1121 142 2792 
6.171
16
868 314 162 1734 2793 2503 4075 1188 2842 1687 4022 1221 515 232 21 1111 
1.028
21
3868 1673 2485 1528 1455 838 463 1375 1669 3704 2104 2139 885 997 2697 1140 3507 2621 2716 20 847 
1.588
17
2631 2666 3828 4039 3022 3049 1681 1662 1493 1486 1211 1005 991 502 67 1 2532 
1.211
22
1152 426 432 148 1059 1714 3361 287 2711 1577 1497 1519 2221 1334 3058 3839 3707 2241 936 1303 107 241 
1.534
18
1841 3760 2878 3200 2823 2007 2794 4131 3777 2754 3346 1284 4190 1053 1032 918 267 1063 
1.5
19
2416 4044 3789 1417 2024 2407 1774 2709 2676 3977 1611 3942 912 908 817 757 738 409 1006 
2.094
19
3068 2403 2290 1978 1859 215 197 156 3758 4123 3941 4121 3742 3613 3568 3377 1229 701 3708 
2.834
17
1146 2990 2433 1539 1166 2899 1207 1548 2491 2978 932 3204 2227 1537 643 349 727 
1.45
23
3428 3332 3241 3191 3166 2965 2640 2565 2271 1958 1716 1492 1420 1381 1226 1188 969 952 928 376 353 260 3509 
3.338
13
3508 3464 1847 1350 363 4183 2714 2604 2152 1993 1612 1318 3643 
4.455
23
3268 3800 4079 1031 1144 3501 2848 577 1832 879 1192 743 3886 1023 3054 3021 2257 2974 1163 3993 907 302 463 
1.979
18
2650 3330 3507 3126 3637 2207 2142 1698 3708 3243 3022 3998 3529 2687 2141 1099 861 2458 
1.143
17
2581 2100 2262 2363 1658 1076 1034 4096 2979 4186 3720 3144 1647 1488 1451 450 1897 
4.1
21
1480 1340 2348 3829 1403 3491 2366 4029 2250 1017 1883 3876 277 137 1312 1870 1917 3946 3622 100 418 
4.584
15
2351 1982 1245 348 3048 3486 3790 3420 4204 1813 1728 1142 904 794 1859 
4.868
18
303 1307 381 1489 3968 4140 1446 2067 3098 1927 513 2293 3020 3013 3150 3148 199 282 
1.783
15
3080 56 178 2291 3703 516 2246 2303 2445 240 378 581 2104 4189 2713 
0.871
17
1266 3593 4026 3632 3818 4009 2699 2170 2091 1927 1375 1349 1298 1282 646 456 3519 
1.234
19
264 4025 974 4215 3124 1297 457 763 3230 1834 2082 3272 3110 2458 1088 291 286 1741 3221 
0.217
13
3704 1502 1019 1431 898 101 3188 1291 2200 548 484 105 967 
2.175
15
3644 1139 1021 752 3227 2810 3530 3831 2631 2527 2478 1822 1182 1034 2776 
3.433
16
3670 1261 1089 410 1935 1130 3383 1934 1850 833 1572 4196 350 2550 3575 305 
0.214
17
4218 4127 2959 598 2392 3935 3334 1460 2570 3064 2085 1368 652 635 610 24 1215 
0.937
17
1663 1176 1919 3049 2639 3980 2304 1772 1254 499 314 2087 3427 2400 3491 279 526 
2.034
18
3670 3242 808 509 506 2422 4206 4083 2994 2740 2204 3371 2600 3624 892 602 393 1786 
4.239
16
4031 3751 3692 3085 3020 2717 2349 2232 1683 1556 1435 1233 1228 1167 287 3846 
0.373
19
1277 791 729 63 3606 3134 4128 3848 4096 4137 4174 3211 1646 1358 1291 1248 330 326 2256 
3.182
20
2914 2226 1910 3997 3587 3117 1825 4066 312 2678 3477 1721 3138 1129 1092 978 922 156 50 1260 
2.742
18
1373 4178 2923 2 1570 2904 858 89 4059 124 3372 2482 3695 3641 2068 1735 1077 2170 
0.209
22
3778 519 3256 2004 2774 2544 1451 1159 2430 1693 2600 1155 2619 4091 289 3346 1003 1060 4059 305 3579 630 
0.648
18
917 318 2216 3208 1016 1774 2045 2519 1817 380 285 1565 2276 928 598 2584 3289 2479 
0.222
20
3677 3333 1817 2267 3619 3202 2033 2143 2305 3285 1853 3249 1348 1176 1088 1039 644 548 56 1438 
0.458
16
3983 2851 2720 2045 1582 872 798 550 4150 3963 3618 3119 1052 962 463 3725 
2.987
20
3034 2885 2228 2152 2057 1448 862 7 3462 3134 3668 3085 3539 3087 3013 2500 2488 350 219 2980 
3.804
14
4034 3568 2759 4107 3457 2566 3294 3211 3185 3063 3419 2062 554 2237 
1.273
16
2191 546 4074 3168 2716 3076 2860 2266 2047 1672 1577 1365 1185 995 938 2563 
2.615
16
2455 2136 2114 1775 1530 4120 3122 2813 2671 2198 1929 1834 1594 1344 329 3159 
1.195
27
3894 3006 3192 1952 4090 778 1032 3921 3651 2860 3033 4029 2751 2743 1435 2333 1576 3379 1802 3093 3155 2987 1582 250 163 48 346 
1.158
