53
271824 335011 260999 332960 316840 344962 258964 393208 399992 297368 338477 349607 256578 414031 365744 328734 322341 346246 253874 230503 220757 215993 206284 185685 183607 172367 168879 162830 158844 133431 125662 123130 116544 115970 104132 101629 100619 100089 90540 90289 72312 64422 56598 55217 43126 35328 24029 15747 5499 4257 1457 317 254295 
49.869
53
123019 153673 264657 336643 180120 337536 131472 176666 332864 300271 260822 82629 40914 34607 31049 23760 122837 329597 294585 149317 365310 256463 224675 266630 304121 361455 253835 128600 135229 148919 175681 305042 255780 128927 366689 221209 100634 170861 94191 86840 80642 69878 44136 351339 320972 153764 268183 175856 350415 365646 288581 34798 98386 
225.217
58
233566 167599 357471 247957 391841 347563 206189 245038 97700 40575 25948 8719 5905 2768 2575 295395 367205 232538 413018 413939 135836 303319 393324 64350 403704 98507 389037 107289 87135 339397 168965 198651 321655 158004 298417 178082 199483 179099 308413 243383 353012 168577 356670 246312 160623 285101 240176 387355 178703 355868 361696 241931 348595 237397 78952 325681 18157 59727 
119.936
47
248452 364511 274747 342561 239306 273972 389780 404123 246879 335181 249018 349783 282036 379259 372311 205859 200958 182813 147930 106443 79286 72167 57525 47293 37529 353254 363126 377103 245937 380955 248691 375732 230363 230093 191038 188061 183847 176371 175156 173185 172717 169919 149655 147848 96879 47482 234593 
129.304
53
227917 377599 323739 412298 340797 300617 229811 265286 391088 213743 294863 283657 391149 387834 354589 375033 410891 321727 416654 337397 351414 382085 284153 223367 408751 219899 415531 187203 186143 174801 172907 159945 158154 152400 123667 113181 111781 71043 68255 61097 50847 23722 15420 2785 366803 246957 280092 209798 150586 137147 93604 59743 202826 
187.159
54
411946 367875 357542 354877 342286 331968 329377 316475 316195 314752 310577 271389 265339 264953 263274 253787 249144 247469 235262 224617 201763 198306 173944 167968 158110 157856 151863 146620 140523 120616 118635 112235 99651 93095 84017 63169 63053 29373 27175 27043 26418 414249 397316 386098 371084 295929 257943 239245 198366 118428 99951 85678 66184 409093 
222.5
55
229355 223878 222964 203796 168542 163185 149186 141473 138812 138355 128220 88183 85595 83886 81531 78159 76144 59939 52047 42675 37192 34906 34761 5702 408988 392003 385115 382335 376985 375523 371041 369531 366284 359254 354885 346792 343605 338517 321575 314324 303519 295892 293446 292200 274730 269562 250059 248073 241580 238989 156457 82310 56853 23918 401539 
129.287
50
205009 227727 271894 97911 153943 338191 146580 193876 345967 135007 125068 115980 194297 386547 191724 104782 362927 177756 361339 279006 186111 152490 86004 188667 334941 344511 144073 393512 169551 225445 96917 233327 169837 79321 61475 50333 47318 40201 22195 9387 122905 308580 310377 386006 310233 340871 54772 32655 21148 81674 
223.019
48
372405 347045 387900 375484 350115 370626 419330 400897 285319 282680 281528 276003 273561 249855 240198 238449 225908 181922 179347 178098 168945 160123 122908 116619 110254 108749 103292 102644 97923 87632 69534 68565 50917 38505 35667 25750 23484 23456 7781 7142 369827 362989 395484 416854 276035 253909 16018 331698 
434.265
48
226631 61448 333227 322903 351790 282901 263903 371645 184756 133643 339990 298730 124717 107589 64980 394909 224142 148768 135468 333433 373480 179024 409895 176914 92729 376183 392866 122529 140396 132150 321515 65544 297507 383365 43675 36694 35167 18730 18129 7073 1950 299021 117709 188176 204481 195470 32278 47715 
213.611
40
380358 207851 123662 376234 190790 323993 408948 314569 224762 177296 348567 235043 239783 361299 271772 359007 337279 364875 399677 161021 196003 394336 358505 352566 372100 255962 304150 337127 244903 309460 92287 75628 71716 68380 51751 51459 22278 16790 10153 100807 
303.402
50
421422 364057 365064 398407 357270 355384 328173 311493 270575 244300 232041 212103 207826 196846 187431 165066 147426 144017 142399 140522 114078 113672 93999 80194 78246 76482 56399 54869 40592 40522 30802 25086 22935 14767 3581 401639 374186 353655 351774 329711 326885 299054 289368 184418 168274 131586 84754 33110 24752 359725 
304.546
52
330460 345274 255984 147199 100953 176693 265471 306737 118326 190028 250634 265904 351067 392140 144267 234041 399971 97236 151172 389540 241732 365350 144150 409134 234372 301830 221048 403354 208364 277849 186525 168598 353458 405958 258268 242990 200485 183990 200097 129939 84022 42957 31736 29637 26305 25206 22340 11819 10254 6383 2733 82012 
66.386
55
331489 324208 310791 298698 296658 278207 267946 262570 256533 248188 247823 233651 223645 213271 206059 200241 197860 186512 173987 173443 158571 156752 146367 118517 115256 90127 78828 75323 71426 70920 70610 69762 48577 37236 32127 25155 22789 20881 15657 10594 414435 415654 407809 397997 390912 400985 394568 390702 389386 367949 358224 303383 128158 28866 390870 
194.037
37
185292 129407 118533 93240 85689 80418 60478 57003 54970 28063 21265 410199 407845 402941 379161 370912 324744 320991 304946 291257 290944 274438 252815 246922 231481 229590 227048 191433 175167 158328 146658 145554 95095 86519 65541 47244 360489 
206.753
52
178685 242372 283948 163221 299514 241787 253345 231247 399556 103044 252443 89207 131757 276752 322351 265296 153203 206225 331543 357101 167368 227482 172749 139904 411770 345831 295305 362643 355688 277276 415696 319793 369661 79964 376175 333698 149407 249790 73659 64149 59577 50715 49904 43145 42054 37354 30437 23142 21960 15788 14624 75896 
79.777
61
91965 351318 375300 153511 200577 166604 105326 177603 419062 270147 411160 371020 388745 346467 394299 209796 312350 112686 408597 383034 362892 184118 152064 117106 137584 228532 179391 181664 137143 415301 298583 242192 245739 281210 172583 179569 411654 409605 420573 347999 243358 150854 77262 59555 41237 39616 34107 21681 21065 20605 1897 357049 337286 375271 404802 188835 145136 406260 65443 11685 91402 
156.523
44
159440 139924 154846 163700 54919 3270 256464 158443 222067 409423 306134 266621 189874 398799 192495 211251 221500 292017 314874 360923 304727 186314 373814 359600 274976 230415 168296 382011 296868 400217 83108 57298 36146 34218 20652 20038 9305 343171 131092 277013 308050 96402 90157 102796 
279.674
47
194447 310708 358827 325300 408379 300004 180204 255394 382828 283236 371023 287675 199564 181885 244038 261188 216455 189770 154054 125201 122394 117954 116304 115718 103751 92713 65693 33902 23052 19484 13251 350422 380747 215891 239527 383236 267788 244971 284493 225814 183039 174974 202550 78750 76320 50688 171995 
288.528
46
58088 339617 223406 301761 314322 229651 321109 175127 349812 283218 207667 238022 208570 330378 240956 190169 367024 388558 352475 189121 286327 149647 141927 121602 102445 81058 55464 51474 29739 17975 9631 8072 7427 357441 404587 186031 348061 346741 276388 318125 226755 201172 144307 111690 97869 171750 
156.152
40
147020 208998 199198 318027 294469 245554 289354 238233 175004 136024 195235 17069 285760 365973 338995 305763 135209 402857 322487 248556 180900 286916 186931 98963 421212 160969 112763 254106 260489 257185 296057 231566 263142 192637 361761 265116 288583 327996 33250 49365 
174.572
48
421499 240226 294597 377661 409740 361021 338783 307588 359601 313400 384242 271438 260769 207366 206648 192215 150948 150735 143826 140340 136753 129795 92772 79247 75584 74858 57782 57189 35014 33266 17782 12106 9110 272817 380591 355146 227424 293403 347571 288863 241192 345368 183612 88468 74043 70222 10347 220092 
137.586
45
72005 153517 263948 86004 37059 320350 350594 20168 178262 222401 355778 337804 49013 319160 250080 168800 366874 190579 345258 104353 280489 64947 404563 42957 50419 244137 287541 75834 246269 206800 85924 170221 171654 34815 39725 349511 20194 2638 282 236656 298690 340731 320020 6691 29590 
159.371
42
217750 186264 77243 73822 49605 43484 340851 338689 348698 311160 271577 234771 224799 221432 215765 213187 212430 208993 197794 188297 176866 174639 157253 149927 116146 72339 51982 22873 22838 17019 7268 6872 342646 351633 319046 288931 270319 193567 187837 28300 6415 336334 
142.398
43
200324 403459 401692 389101 372615 352958 351187 349178 346016 326039 321270 308721 274117 270528 256387 234408 205213 185529 179638 176140 139222 123715 120546 117475 84380 62890 47869 31588 13206 1687 402856 401161 376706 373480 365360 320353 314651 299504 289941 249192 176042 127149 421057 
135.078
46
251786 287788 402090 392328 330265 255579 227872 415728 335345 254055 209458 206659 206616 199445 196898 190535 183543 182358 180616 167283 165790 160691 139522 123781 92602 79811 73533 64535 33595 31257 12115 287783 370409 345134 387350 309347 409213 344920 223434 202196 172646 121999 96737 86760 12010 225332 
117.976
48
246226 250004 104274 388605 245719 420181 301971 243293 196764 186816 416245 349162 140955 379814 151637 157738 104785 208422 338592 270146 229000 268952 147947 332011 147750 142792 334850 141495 118503 332630 137296 339066 280886 308460 311414 371464 373625 382430 103334 56798 53076 46380 43884 31026 25025 17289 7541 103109 
58.885
52
131223 371214 326920 153394 403785 131625 97699 405468 42175 214438 410362 52896 355583 321331 409921 335907 286445 268952 167016 97604 350807 67127 133887 175708 290035 260385 265617 173073 240925 93949 275426 100819 370232 165034 139327 238453 77640 10782 234620 396032 118631 151158 246311 263709 101413 366493 116653 372304 377269 278152 233638 351144 
64.293
53
380464 337416 414877 376369 412566 318396 363046 342480 337628 345595 331711 421829 390064 419593 346562 308827 287348 280943 274331 268210 267512 262677 250287 233122 228206 205520 199147 193083 189948 188948 186355 182285 146673 133868 132994 120006 113073 103030 100569 93349 72417 66697 54214 28304 24803 18871 12196 9056 7743 7054 5835 2179 313672 
64.098
54
417875 292978 217372 208146 215419 258899 274198 369927 261568 411450 282982 236453 281047 397471 336104 286786 236632 325949 193661 269225 172437 373019 420260 157288 154078 146769 142511 126822 124082 121379 121066 111088 102422 100077 84284 60044 53716 48542 38616 33916 16474 9841 9617 2706 392199 292477 376544 196231 418003 157467 138066 70169 2511 172124 
102.95
44
222113 211219 208660 179623 168470 128247 120594 119224 114876 78374 71833 17653 386291 383555 391861 374593 414492 412899 359459 351958 336550 316377 313749 296200 292989 289665 287241 270845 265436 263498 244527 243773 238951 207320 203746 184046 163540 162489 148585 141874 107736 54823 16648 364365 
94.603
46
122162 110472 59679 412444 357035 400008 364286 379906 367807 376801 344522 315984 307739 296192 292315 287457 287404 286934 286891 284042 278644 275893 267008 254124 249737 240935 238469 237029 223383 220707 207928 205225 197636 184723 182596 157385 147169 122547 121984 120677 116357 89113 83228 24333 23649 356471 
134.588
52
376071 336312 147275 140966 136165 94699 94234 74336 58911 53243 43539 369376 374886 366330 305989 300392 188921 253107 218937 291565 271030 153094 183232 351457 215782 382688 403774 356489 283076 282719 244018 380274 305756 302567 210122 285200 354976 378831 182664 253854 282227 323167 219838 318748 344665 214654 265155 408813 137707 127390 87917 149588 
217.329
50
105230 361088 371071 313053 347042 344260 383688 409035 341600 379774 340915 377522 318586 291209 289753 286970 262336 258578 244100 239051 232751 224222 222734 217206 211148 206887 201389 197144 195566 192443 180060 178968 177135 175827 136946 133590 131353 128300 119505 116963 108644 98850 98524 95946 91112 60385 43859 29873 1588 294104 
120.161
47
47524 391404 365353 367795 405031 345343 390682 340765 316628 309612 295385 288191 279086 269575 257963 244927 243481 242883 236056 235989 229253 206343 204692 184209 182714 177328 173813 158266 147960 146264 131376 130559 123457 111667 94043 91483 91134 87469 86272 71407 42453 39367 11551 7791 5889 4210 317258 
82.951
45
352415 354495 216296 412188 234109 293981 93972 104375 295476 292894 180881 225765 141155 311990 134503 79497 252428 212966 361306 176616 403848 246858 144999 234874 421079 301910 219463 371864 370050 378468 324113 371805 291154 1455 200395 125819 40472 117187 300047 362258 139910 372496 109433 97883 335999 
102.814
44
410132 205038 322266 256956 194600 353610 183983 305158 215661 179666 298548 242923 398430 220009 155843 126508 122747 115922 113143 109781 96376 93314 52985 49663 32624 9284 417106 310520 224253 295096 299058 317416 175889 384979 230769 204470 266844 280263 181522 167693 167215 134519 92006 168142 
67.202
48
37875 21532 14990 3589 380426 405904 391049 420791 414520 403620 419200 393996 398682 407697 336434 328235 300028 297834 292206 282750 277932 256027 248073 248063 221670 207552 200552 196821 193111 184333 178861 165705 160441 127268 121361 120795 110958 96579 49989 40487 12554 9908 8897 378968 328982 254665 238833 358352 
201.369
44
276516 386219 342844 262539 179514 147904 128563 394617 260020 304428 407366 190727 363550 225056 356589 321720 161344 156969 132676 130103 118597 114133 109406 90398 76718 46406 35043 3064 2292 410792 246888 291815 171409 338273 232625 300473 292859 244313 149079 145217 144704 125697 12724 162200 
153.818
48
372069 291635 305877 320750 293303 282211 337883 283635 317418 345118 399392 373273 372313 285098 344927 363237 409041 354899 408027 255579 302655 379339 272317 408895 237896 237055 236066 222481 222145 193116 189455 184158 172454 144506 141338 136003 128147 116473 99882 96801 96483 94475 73436 66804 45440 38250 2067 242971 
67.308
54
275103 94047 95766 86931 361995 130087 269654 5062 225317 384907 96709 143762 252091 145760 271314 95067 274338 147209 421234 335142 261109 225238 252585 229426 360410 316820 92939 162078 252075 339740 223749 169198 213615 367786 323519 361070 325622 209657 296410 249809 70611 65233 65203 61426 55832 55009 50348 35574 35009 26433 17500 13116 1772 74327 
147.311
47
412584 171833 395226 321696 146719 386487 143750 420112 200325 359786 348301 247517 222368 190746 265315 191386 312770 172797 365428 115094 110996 85311 81167 64638 60176 44582 13311 5440 3326 265093 298789 148094 225171 243385 411030 156459 367047 344570 228534 261534 103216 101177 63920 37364 34539 3986 116761 
256.644
47
104248 131591 244384 377796 134872 381617 360346 332004 239617 389790 199815 174049 234991 404487 245628 128984 269696 160723 129040 403588 141773 170100 402870 202488 370021 92987 160009 390686 292430 417803 164073 417142 418307 374704 404649 334115 315132 86936 76158 75900 61848 42867 41294 19895 11862 10828 89809 
48.006
46
328642 421741 395280 395056 369374 289242 266257 258120 248591 245277 241596 213482 203936 192500 188508 185886 162272 129417 129289 97691 93178 89117 85567 81036 62046 56933 44513 35354 28993 27367 401134 365611 375759 360129 367318 326267 317619 311641 301515 261031 243434 199464 151793 68848 4838 327082 
161.736
48
229696 339444 241346 380765 411095 327511 384524 131948 97798 206929 345118 77450 59498 57970 53294 22839 15320 12103 254026 114398 384018 343606 190191 332282 291256 177852 127856 311809 132018 104229 254293 188401 245210 184877 78387 77186 50974 6190 378162 415872 152116 174433 125058 418241 231089 126931 25160 88388 
404.743
45
255863 337075 140504 248677 274268 400928 308810 287390 278144 415555 140701 184805 382976 186513 286461 256571 217131 128063 108737 78500 63456 48331 342567 404651 145656 399002 254010 212825 388166 245109 153379 211817 360660 118685 97906 90668 77718 69848 59702 56207 54444 52941 51782 46253 129694 
102.429
51
350928 326687 326352 286128 282400 279058 276165 275403 266492 261633 229505 225423 204793 194718 186322 180679 169451 160536 129336 104427 99038 97779 95279 92703 92617 61816 57781 52744 20355 18596 9758 8172 404383 399422 391528 408869 389781 369036 356270 340631 311355 293767 281986 257598 247926 235167 148918 108478 102202 92395 379879 
114.481
49
232130 273108 284618 296956 378435 201635 184963 153331 127860 109598 103965 68793 56083 54824 46281 42362 3637 394448 402597 366007 257038 366456 307860 386012 345198 290480 377574 282272 336647 262316 257796 371818 350729 354194 172832 163194 159400 132763 132726 131527 127094 68179 35208 298918 418086 244777 138375 63815 215456 
255.785
52
235344 232329 220190 211314 210496 196499 174175 169970 161419 146128 141355 139613 139553 138749 131318 119451 111733 100166 98459 77813 77595 60876 30391 13845 5224 337846 358241 331147 419493 406955 293695 406509 418147 353052 301209 327064 372521 358122 294724 306432 313263 328457 283550 280703 280496 268937 237742 214466 205559 191967 69510 283769 
157.2
46
181053 73939 57814 45767 44504 30989 20541 14189 4165 3136 894 350791 321178 410624 329580 354593 313691 303837 358731 364696 195563 186735 182299 178227 150764 135043 131567 130693 111805 107417 100089 91234 84145 67210 59566 32324 286537 338344 413383 241059 339899 229774 142504 127713 113566 216931 
209.338
49
269961 326311 293049 274482 288325 258250 250833 245572 243008 227149 199100 180419 131389 130700 99967 77164 73733 63876 40628 21278 17857 4460 865 412076 369148 395635 415652 368918 360478 366666 219365 216549 170386 162960 147098 124346 118466 106073 105817 99155 46444 16135 385877 363010 324365 244800 206519 175846 260040 
237.438
48
235867 169899 59410 46560 237055 228711 67460 232004 280719 179324 146590 171632 46617 182141 175446 374225 370941 133127 274622 271710 92116 347553 212150 358168 77912 382431 122582 64564 74318 56604 257179 40298 285336 206417 342954 158220 82514 46908 407972 212086 398615 288577 118522 21839 13675 9212 3039 39962 
111.914
46
379378 406763 352780 347085 339811 328984 315211 314009 307884 303251 296122 290515 289502 244283 231427 215423 210656 192147 169956 160072 157255 154411 144248 139696 137776 110798 101412 94916 75135 40831 8066 410227 420043 409172 352266 350341 339342 332025 273736 270976 262560 253450 236123 153343 37633 357744 
141.679
42
394426 152310 51041 31044 14340 364440 297739 291906 178808 209048 231814 267513 236651 307054 339982 253903 325465 323099 139315 412865 372370 292826 232610 316737 314312 206921 416839 407134 147235 213682 123018 85895 63321 51136 41091 9076 280255 272855 74820 69335 7638 138589 
360.485
55
153990 366933 284721 131174 358491 292862 388087 402147 224175 221094 162360 353132 90195 406446 29729 8603 157798 76852 245243 175411 292653 271457 39149 383065 222088 72729 360397 322561 202512 273928 391715 164823 124032 268077 116374 299438 247119 240252 96160 266882 53868 92709 379431 62546 410070 347338 330157 232493 252627 74159 171413 262861 226888 5757 32730 
145.378
36
322245 290926 296550 350183 391140 391352 325058 360643 302448 205066 195530 192915 186851 140001 93781 93665 72090 53890 52359 48225 19601 2460 282754 318705 278924 261028 246474 233529 232651 181781 146781 142959 132673 90257 76595 281595 
73.573
42
205353 398001 194939 192749 150290 133704 114716 100394 91818 54786 47617 318498 278714 387395 411574 366649 372736 223760 215699 224031 369526 309144 349546 379439 187255 179216 178333 174336 134082 117754 107581 96564 67687 10024 268471 219556 353770 382180 199539 80231 49024 204634 
296.526
47
147355 116831 72117 229808 382185 389021 340618 340865 215277 224648 279171 259534 245515 357929 220104 327209 403574 387899 217268 400896 344753 313384 248210 287970 203471 189793 178770 168717 159470 148623 146011 125527 112728 110203 106780 106355 87682 75874 66359 63734 53968 49238 28448 9703 8056 5723 214507 
103.16
50
152751 137405 220456 166161 210558 237488 317622 234898 64681 49544 73662 47767 279355 397733 105043 146565 48162 164019 229146 85682 407826 208526 67911 176246 287725 34183 410559 75476 284288 243688 56336 86266 196836 152789 169570 411178 289160 363659 49188 388059 236780 35105 154957 366285 130056 214987 4989 274533 315008 218145 
80.189
54
378807 388498 414473 283644 259749 257321 252507 238008 233107 223891 211191 207226 187867 187500 175158 172031 165108 161540 148911 145159 138792 138225 128387 124487 119893 115212 101119 94753 92688 85923 71030 67065 57874 44643 39172 33786 17069 364844 403680 393600 388286 344646 330820 327343 314304 313715 294607 277531 270955 255914 74603 21085 15283 357683 
219.914
39
224458 151636 235305 103235 78056 249549 293465 371367 326671 263525 330687 101287 131028 310218 38667 28447 23113 230087 385921 140113 420143 248301 58582 151500 263092 57816 177733 297774 89736 420231 172440 418814 182219 221870 109016 27025 22997 4615 54583 
56.726
49
118322 71831 20898 11465 398773 384426 377606 375304 370154 345690 323555 318848 313107 294431 272502 270066 269380 265741 265427 264382 240470 238246 233794 233553 222083 217574 210043 204202 191880 191417 179570 157984 142467 123260 104177 91617 84872 77526 69151 65246 59770 51636 34676 11998 372116 297810 196864 22703 396184 
186.935
48
418816 419186 414045 411051 397748 395260 383588 381654 378755 374136 365842 357890 344369 334487 323493 321454 313216 289138 288339 274318 266008 254415 244537 226636 226226 218983 195628 192615 180202 177697 174422 170958 167060 146987 135201 130977 116436 96798 91602 81080 72133 62215 51062 39701 30591 9397 672 418347 
63.347
51
299790 287337 286355 235077 227619 219501 212616 201367 198199 186848 176624 173563 145417 139351 133918 121315 108621 95861 83045 57353 45478 41371 25574 17970 11090 1046 399018 403847 417348 382042 390855 365193 351391 346280 342993 329982 329586 323798 321632 321543 321286 317676 306596 298954 287482 264653 239930 108237 89707 46521 374572 
120.928
46
97455 250021 279665 129886 212657 271942 110035 218909 315697 307915 160985 126432 374663 33790 380864 86282 184270 164568 206501 388812 326948 136061 143771 254389 193602 267835 365935 182994 322050 409410 210939 248823 220199 268096 234615 350328 401518 391203 220581 405722 138327 62341 58524 41999 23984 75568 
97.091
50
358930 288769 189559 364440 379833 184087 157713 145878 137570 122311 120916 120717 113716 107186 81701 80821 27584 20463 267226 270830 367882 284317 342437 265983 332067 279854 286211 244456 216104 272995 276631 325704 344018 226841 256240 173074 133622 108545 104242 89159 33526 351040 388015 333975 324980 205303 149685 85204 81387 188902 
164.708
46
363121 369979 345312 417984 308546 338462 259530 257829 256834 240315 233203 224612 218874 200233 163795 150028 141978 140897 133530 113031 104639 103312 77479 70057 55724 19261 7095 328894 401243 366275 344490 332440 400415 352403 333665 270349 267898 256207 212652 206611 183037 76611 57750 15909 8294 279793 
141.962
51
303712 286635 276596 256565 248303 212032 198443 178699 175659 168957 158847 153519 134944 122365 111854 103173 80621 59275 50550 48128 32927 32290 32044 20774 411925 346905 396596 344490 361044 399418 341495 382316 365172 406271 415366 318436 311596 307144 301862 299058 293009 274192 242106 240023 237125 165318 113909 42489 20398 10196 319387 
193.67
52
415163 409374 391871 388841 373572 372998 370116 366467 363959 360607 350111 347899 330918 323550 322475 322087 320483 319573 309632 308280 302002 294995 289793 286571 282967 256218 247781 244510 235998 234902 231441 219070 218060 211976 204684 199115 185869 158467 147369 140860 88733 88376 75461 50771 49849 44783 34371 32554 17419 15306 13867 407661 
100.062
42
262050 387488 92456 373142 404424 404282 165594 274887 67166 159376 336490 307608 58061 157312 110619 70453 283308 277361 58547 371124 172187 254562 198890 153019 180359 143496 334306 68877 35555 22256 11834 5331 321340 196683 231526 135178 66285 289094 63358 289601 12298 48702 
291.335
40
168254 146171 96391 68058 20065 391559 297070 402318 360643 249640 311358 418780 347754 220699 182922 175594 172264 171877 158622 154174 124015 71560 62570 60724 52331 4875 1119 386741 325940 335563 300266 347379 324866 376272 189377 169628 168757 117363 79068 232115 
170.49
53
332553 184964 199170 364059 255252 101170 69046 81739 267830 121393 314819 388687 307376 228787 72130 152711 140810 328610 108586 115248 313136 196991 171867 97983 236420 150898 138285 214193 48726 34824 30720 7436 6019 3126 311051 332276 290904 410842 117195 211687 210754 156675 343758 108901 293833 60943 169363 336195 152489 215716 161139 566 49641 
202.496
46
371253 369238 164113 136762 376732 224599 4336 153269 221382 258010 301386 185925 182444 1077 265865 54212 158838 128554 325327 284775 44188 359551 237600 329779 151136 371727 286440 38363 260121 2676 141238 155482 43459 22054 77068 300793 344043 386651 383482 418914 399308 232256 142615 320523 211936 176783 
64.297
40
206974 199693 176281 69169 61321 24129 9036 402859 411930 405134 392905 420963 373726 359824 359250 356543 353254 352217 313200 305071 288722 268567 259838 239512 222868 122467 121804 93057 45405 34592 384785 395259 282876 232683 140142 128096 115112 71062 60573 379131 
239.733
47
411880 344514 417814 268231 217260 213514 287190 390928 321251 318112 215127 240847 257114 226602 185569 182770 171226 170135 158598 156443 116659 115429 90318 85670 74123 55522 54321 52291 47382 25840 19240 16085 244412 270416 259318 281346 324302 201334 198367 183422 152661 121523 91533 48812 41138 5350 209055 
195.958
43
373393 343970 289303 391431 229475 222191 201442 177960 166207 164203 164026 161789 118321 114141 97790 87399 78572 46959 41485 23291 14257 284187 378664 349262 335607 383626 337934 309780 226442 210148 148022 135317 127570 99825 96394 85351 65491 29975 29527 23892 19098 9896 260155 
92.258
42
137272 110701 22851 22550 18099 377428 341371 374867 348608 406023 411031 368243 316118 291859 244210 238044 235284 232379 215627 215167 206924 191596 176542 174683 124153 74197 70280 40522 36356 14285 335392 251179 245873 240842 224662 183335 137688 86058 69971 65971 1767 329007 
303.235
46
288540 317187 301589 358125 411134 283257 310761 369960 270292 269166 241896 222617 172293 168687 145395 140399 118008 106985 98533 83751 40899 305866 291507 284504 393943 313533 316585 399116 280319 292253 367119 412580 268206 213467 189906 189873 184095 140127 110489 94021 73506 67502 32810 14171 8736 270386 
149.09
37
108489 83282 61202 36476 1452 392092 419689 408232 362794 358158 388408 409024 399499 363785 296125 292829 281753 278998 238969 230868 228519 224191 221570 219318 198151 193485 178593 178270 167682 118261 111417 96280 81776 78714 42908 27931 356156 
273.862
45
233669 226034 260637 41617 158913 379707 71755 69881 64853 171796 286361 401142 30304 790 74543 277448 215215 75716 351555 396459 401745 418419 370911 204822 216056 416120 82267 196708 302755 155121 54149 341745 37922 35510 26238 113357 59686 382158 346306 265158 86138 293632 292592 32784 37960 
167.729
38
117253 125886 158764 139778 77862 418400 338732 308656 96088 85118 149135 132861 206016 132057 273499 99476 205150 277126 324181 189616 114948 356384 125670 262019 385809 115072 84178 143731 343425 246325 244887 413968 132300 294710 395687 279391 3944 66620 
263.582
43
274765 376300 103481 343368 334465 190598 131876 113285 67610 218072 417242 227333 362073 342396 316844 224896 208445 341998 258775 370506 378131 419159 386382 68843 374816 400618 358982 375567 228846 194143 167947 386702 249503 265152 53016 40986 35430 34770 25495 10995 4320 4236 56114 
52.584
39
238867 182030 172705 169320 143159 114153 46951 7970 368400 332146 276396 399900 410593 322431 401475 267764 263211 252598 238729 223726 203661 203082 178334 140136 137802 35099 21083 17593 335161 331241 296469 402329 345230 308121 259940 236036 215397 198219 268467 
203.022
44
56719 52443 372241 311482 128456 298726 272673 311216 379509 43894 378652 201805 352603 115392 324619 107139 324936 213222 331400 82735 311124 166897 387732 252943 369548 94308 200253 174531 36171 31932 29762 27127 12878 4310 296000 62642 97971 153694 204174 123869 70371 27465 19055 39287 
123.014
48
389230 370575 343079 359449 405453 285164 284971 275436 269174 257563 251140 231729 197621 195196 179392 157086 156629 149570 127777 126092 116165 109595 106514 101482 80564 76613 75172 48955 37568 16984 13586 6258 4045 343220 402804 391786 399550 414436 355021 255134 244297 239934 198051 123282 90909 90524 25350 296698 
213.976
49
395243 161104 281066 41118 310791 199080 271276 387728 19647 15855 3276 273770 322957 344442 293017 406149 387067 292516 75427 152787 102838 82163 80642 50003 70544 293416 349497 231326 68385 402568 341388 395066 85017 144001 164065 404689 403614 361279 98972 144813 194577 106204 85157 297052 344324 168472 280991 33045 33438 
135.84
49
38848 9387 379433 372923 405136 388992 349160 411422 350108 403044 344057 306591 304823 304221 298135 284969 275058 263996 261307 258151 239582 228042 227390 191581 188794 176227 174996 174091 160903 152769 133969 131827 129850 118945 96986 95205 65954 54165 34781 388291 420205 261485 253660 218498 143753 124299 119205 48060 348299 
208.006
35
274380 257317 239835 223379 218200 211256 192855 164757 153134 57064 42871 37941 4975 420124 409534 404700 403108 393237 390404 365843 347843 342534 330669 326478 322429 303450 276195 222442 159866 158445 149411 137148 131022 36860 414670 
102.265
48
419047 403390 328121 324309 310156 246121 229707 226089 216892 215698 204003 188578 173531 159596 148764 135966 130249 108474 104701 101720 57014 50621 26721 8903 8007 6028 382759 410482 394624 399509 406994 380926 378090 366346 364890 363967 333637 311771 268525 242647 236658 210265 198151 185668 169527 76703 59800 367154 
164.877
41
252131 346579 263955 126257 410004 92188 10432 228221 212478 166998 172800 131882 393027 285356 145986 148149 390688 306765 145639 415599 170772 252654 321831 387164 99821 73117 52490 43486 36620 32034 14928 228340 323023 315738 303520 158724 178487 343609 390544 86664 105726 
157.725
35
196737 354978 2015 285396 315058 382733 200927 374824 136951 305036 218713 250274 281171 154707 389225 232422 152713 84724 396559 274193 379665 191983 54616 291930 228515 395626 271006 282934 131200 15111 84993 76626 382378 228280 217878 
72.126
44
209954 167741 149062 96556 95603 47533 7097 399594 364811 339547 317158 301026 299798 296824 284374 276472 273522 265821 258246 250737 226070 211576 196928 159553 157227 134705 106480 65950 52424 52340 11202 5788 397562 366132 362333 289720 277194 267737 256371 235088 187489 16832 9469 413717 
174.316
47
370095 346253 132374 309276 106761 216953 163493 73470 211785 298564 418519 212324 127078 362021 163594 153288 120079 128169 215098 414796 384942 184918 45544 117773 407958 155573 340068 268465 201760 415726 293109 235190 236878 250304 214307 120084 192370 261221 176138 372922 58394 53702 44611 31731 25318 1290 71601 
171.981
45
337214 358522 324937 369302 315077 289940 242389 237479 213949 175326 174906 173270 139010 120999 116115 109317 103335 94572 91238 85487 55209 53541 50164 40716 24766 19958 7519 408713 325261 320236 369208 376548 284650 300930 282138 232125 222553 191868 190930 185046 171185 146868 122066 111401 284425 
94.879
47
375267 263253 165343 177372 385595 390101 332695 142292 113041 372047 357320 307876 359825 170057 388769 381073 321713 213251 387464 331890 417374 297157 415972 419057 292715 211904 254595 233030 399464 332804 239039 284218 286765 293506 384752 412079 81076 47495 11596 274922 287250 281801 344642 131762 63576 48630 157403 
212.412
44
236138 223051 166366 159210 107486 90252 87571 44555 384981 378262 331946 271307 291050 294331 339594 262372 403220 354377 419888 369346 415859 315710 406302 257434 250737 239672 227564 224968 194582 184200 158120 145514 142255 137411 116856 111411 110375 92925 56686 52426 34317 14337 10868 261680 
117.627
50
339334 419724 275702 256523 213701 199766 191067 186898 186262 185584 178975 156908 152566 140193 139278 130777 127525 126373 124940 104789 93082 84359 80525 71207 47541 43409 40122 14799 10867 2539 342495 398852 364893 358371 357393 391893 329997 315961 354223 400366 378356 265410 253499 249459 245809 220010 177457 103969 89799 310553 
407.045
55
330515 410784 357420 416019 87697 328551 126369 103383 249717 101207 84966 132291 404702 192036 121607 297985 87799 205296 272767 419120 9655 380610 215587 181397 197411 243259 136491 309363 298595 384910 276024 393307 386719 299607 332519 247379 385476 390207 139635 242520 343319 291398 284665 217299 91132 247544 68406 61967 58814 42184 32890 32542 31672 27110 75351 
88.018
41
361374 416769 420508 399342 301413 271318 257500 241600 222198 218607 212213 207040 204967 199588 195666 174544 137131 132726 129137 126545 105429 91891 88814 85642 60138 35046 26939 358629 336839 323085 312018 270255 260362 255723 248222 233904 224529 129374 105124 35295 336327 
148.646
50
148482 135060 124396 96494 68155 54991 52271 50145 41721 3433 271193 309653 268278 326163 350847 315760 418084 248799 340674 287275 253532 279217 292413 307262 405437 392675 312027 232639 229306 214949 198574 194328 182773 175278 173249 165779 164344 129157 89583 88395 65660 20427 341613 375207 319145 238248 236914 140759 82072 242622 
158.52
