33
40862 23576 12056 38934 35945 39734 15404 38332 1102 321 18790 38918 10520 26653 13783 5281 34493 32898 33690 3731 36780 33556 23643 22856 12140 16624 3729 22705 19321 9652 1523 44 3223 
19.178
30
41015 39752 33235 28444 16721 16030 12493 10057 9934 8741 7569 7522 6561 5698 5414 4867 3035 1710 38922 37268 33340 33166 31737 30973 27182 26428 26031 16200 4264 36115 
17.843
27
15189 23533 12672 29064 26547 19351 37966 25784 34140 15216 22712 15518 10662 9732 4770 3209 28828 34459 24444 33357 41432 11374 11174 11018 9571 2494 12052 
15.746
27
3087 15104 39608 9504 9932 19290 17144 28262 37304 28465 36185 29377 39636 38944 39377 39094 28486 1161 20015 6915 34220 19034 32346 38 31731 22347 14974 
3.043
23
42134 40464 41926 38893 36897 40999 32234 29487 29127 27286 26490 23428 19693 13450 11236 9434 8456 8362 4584 3255 1507 1002 32695 
4.678
25
27542 27536 35707 12124 29385 21456 27697 6948 4198 26753 10624 14176 38376 24189 10866 13977 7188 6222 29438 26625 16577 40432 35909 26 1472 
10.238
31
21674 35729 34530 24070 34902 33574 35258 36208 34539 21221 30167 29801 28073 26964 20108 28739 41637 21666 29928 17616 17044 15448 15067 14459 13348 11809 10886 9964 3944 2513 19258 
13.006
28
8942 3019 1852 1600 1226 35892 39395 38275 41533 38008 34205 32037 29879 28925 28889 28141 28060 26459 26105 25769 23526 22966 19305 10343 10239 7725 6557 35457 
35.203
33
13131 7093 3711 3041 27247 37219 38133 25398 24886 26204 26835 39291 40249 39470 40301 35762 31916 26875 27793 27229 40984 24910 21714 20645 17249 16288 14652 12588 10208 9998 7889 2437 21909 
25.361
26
29165 30524 16890 1123 8227 20043 5255 10355 32210 36988 33768 1707 28800 31249 40369 12835 14949 39902 10501 19364 23235 22931 2621 869 653 687 
11.374
30
16894 21711 16618 16999 23116 35559 23183 25614 26881 42072 33032 25952 35282 8919 5716 4967 2060 419 33757 25615 27816 39134 21568 24328 30331 18747 18337 35220 8885 12424 
30.551
25
7917 4106 35809 25923 40179 25827 35144 36881 41050 38827 28675 15231 11551 10419 6465 5297 2551 39956 32703 20852 20237 20164 4603 2486 24824 
34.298
28
9623 3076 26626 23453 31164 18912 28147 18366 34018 2096 11899 35040 8504 23827 30940 22708 34503 32610 17960 365 37999 20633 14832 3400 35878 38697 16048 16272 
3.653
26
21179 20942 14624 6064 634 35581 41881 39344 36275 32041 34355 32408 40566 30843 25686 25681 23804 19501 18661 15936 14313 12317 11792 6510 4880 27780 
31.803
32
32162 23901 20927 18508 16937 15380 12928 11870 11030 8432 6646 3552 41302 40758 40634 40230 39604 39515 39168 35573 34696 32934 32231 31562 24946 20677 13177 9126 6329 4468 3894 41505 
27.806
29
4762 27163 21440 2286 25295 15370 8561 35578 20598 17094 42047 31406 10186 35536 11041 9746 34313 3972 12641 11090 28058 33995 29415 40416 22798 23295 33172 8082 16876 
4.981
30
8687 552 41124 14868 32373 14623 5543 5452 20477 17977 19283 2708 11761 35915 23576 31859 38862 13611 34469 30480 21259 21749 12261 26321 38660 1610 26580 37888 25699 17813 
2.221
26
38310 20600 36103 20315 30779 14024 19640 14357 40997 18914 18368 7205 6229 23901 26045 40819 37243 10208 21718 29730 11125 33189 20238 36178 1433 9132 
18.128
30
7707 5840 5461 2636 205 39787 34331 33283 33065 32695 32302 29166 26745 24751 21620 21157 20254 19389 13162 11767 9021 8207 6348 5207 4693 4563 3526 2840 367 36099 
12.777
28
25156 33701 28658 33901 37130 30994 37568 41894 28510 29474 39828 29535 32565 34339 34788 23689 21245 20432 18256 16172 15822 14186 8597 8255 7382 6047 4536 23715 
7.535
28
19868 28550 38251 29582 32706 18718 23787 40720 40348 12399 11388 10681 9599 7158 1555 201 24068 15202 40142 31087 36208 25276 12906 12792 6497 6157 3800 15111 
28.181
28
25219 32520 21483 41068 22674 27507 34396 31430 37822 35856 16202 15838 15234 12544 10501 10377 7636 3126 988 29457 29535 34518 18022 17569 7960 7863 5349 20361 
15.213
26
23580 39468 32382 5888 5641 1617 1429 25710 29356 26290 19158 30187 25028 14801 24761 40649 34167 30488 22616 28045 20223 10752 9196 7536 6040 11621 
11.487
27
34859 31518 40468 42121 20545 18244 17268 15883 11213 6925 5796 3033 2832 2654 2458 433 26875 40346 41216 27666 37324 20109 17913 17027 15553 8526 26528 
29.43
29
908 40476 35414 33262 32074 40352 32209 34387 32371 41138 34808 38495 24897 18846 18569 16624 13472 12382 10698 8567 8280 8211 7353 7268 7127 7018 5092 2572 25792 
13.499
34
34145 22228 31154 26074 23709 39482 21828 34100 32442 36067 34827 10901 34371 37953 7193 3793 9425 41100 32195 39447 12355 16084 35301 21658 35200 9082 11755 23020 31479 9601 28672 1620 889 7349 
10.232
29
25539 10998 22233 39466 27441 34792 29022 12614 34712 31213 23827 35506 41917 26893 38159 11183 39246 32921 38784 7448 6889 6487 6134 3011 2750 1202 641 586 9507 
17.015
30
39502 39470 38628 36584 33319 31113 28093 26376 25299 23692 22976 22668 19873 16987 16660 13713 13324 11523 11357 11092 9924 9385 9312 7547 6732 5905 3258 1772 1226 41571 
8.652
24
29643 41901 36752 25601 17751 17354 12382 11235 7990 6059 5011 1401 39446 29212 19596 19415 19378 18348 17743 8857 7649 6524 6418 22111 
16.866
23
41430 30008 39447 27332 13345 6261 6070 1739 26782 39533 25098 20126 20301 32775 13635 13045 8342 6132 3883 2755 2490 1526 16008 
23.954
23
25234 19378 26794 34616 14104 21947 2844 26423 16277 17584 737 244 38319 9343 26573 34210 9830 27897 26004 11629 7667 1472 2508 
9.942
33
22652 28084 21282 37328 28611 19088 5328 29883 37566 25511 32964 23121 21645 39615 34823 23691 37130 30474 19872 17838 14190 11923 11229 11217 10971 10389 9679 8802 7511 6283 5584 3085 19960 
15.583
29
40664 14214 21092 10440 4096 22628 28867 19716 37399 17950 30899 12769 38543 33098 15997 14658 11387 42023 32307 24809 20079 12820 16717 36851 9295 8740 4792 2455 11211 
12.363
27
34693 31043 27881 41083 30152 40358 18130 18006 16684 14729 12750 8716 7127 5873 34585 22506 40225 29639 28910 41604 31602 28893 15668 12623 8780 5490 21647 
15.02
29
7795 7649 7314 4411 24338 35520 25878 39764 36081 37461 31548 30821 23354 23137 22671 20966 20212 18034 16936 14988 14982 14693 13560 13040 12028 11159 7815 2614 23536 
10.954
26
38028 29441 27877 39071 28994 40361 25953 23222 17815 9292 39515 37523 31333 37748 31302 34834 39442 38387 21168 14243 10996 10014 9410 8555 6953 26645 
24.26
21
37039 32645 32626 19737 19488 18261 14105 7881 40535 39588 40367 30002 21588 17061 16988 8756 6726 6043 5919 2790 37105 
19.549
27
22618 35850 40643 26908 26758 41546 41109 41877 34569 2818 2357 27488 26272 21166 39836 37493 33978 23994 20233 17816 13150 10161 7921 7271 7154 3857 20554 
9.271
30
33948 38170 31027 29118 28447 28192 27967 23135 20942 14807 13757 12207 11316 10482 7615 5643 1553 41283 32483 32540 33169 32401 32573 28573 25968 22016 17797 1452 1117 31133 
16.574
27
39045 23564 29072 34731 28173 40797 15039 14326 13989 13637 13553 9621 5679 1717 230 25417 24874 41917 17859 34842 34321 29869 17761 6305 5300 597 16880 
9.106
33
40963 41713 41506 41097 34248 33072 31742 31087 28536 27962 27547 27019 24746 24004 23182 20963 20040 18720 17853 17520 17041 15645 15629 14855 12859 12732 9094 5588 4440 1788 733 639 39084 
15.42
28
21406 19389 16809 15999 14851 9743 6315 41988 31582 30593 35875 33380 38814 40123 41718 35675 39365 26177 22784 17440 16530 15143 11978 10092 6093 4935 155 26586 
6.669
30
31273 27368 25955 23597 23300 18421 17121 16928 14852 8052 2701 2527 2229 1910 37963 31541 34021 37390 32442 34684 38083 30527 28805 27034 24060 23203 18260 3237 727 29773 
27.715
32
10072 25631 35952 25705 12171 1017 41570 12375 10369 462 2394 31959 16380 29404 37982 36619 5116 8285 34879 8441 32378 21769 20591 16003 30198 24610 40793 13432 22263 21407 16886 10127 
3.769
30
18246 12092 32281 6586 8544 23523 31163 31921 27487 18754 23672 39395 34175 16891 33038 11896 13883 21548 22843 36367 36379 6682 24528 9178 23029 4943 14805 27341 960 1464 
14.272
28
7178 6791 23274 40923 35693 33209 37918 35721 21638 15738 23787 12363 31586 4416 3008 22056 17349 23839 13423 10313 32135 29995 38816 16514 20970 21732 1210 5703 
12.497
28
41495 36837 40733 8680 39596 32136 34049 22048 24641 41695 10041 41934 18700 30718 10707 28779 37066 41006 25021 25596 34471 32291 10867 18939 5321 4936 3988 6908 
45.262
27
35058 16498 41231 26981 6291 34300 37741 21178 23528 33333 6249 25164 38494 23929 8148 8216 38478 9129 31261 9384 36695 9590 15790 38846 10662 37 1587 
6.858
36
21914 21565 24193 31716 33860 39273 24727 34825 26881 33668 30914 38891 27378 33149 20479 17394 15337 12814 10484 7949 5803 4219 3026 2116 29064 26455 41436 38933 32301 33142 26470 20832 19699 12659 2528 21247 
11.713
28
11816 21417 28974 14690 31736 35908 27856 28594 1840 17650 6352 40179 18188 9307 34687 18314 13694 41925 29652 38860 23044 5389 20491 40838 455 419 379 1690 
26.234
26
9938 7515 2537 673 40468 36609 25751 30076 37295 21918 11231 9332 8324 7977 2995 758 226 33700 26049 36912 25692 34416 24885 38975 14665 23912 
34.898
26
25371 27001 22155 40343 29446 22021 22590 41959 11613 4146 2718 40397 37839 40956 34393 28714 36609 30447 20067 18062 17767 12731 11585 10778 4153 20822 
25.715
38
41810 41634 40830 38348 41014 38479 36961 36086 33807 33736 31827 31677 29549 28967 28762 27636 27485 25965 25100 23049 22668 19857 16408 14344 14112 13192 12940 12488 11339 10040 7044 5299 4651 3916 2790 1774 272 37262 
38.906
23
21837 19359 41335 39229 28742 25116 18685 26274 9315 41982 26174 20214 14802 19742 3178 2874 778 30680 16341 23440 33220 1629 3468 
23.965
26
8415 41207 39772 33101 7042 15572 32888 23543 33390 12692 10460 24436 23793 2517 25143 17815 27595 38622 36172 8527 41900 6726 17608 37524 7945 26539 
2.354
23
15988 28721 26340 28535 38657 40899 35346 5167 40202 40236 21818 26510 36157 34291 22436 41166 33174 21412 32305 14784 12842 3012 14136 
53.146
30
27040 34025 27315 35397 32047 37959 38515 36730 40691 27921 31048 36146 37407 24938 24927 24356 19056 18990 16121 15369 15335 12996 10036 9883 7554 7279 7040 4695 4137 27005 
7.019
31
22579 27976 38245 27521 20334 35919 30673 24295 39281 21249 37690 26975 22855 27327 31651 25871 24079 25692 37622 19648 19454 18135 16498 12702 11967 10558 10411 8209 7029 5014 20143 
10.055
26
9960 2073 37980 35869 37364 38277 35820 35595 36449 30625 30357 29729 29468 27707 23987 22676 22279 18388 13846 9509 7206 4472 2710 2593 1078 35319 
8.657
23
6212 4879 3513 36084 25901 8561 8284 1070 39821 38987 38853 37373 33611 30922 19401 18498 15492 9202 6848 3626 162 160 41489 
11.901
23
33698 30302 30012 29981 27496 27125 18434 15625 11814 8467 6589 501 39456 31164 28386 25407 24973 21305 14881 9466 4908 827 39752 
14.37
27
34664 23826 35575 25735 24082 29533 29195 35623 30704 25911 39703 36199 20378 17235 17169 15207 14834 14063 10391 9829 8286 7009 5727 4495 2416 2116 21916 
17.131
28
29487 34224 31772 26867 37389 35912 10787 12493 15781 28095 13167 22470 29853 24293 36921 23150 21698 20807 21447 31474 42151 9425 8813 7606 5270 5211 509 10497 
14.33
21
29080 21515 32902 19696 37899 32160 22461 5059 3720 2407 21507 28349 28123 12546 17403 29682 24999 31136 32699 2584 9308 
7.214
25
40786 32873 33862 27238 23716 22309 14599 13293 11480 6995 5466 35399 39523 22608 22383 21788 17901 17093 16467 11294 7207 6832 5727 4772 27350 
9.305
24
28684 28642 23771 22888 18524 18320 15822 5292 3108 41153 35853 28854 27625 24494 23379 19495 16810 15419 13174 7797 5670 1774 1332 35447 
21.588
33
21032 15881 15579 14849 9371 8541 5694 30047 34476 28931 31250 25092 24508 32178 37633 34436 25163 20765 20520 17538 16194 16181 15884 15789 11897 11729 10860 10126 6483 5559 3022 1334 21917 
18.082
28
22792 16602 14220 25960 32548 1952 15485 39720 36543 24484 25895 14364 19856 37987 14133 24985 35081 33866 19496 27648 14999 15396 15027 31628 18373 41356 9582 13874 
16.711
36
2554 39032 41653 24555 24499 31817 36351 37523 25264 23262 23253 27271 41482 36248 28316 21640 26290 31988 33826 29892 16112 15845 14431 13365 11019 10822 10092 9670 8061 6415 5656 3986 3111 2932 619 18601 
42.571
26
40672 41766 39559 38107 28104 20948 9135 7882 7097 5612 3308 3069 2743 432 39799 40265 40121 24683 23243 21167 20249 16731 16396 11615 1899 33010 
19.71
37
26273 24225 24145 15897 6664 5440 3903 2350 1697 138 38377 38643 37751 39893 35705 35215 31863 29206 28484 28061 21972 20430 19242 19163 19155 18345 17441 17100 14112 13231 12526 12173 11782 11769 8672 6200 36878 
31.749
32
41418 37983 36602 41732 40906 36427 30007 28872 26351 26035 24304 21695 19849 18750 18524 17813 15681 14980 14873 13776 13743 13105 12412 11771 10655 7601 6750 5513 3635 2102 1763 36503 
12.13
26
41800 37739 6502 25331 29265 26337 33679 41446 6479 1414 30437 26910 39597 40130 23497 5752 16930 14497 16513 41431 40556 40697 6258 37470 2517 33336 
2.168
23
32533 35014 40826 30435 33631 34788 30103 29306 24404 24395 23558 20743 19122 17907 15411 12965 11553 9156 7737 7175 6314 4237 30270 
42.229
35
41613 41444 14067 33568 30607 25453 22740 41580 32054 34708 12433 11720 11693 11602 10866 7481 6864 6848 5846 4888 4826 4165 1753 41704 36624 18085 18443 32743 15624 30949 20926 38491 9968 828 13841 
22.037
25
42159 28265 39093 30050 31484 18618 16264 15162 12737 12698 10856 7975 5476 4847 177 33175 35419 31988 35600 41181 17984 10002 5961 666 22660 
7.78
30
465 38798 38160 37215 35620 30385 28435 23080 18030 16717 16597 16241 15716 15432 10435 10434 8122 6190 5125 40163 39610 35417 27374 21633 20945 20705 19209 16758 8606 41456 
28.732
27
12772 10744 5424 27327 38104 32695 35787 41694 39167 38718 32645 26573 24443 22803 22291 22122 21236 19762 16367 14100 13319 9860 6102 5982 4564 2819 24700 
6.557
26
1491 38062 40283 25658 25395 24876 19376 11559 6605 4794 2859 38 35607 34831 33493 33266 29550 22930 18604 17857 14413 12758 8388 1741 360 34832 
12.934
25
25057 14832 11288 10134 3143 2543 37543 39670 35264 34999 32755 31330 29937 29085 28272 28025 24035 22026 20719 13863 10326 7339 4970 4202 36328 
14.273
26
30828 30168 22029 20375 11368 1452 37140 41854 37850 35915 35613 32156 28022 25400 25224 24587 20504 14063 12312 9467 8814 6968 4590 3835 1052 36743 
6.6
32
15940 10608 10269 4601 3741 2287 41082 39759 39062 37819 34199 32229 29528 26728 26014 25115 24917 24693 24031 21500 20873 20252 20132 12572 11879 11831 8046 7890 2276 1163 665 42087 
9.029
26
38239 14069 13181 7839 21120 6952 9234 40177 39835 39229 21949 31718 10012 12406 32538 31488 16446 11878 41555 30060 8402 4494 4315 3493 487 4874 
7.038
28
13050 5166 3633 26897 41324 26725 30624 34596 21964 20933 32127 18046 35274 24443 41180 26600 39816 29094 39506 16636 15077 11661 10291 9793 5812 4649 1028 17227 
7.026
28
15213 13830 30856 23800 27483 36462 15669 13966 31528 14728 20252 34506 17842 16016 41916 33653 10843 9347 8484 6721 41233 24365 30229 13166 38095 15565 5967 11736 
29.687
30
30734 29716 27314 25510 25030 23187 21847 21404 21307 19310 18579 16758 16345 11106 6692 5396 2119 39558 33711 33196 28052 23894 23510 22453 15388 9949 8918 1839 1582 36252 
33.415
29
38253 34057 29033 27154 26599 26121 20531 18166 17547 16069 13970 12756 7268 6009 1686 403 35429 41494 35730 39504 29761 27890 17689 9275 8028 7192 6440 109 34554 
19.128
27
39077 39860 37450 37205 35859 28490 24884 24681 21136 19875 19177 15956 10153 7302 7091 6993 5886 40212 39451 39787 34387 33970 27149 24663 24656 5339 37483 
29.455
26
40674 39060 28298 31821 30995 28504 34523 23660 22108 17368 14574 9279 6027 2972 2846 908 29228 37697 23473 20926 20320 19388 19331 10161 4446 27883 
17.157
31
26475 15522 19493 25359 21964 2285 34194 23189 32065 5073 7695 31076 37678 17601 33849 22895 31882 19216 19098 16981 20257 18545 20877 12750 17293 16034 25972 33927 6660 290 1691 
12.271
29
17690 20895 29205 19825 29442 20823 38422 27605 18447 27820 17150 34756 30116 16320 15107 14527 14176 13016 12857 10933 7413 6799 6655 5929 4318 2218 634 341 16844 
4.839
30
37837 41753 38591 23294 25869 600 37106 40695 35930 35581 27069 31505 39659 32657 22395 21772 20972 20205 18839 15350 14849 13754 9199 8775 8547 8521 8423 3602 1056 22871 
14.875
37
20420 42036 14333 12012 33623 3272 20631 37405 21760 22008 27715 19457 16041 6909 8006 19441 12074 2141 41570 29870 29993 37048 14218 14879 24041 27921 37464 18265 2225 25982 36364 31647 18093 12164 33609 27947 4100 
2.143
24
12372 9921 7542 4525 4345 2616 2027 1269 33454 30325 40459 39165 37430 34798 38585 33181 29261 25108 25006 20143 19946 16780 3447 29511 
22.722
27
34598 23994 24089 41407 38697 25195 22099 15305 8849 7205 6972 5424 39057 37401 33585 41751 30818 28501 20931 20904 16471 10746 9593 9139 8522 689 22975 
9.738
27
5129 3356 41471 42080 34683 33405 33179 32531 31610 29826 25354 22118 18551 17804 16490 12124 11551 9923 9513 8445 7954 7500 4365 4282 3445 1812 38320 
7.729
29
33207 25566 24304 22908 21404 17387 11268 9182 7747 3156 697 39179 38465 38813 38560 35553 35306 29549 28767 26515 23473 22978 22950 20896 15963 9914 8262 7492 36590 
16.574
28
30132 29777 41535 22896 31704 41491 20893 35044 41336 29033 28355 19501 11325 3554 19746 29943 16472 40646 34660 23829 23315 41837 11876 10020 7815 4222 3443 12992 
8.617
26
31198 31097 23646 38769 22158 12832 6293 38853 25900 28088 28440 29965 41938 35172 33659 36813 38383 22772 21400 21069 18578 17916 17863 14409 12227 23413 
5.526
28
40431 33313 31594 31347 30094 29941 28914 28608 27873 27262 26899 25873 23761 23157 22857 22049 21885 19492 16183 13380 12652 12356 11835 11501 11284 7512 97 34500 
8.345
