13
105 246 165 377 291 200 322 155 333 279 81 31 36 
0.544
15
77 57 41 384 351 318 330 334 259 252 240 235 42 9 307 
0.559
11
396 282 266 386 415 255 219 94 21 16 263 
0.644
17
68 416 404 365 115 380 81 278 200 304 89 343 257 391 182 1 147 
0.038
10
393 403 280 243 231 180 168 119 52 310 
0.055
8
316 326 300 396 273 254 188 283 
0.435
13
284 154 121 210 96 107 415 397 274 81 76 21 85 
0.535
11
121 389 143 90 361 273 239 403 295 39 58 
1.138
10
121 383 318 222 307 151 139 100 50 155 
0.564
12
370 305 186 155 217 220 304 163 96 87 18 140 
0.483
11
412 367 352 357 165 158 127 16 9 3 342 
0.341
9
205 327 329 310 386 266 87 16 296 
1.188
15
195 135 381 382 189 288 404 117 146 97 157 233 75 57 89 
0.108
11
339 369 74 370 382 331 183 336 219 275 216 
0.029
9
272 315 266 281 204 185 165 57 257 
0.491
12
370 239 314 387 355 232 98 91 82 29 22 117 
0.199
12
394 387 279 335 204 377 381 274 206 175 169 171 
0.066
12
395 386 319 304 291 274 235 153 115 109 13 357 
0.685
17
26 399 355 350 325 311 277 232 221 174 85 60 56 51 24 23 361 
0.736
10
293 288 277 183 159 87 78 61 32 294 
0.056
10
409 353 313 263 365 311 220 24 20 54 
0.55
10
336 339 361 239 215 189 107 99 29 332 
0.157
11
190 360 73 133 150 223 93 77 70 13 78 
0.441
13
151 131 352 325 187 206 288 101 274 359 349 7 106 
1.143
12
39 27 135 171 167 297 172 395 398 115 14 133 
0.342
16
170 248 329 307 402 336 62 12 379 349 304 259 211 65 11 122 
0.437
11
359 336 214 330 209 193 210 98 32 6 133 
0.115
11
66 333 331 243 239 237 129 85 39 15 363 
0.381
11
272 352 408 284 190 303 113 94 34 15 147 
0.409
9
145 76 26 183 248 205 62 25 72 
0.897
14
399 386 322 264 263 253 231 228 106 87 86 54 50 419 
0.532
10
197 366 116 174 306 420 99 124 54 349 
0.027
9
172 107 183 118 407 364 26 20 108 
0.502
11
180 244 363 344 281 318 417 182 175 72 213 
0.298
13
138 337 42 132 11 200 293 69 232 212 348 372 26 
0.033
10
396 269 237 218 111 87 73 57 14 387 
0.436
11
222 248 173 98 51 340 327 86 73 19 214 
0.627
12
181 262 321 248 228 176 276 148 119 115 29 173 
1.152
11
363 122 376 221 368 282 324 197 148 85 99 
0.657
12
226 289 391 157 135 121 78 75 65 54 18 220 
0.228
13
346 355 380 106 387 382 179 104 94 49 296 148 125 
0.027
10
147 415 275 266 367 204 96 77 55 111 
0.161
10
365 385 353 402 275 267 263 156 144 293 
0.159
14
320 302 306 416 258 224 209 178 160 159 71 66 46 266 
0.098
10
317 331 321 311 215 211 176 112 68 301 
0.438
13
118 200 327 11 100 17 157 158 150 287 399 202 283 
0.113
14
165 228 269 109 317 379 215 307 240 77 392 10 9 76 
0.523
10
234 312 402 317 232 362 414 265 64 133 
0.211
10
80 297 83 74 403 248 195 169 269 355 
0.028
14
405 332 261 392 358 300 216 215 202 192 127 120 93 228 
0.175
9
295 298 184 180 155 139 28 21 259 
0.514
10
106 297 236 167 203 281 207 65 42 79 
0.442
16
85 52 195 63 184 279 50 149 370 246 304 315 413 402 216 193 
0.177
11
261 350 199 133 117 80 64 58 33 4 240 
0.212
11
226 317 314 161 270 254 330 56 32 8 111 
0.815
13
399 357 341 258 397 218 373 259 209 210 114 66 183 
0.704
13
418 234 59 214 154 309 166 93 381 142 323 30 372 
0.034
9
387 344 279 334 270 243 220 101 274 
0.208
9
241 237 312 253 288 98 66 11 167 
0.469
8
408 396 343 274 265 154 74 291 
0.163
15
342 81 6 309 191 329 287 150 223 89 84 53 42 31 118 
0.895
8
269 291 214 177 104 53 49 175 
0.351
11
406 395 330 157 210 127 234 233 202 71 119 
0.798
11
417 348 374 319 234 194 188 161 145 60 333 
0.45
16
10 259 169 142 104 92 386 113 204 277 368 227 158 186 22 231 
0.035
10
217 102 116 88 313 200 250 179 20 73 
0.848
10
330 123 237 303 358 266 191 88 66 121 
0.504
8
374 303 298 408 192 179 12 230 
0.256
11
356 248 222 275 339 175 270 256 198 53 112 
0.251
14
416 405 163 214 153 6 345 299 273 148 71 52 39 152 
0.586
16
342 352 227 346 319 173 220 200 404 237 310 192 202 160 59 170 
0.77
13
15 253 271 295 400 156 292 200 80 361 46 392 42 
0.034
12
331 320 252 233 228 226 201 135 125 67 17 367 
0.565
10
58 300 88 344 242 224 383 110 27 49 
0.815
10
361 268 417 302 326 189 184 179 60 208 
0.421
12
336 325 415 244 192 182 107 97 75 72 27 287 
0.333
12
397 309 371 324 402 220 209 208 189 173 57 285 
0.56
12
316 293 233 226 220 203 132 108 78 46 24 380 
0.374
12
380 227 216 307 275 319 396 160 157 126 52 207 
0.298
11
399 314 239 210 143 66 41 34 20 7 246 
0.603
10
359 190 360 368 276 213 189 99 51 316 
0.451
11
270 261 233 328 340 285 196 67 36 29 225 
0.481
9
268 230 414 250 121 283 405 79 97 
0.331
12
36 349 346 304 225 139 113 84 67 50 31 282 
0.638
13
397 395 261 220 214 208 198 148 138 109 84 49 150 
0.145
9
267 293 268 246 335 313 149 40 205 
0.569
10
332 276 256 251 201 188 158 127 28 282 
0.509
9
220 230 318 401 198 407 360 92 164 
0.485
11
228 238 416 361 406 225 198 175 126 125 226 
0.458
9
355 329 152 274 387 88 42 26 91 
0.33
12
209 379 384 396 359 352 369 324 206 168 11 308 
0.637
14
407 96 216 179 400 201 233 14 409 316 245 359 290 411 
0.036
12
413 385 337 237 196 189 188 183 160 132 93 350 
0.199
16
411 413 369 367 351 337 246 238 222 207 171 152 139 114 26 390 
0.158
12
391 182 333 239 204 338 165 410 196 88 37 127 
0.38
12
279 181 61 355 305 344 124 104 100 93 84 250 
0.729
16
229 316 352 321 257 391 225 202 279 363 400 188 112 103 101 169 
0.35
12
214 103 386 349 322 308 225 115 104 43 7 369 
0.563
9
1 117 174 283 374 111 372 341 338 
0.028
12
98 419 288 337 264 220 112 87 69 32 0 246 
0.333
