19
3523 2131 4609 4986 4533 3282 5210 3995 4396 3751 3066 3289 2401 1974 1924 837 762 509 2628 
2.159
23
3933 2327 3993 2628 3674 3081 5439 2652 5173 475 4646 2535 1037 1827 1684 3879 794 5243 833 1698 5412 2473 3554 
0.298
18
5106 2850 4732 2740 5178 4656 3014 3089 1759 3943 2587 5054 2143 2168 1447 1314 499 1563 
1.696
21
584 4943 1836 2359 2912 3167 4284 5223 4258 3500 5514 3964 3962 3565 1748 1745 1333 1312 1186 802 1773 
4.619
16
3645 763 651 411 4099 3016 4839 2991 4280 4004 5559 3613 2365 394 303 2612 
1.89
15
5095 2234 3098 2793 1069 868 310 4721 2774 2554 1924 2858 671 623 1829 
12.249
23
480 4052 4594 5484 4014 3943 4249 3312 3273 3201 3060 2964 2779 2280 2088 1770 1464 1366 1339 969 145 31 3673 
1.341
18
5079 3458 5015 2333 3344 1235 1629 853 2288 1382 3001 3071 1142 1930 628 220 40 687 
15.062
20
3354 2158 2130 529 3410 5228 4358 3904 5448 4585 4550 4721 2451 2202 2085 1852 449 336 318 3381 
2.221
21
1844 1716 1673 1493 1171 1147 617 2962 3531 5021 5475 4333 3542 4497 5107 2603 5388 1685 1252 337 1991 
1.039
22
2709 1636 4265 2526 2646 5618 3203 3936 4259 5139 1618 1278 2676 5250 2117 4496 2807 599 579 433 119 647 
1.317
15
3506 5090 5059 2550 4613 2959 1773 1013 27 5587 4243 5352 989 717 1562 
3.395
14
1609 4147 170 4962 4217 2046 1887 5362 847 1817 3499 3320 3512 3739 
0.273
20
2743 4568 5616 4837 4244 4828 2667 2343 2195 1860 1659 1566 1068 370 3216 2922 4416 1623 414 2726 
4.51
18
5337 1813 1523 1230 1190 5381 2831 2842 4251 5069 3146 5424 1832 1345 786 668 604 2290 
0.964
18
5069 2201 1800 1016 423 242 192 5043 3719 5334 3837 3491 3487 2589 1870 1072 1054 3658 
2.058
16
2394 2186 984 5081 2244 4424 4517 3782 4526 1400 3329 2378 4233 561 17 744 
0.864
25
3820 5545 5313 4253 3635 3283 3074 1394 1228 1011 4116 5225 4749 4225 3539 3225 3019 2610 2504 2200 2181 375 223 52 3754 
3.471
20
5467 1584 4150 3994 4083 2112 3438 2571 4111 2634 3743 4305 3354 5064 2705 5177 1446 1221 777 1493 
1.82
15
4362 4989 4162 5457 4041 3580 3478 2856 2377 2035 1787 1488 1338 1106 4113 
4.261
17
5524 5002 3394 1918 1749 1594 1295 968 4674 4199 3513 2644 2573 1980 1371 863 4290 
2.666
18
2202 2106 1955 1525 5516 4824 5150 4112 4565 4576 3934 3813 2489 1910 1811 1758 1513 3991 
2.96
20
4475 5546 5225 5378 4504 4294 5263 3979 2907 2544 2034 1580 1255 916 634 364 184 60 6 4100 
1.381
17
2320 3153 3687 1692 5421 5547 4384 5370 3960 4670 632 2323 3492 2016 1614 290 402 
3.624
15
5066 4258 3565 4746 5554 3892 5416 4679 5103 4471 2777 1790 1678 1523 3011 
3.776
14
4328 4035 1846 574 189 4323 4227 4734 3587 3143 1903 1808 1166 4005 
11.949
26
3410 2580 4336 2088 5410 3591 4498 4768 2283 2415 1715 2584 2979 3242 2068 4869 4975 5433 3201 1956 1920 2410 829 461 126 905 
4.649
20
2038 1677 4269 3110 3243 4486 4125 5525 4001 2989 5348 4638 2662 2506 2251 2170 1861 1489 1352 2921 
5.17
16
2252 1329 5305 5098 5086 3894 3636 3190 3123 3111 2690 1813 1751 1164 874 5399 
7.379
18
3211 5105 2139 3007 2271 1381 3601 4747 1085 4871 1393 3177 3054 4474 4587 322 97 952 
2.461
20
3486 3050 4261 4272 3517 1660 922 613 235 5213 3257 2695 4047 4111 3888 3796 1494 1388 860 1956 
4.399
21
2390 1730 1132 595 5039 5264 5092 3967 3230 3206 3013 2578 2546 2026 1825 823 760 568 507 218 5014 
3.316
21
4217 2535 4105 5571 4096 4229 3767 4220 3528 4908 5378 5364 4805 5079 2221 1554 1525 1105 803 555 2326 
1.838
16
4873 3384 5248 2059 3833 5425 4229 3156 4615 4805 2665 2305 1917 1317 784 3019 
6.05
16
703 5306 3381 4213 4328 3090 3023 2999 2946 2369 1973 1897 1742 540 171 3124 
3.397
19
999 1951 5387 3255 1252 4491 4966 1497 3162 5361 2734 3555 748 1920 4766 2611 1006 725 753 
7.013
21
2963 5507 5146 3468 4659 2834 2922 3496 5365 4701 1454 5308 2349 4827 4690 5330 5289 2524 456 26 898 
3.011
27
4697 5017 4452 4404 3205 911 338 3922 1824 2209 4169 2558 2259 2937 4247 5032 2294 4070 3223 1642 2453 1718 1516 783 484 62 1546 
3.159
14
5580 4230 4126 3837 3560 2917 2206 2113 1950 1920 1911 957 377 5006 
4.625
19
3224 2656 3826 4530 4862 4685 2487 1270 779 526 305 5352 5473 3158 3430 1995 1585 250 2509 
3.856
23
2688 1450 1259 117 4299 4432 5358 4630 5381 5339 4357 5397 5342 4673 3122 3067 3052 2483 2165 1881 1835 770 3124 
4.24
18
4822 2939 765 4975 4504 4861 3606 3578 4501 3682 2216 1699 1360 947 725 668 331 3329 
1.718
17
5379 3595 4449 4366 5438 3667 2359 5304 5510 5197 3495 2637 2543 1950 1048 1023 2812 
5.724
22
801 3244 5479 5411 4528 4732 3264 5358 2609 1684 4380 2482 5324 4607 4787 4086 4196 4970 1268 794 320 1397 
1.586
20
3220 2094 480 4959 1232 4699 3603 738 2272 1167 2575 3134 3965 1017 4600 4616 469 259 4741 5415 
0.287
18
3496 4178 2649 3215 3879 5127 4118 3550 2585 2164 4506 4450 3363 1473 1411 1135 985 1889 
1.67
17
5583 5265 5023 4309 4215 3564 3339 3213 2767 2676 2259 2141 1358 1309 996 451 4856 
2.062
17
2653 4179 1613 1338 5501 4875 2182 5098 4544 3771 2577 4563 3683 2893 851 301 2046 
2.932
20
4170 292 30 1364 231 4503 5331 758 145 959 652 1624 1463 264 1180 4386 3477 493 4514 1231 
0.305
17
4723 5227 4266 3984 3705 3656 3463 3387 3343 2375 2188 2042 1505 903 394 202 4678 
1.194
18
4730 4024 2294 3975 597 3524 3406 3260 1941 1684 3593 4740 1655 4265 2096 1464 236 1589 
1.527
16
4754 4139 4391 2374 4107 3114 1858 1757 1456 818 599 575 551 471 342 2333 
6.593
19
4949 3436 2952 5521 4188 2195 3609 5060 5132 5212 1484 12 4539 3603 2158 1980 1771 317 2008 
11.967
16
4295 4303 5091 5469 1925 1093 180 5317 4813 4286 4676 4708 2899 2421 857 3938 
4.593
17
2891 3823 1281 1206 650 290 222 5251 3527 2312 1553 3855 4345 5052 1105 48 1407 
4.036
16
5093 5063 4869 4113 3651 3558 3210 2750 2401 2350 1951 1900 1744 1569 1248 4512 
2.765
17
2626 1535 1138 1120 1026 4669 4193 4062 3762 3649 3493 3136 3121 1953 1483 1145 4925 
6.399
18
2763 2954 3863 2625 4669 4188 2303 2857 3570 2970 1665 1093 999 850 466 344 193 1999 
1.811
16
1401 4416 4561 1740 3670 3136 2251 3064 3360 2833 3208 4720 4820 2734 281 946 
3.534
14
4791 4319 3656 1721 1398 361 4267 4206 3928 3677 3373 2005 966 4213 
5.039
14
4619 4680 4510 3025 5046 2844 4894 2583 2073 2050 1660 1454 1452 2662 
1.854
17
2944 4100 1860 2737 4639 2429 2271 4924 3535 3475 3363 3505 578 544 149 111 1382 
5.177
19
4340 4804 4989 4578 5571 5591 5414 5159 4698 4131 3898 3896 3787 3388 2908 2666 1944 1814 4243 
3.652
19
4478 2777 793 668 3160 4622 3733 2594 1887 491 5575 1668 3037 990 2776 1323 4805 1023 3437 
0.706
20
4063 3277 2536 1267 5289 4545 4804 4005 5533 4849 5595 3948 4789 2646 2604 1803 1586 1113 318 3741 
1.551
18
3378 3170 4134 1345 3991 4537 5018 375 611 2600 5112 1570 5100 1475 781 3738 4154 3936 
0.295
15
3197 3098 5431 3286 4156 4291 2008 1787 932 3589 4653 3635 1740 400 3093 
4.032
18
4830 5463 5423 4509 4440 3450 3269 3250 2859 2820 2775 2177 1567 1562 1305 971 484 4743 
0.904
18
5018 4070 4930 3491 2795 3620 3627 5216 3038 5578 3482 4849 1384 848 733 727 391 2526 
2.116
18
4785 2536 3748 1049 2678 5034 5552 5108 1369 675 403 2717 3629 2469 4238 1419 325 859 
2.532
18
3753 2506 1772 2705 3228 2107 4785 4704 3032 1262 4883 2277 2440 3754 2946 1767 572 599 
0.8
21
4207 5619 3488 4796 4023 3117 1691 1616 1322 398 177 132 5344 3837 5420 5233 2944 2006 503 52 3415 
2.572
18
4151 4722 4278 2424 5422 3949 4658 3618 5182 4748 1899 1784 372 344 237 41 9 2412 
6.578
23
4843 4177 2698 4894 4119 3822 5301 4435 2927 3626 4099 3704 3846 4460 2519 3105 4651 5254 1928 162 147 31 1986 
0.628
21
4869 4735 4634 4280 4116 3688 3002 2953 2471 2313 2131 1972 1858 1359 1227 919 672 212 204 198 5549 
0.86
23
4404 1527 2476 4488 5465 4701 2607 2216 982 4660 2798 2475 2876 1618 2354 4160 3859 699 667 422 242 16 736 
7.487
22
3575 2135 1663 1629 1353 1327 5604 4417 5147 4612 4767 5424 3560 3138 2696 2671 2137 1675 628 576 21 4029 
1.826
21
3675 3706 5050 5051 5476 4111 3952 3041 2989 2612 2265 2258 1430 1305 1199 1099 925 790 768 454 3244 
3.477
22
5132 3649 2886 4165 2551 3535 2241 5348 4202 2700 4133 1923 3634 1610 1487 1426 1271 1259 952 785 423 1641 
1.3
17
5292 5387 3075 4595 4525 5594 3978 2965 2712 2621 2369 1827 1403 1316 1247 12 4463 
1.447
18
535 14 5005 5615 5327 4650 5172 3843 3053 3034 2730 2215 2125 1843 1784 568 531 4092 
3.518
15
5192 3443 3438 3426 2949 2617 1905 1494 1442 983 467 414 284 91 4800 
0.632
17
2426 4225 457 4689 438 3117 2487 671 4759 2798 266 96 3356 291 1393 1373 795 
0.753
17
3875 1990 4437 5016 3746 2262 2549 2542 1940 225 2660 4878 3834 2343 70 27 85 
1.186
21
5016 3249 5579 3540 5184 1539 4200 4789 5583 2598 1203 1050 908 719 671 497 452 377 332 287 1289 
1.431
26
4093 5343 5072 3800 2823 1912 1828 1619 1273 951 900 4029 4784 4295 5441 3411 2864 2636 2509 2289 1816 1640 451 357 265 4014 
2.214
21
1974 142 3121 767 155 1939 2538 3032 4857 4282 1124 2553 1928 2773 3900 5238 73 1913 3836 4475 1213 
0.294
17
4083 3180 4783 4057 3038 3924 4758 5183 5326 4507 2546 5124 1655 1074 465 8 2114 
2.315
26
815 683 5514 5256 5165 5089 4605 4380 3769 3606 3364 3356 3122 3019 2980 2665 1969 1893 1770 1580 1305 1077 647 223 37 5259 
3.126
24
3486 5615 3956 3428 3132 4508 2437 3691 3617 3725 1965 1220 1192 1108 1023 852 749 738 546 405 396 230 168 2234 
4.992
22
4107 540 3141 150 4558 3372 30 5530 3735 4685 2297 4455 5043 4291 493 1357 5382 5331 2345 3468 449 3534 
0.313
13
3252 4674 2175 2586 4355 4234 1778 1638 3320 1320 1294 1277 1632 
5.499
20
5463 4290 2449 4590 2952 3131 4211 2194 4671 3511 4903 2412 4478 4505 1592 1451 847 667 221 2031 
0.499
24
5517 2179 5030 2272 5029 144 4497 4964 3908 3018 5012 5561 5564 1676 3937 887 844 2633 3843 655 5449 1845 1305 559 
0.844
19
4904 4621 4871 4925 5128 4679 4420 3816 3297 3202 2096 2091 1889 1599 1548 1375 791 433 4445 
7.44
19
1961 4320 4029 3558 630 2299 3024 3996 5215 5002 3170 3219 4971 4043 891 2443 5132 1992 2465 
0.272
14
584 4260 5188 4330 4561 5056 2690 1996 4092 2477 2036 298 217 2670 
12.161
20
3362 1525 4498 5343 989 2826 5171 1813 879 1068 1507 1532 1234 4638 3066 4551 1759 4791 499 559 
0.535
13
3804 4212 4506 4769 3670 4070 3230 1968 1897 812 252 211 2061 
0.467
15
4957 3470 4598 4115 5498 4718 4113 3986 2120 690 43 4073 1967 1059 2840 
9.184
