29
53925 55753 45578 48046 40254 38998 33583 25294 23546 19478 17684 11827 11691 55158 49954 51905 54473 42705 35130 34974 34934 32805 29800 24680 19341 13384 10314 10029 42118 
26.173
33
45850 25169 52211 39185 53954 49990 44195 47075 34463 30232 55487 49074 21538 20973 14265 13150 5374 4310 2515 41111 35827 32959 36970 31707 28413 33677 18209 16187 14604 14236 12590 11770 23142 
20.153
36
51738 49287 28737 30193 35290 55926 46049 25392 31850 34086 49154 34052 52795 49529 33871 44562 51864 4994 4125 2322 29263 43999 50643 50817 27413 42362 45798 20571 18197 18020 14070 13114 12911 1103 66 25195 
17.626
34
38776 42620 38779 45036 8461 4722 42660 40923 41848 32243 35062 36302 37090 41712 32895 53028 46858 28422 28051 27722 27192 24407 22723 21555 19759 16095 13297 12613 10088 9117 7421 5839 1174 30837 
19.714
31
13235 8329 51681 48937 43250 41334 39869 36788 36351 35628 35023 32897 30039 29394 27860 27689 23956 23244 21454 21308 21231 20867 20200 17203 16929 15198 12294 11171 4474 2257 55206 
7.721
27
35650 39434 43531 28164 46495 16984 20781 24826 12477 10648 10008 9683 7085 6679 5183 4798 4538 4097 43425 19488 40104 17100 19564 50982 13184 4580 15244 
26.628
37
28048 45918 26281 16964 52851 32960 39272 25183 45289 34575 44929 51106 38673 33298 15583 4616 2759 52481 43066 27458 32706 55379 5462 55870 1949 40969 41523 38242 17127 16188 21878 36642 37115 1718 486 4 1262 
11.066
33
28576 25207 39113 36348 38666 9487 14178 9596 8011 52412 6187 52088 24917 7292 25941 28136 18435 29926 19595 23638 13984 33267 21574 54662 25753 24347 20958 53908 41644 37898 28915 1973 6030 
22.367
25
31515 26593 19039 5036 2148 53653 47413 40999 53125 47723 46738 39419 38913 31719 30567 29286 27202 25227 25020 16112 11214 7385 2139 1457 40192 
13.48
29
7952 3920 38273 35425 39262 53344 50518 52935 42814 31120 37407 45624 34455 39838 37931 54909 30403 53507 27476 20037 19542 18935 17815 15859 15382 14787 12679 12651 30185 
29.294
32
47956 40656 14053 17003 10948 22983 11897 32263 38868 55873 46502 28901 49039 45527 29090 41076 53672 31245 46668 47320 14135 32106 32888 26049 11617 42154 47030 50589 28762 4319 2251 7470 
18.407
25
11361 1988 48742 46743 42233 37304 36010 35764 35680 34957 33801 32574 31284 30114 29658 26733 23119 21899 18697 16266 12192 8639 5205 2329 53062 
15.406
29
50058 24244 37239 25697 32877 55373 49477 50071 34528 24977 28492 52421 31500 40919 18477 14286 14075 13405 9308 7803 7262 5874 5026 4517 3787 3405 2069 631 23417 
15.009
26
45996 50321 32808 23166 44721 56071 23463 43938 46387 51907 39887 23582 41633 44116 34408 38448 24827 48803 41440 8610 12127 9219 39062 34415 275 5292 
9.896
32
15973 23393 31743 9720 19779 15571 40592 4925 16950 6253 20078 81 41191 21719 42843 51039 42929 23537 25136 13630 38578 16429 26111 9587 12323 38942 6664 20683 16071 44909 55328 8727 
5.114
34
50582 47540 48459 51115 3513 3392 47316 48670 56076 51941 51317 49830 43575 42918 41500 35719 33637 32245 29969 23604 22818 21117 20118 19716 18834 18721 15007 14899 9971 7081 5667 4693 3309 47272 
23.106
26
43801 32289 22208 932 30602 28578 42246 54697 55075 53050 39921 54464 43614 44404 24303 54707 13596 12196 49816 4330 4307 12990 19515 14231 2299 9479 
40.854
26
35993 25101 21188 20239 15933 13778 10253 6641 5218 47806 54139 44056 42812 42367 47529 47510 47208 40376 35811 34128 31928 30394 18156 11780 9250 42056 
16.9
34
26986 51079 34888 37327 36362 52280 52931 44235 52179 37119 52053 42333 38717 47570 52345 55025 31986 24429 21765 21601 19599 17252 17098 15560 12445 12210 12166 10946 10909 8702 8304 3231 2321 33103 
14.519
34
24352 33904 37795 16540 20371 32510 32206 10491 38797 54933 5312 34583 44177 14085 34992 28110 11611 50727 42761 23608 4614 51069 34199 27726 3276 1284 49233 47475 9874 40830 54830 31809 2415 3959 
32.024
31
40218 39796 44538 48999 42831 34521 32169 31418 27672 25987 24159 18105 14263 12708 10631 10538 3155 2951 1754 52900 40840 47918 42615 35961 23971 15418 13080 12415 3613 1911 36552 
64.114
31
45953 41405 46041 55381 48133 30236 38868 51645 41097 32187 43053 42694 31949 24970 22433 20452 19140 18266 17307 17242 17196 16624 14205 14119 12085 9913 8046 7045 6163 4158 24889 
35.896
30
43023 12080 42405 9362 4737 36914 31366 31449 51773 43817 6247 45263 14102 52729 38270 53734 41322 43370 27998 1197 32835 38494 23615 35517 27097 44010 23949 40428 42398 40782 
7.663
31
43868 34362 42852 39146 46999 42045 38116 39896 54444 47095 53589 47862 40221 30212 29598 27161 26541 24290 24222 23772 21757 21687 19228 18649 17652 16073 12769 10115 3098 1812 30518 
6.641
38
4778 28749 37108 310 14295 16374 32558 39057 19046 46152 2149 1577 39063 9217 13306 51090 11243 20922 11333 9757 2536 31894 37086 52319 17681 50929 53299 7909 14693 31617 46559 53540 6544 20903 38102 25712 1372 41088 
11.723
32
27047 40351 28986 29626 44370 54871 33006 24453 23236 15248 14208 8540 4240 38874 42468 51495 52374 25621 38233 43180 27072 50109 30917 22354 16364 16012 15024 13375 5131 2642 561 24694 
10.334
29
53245 22762 6123 42883 45021 53106 18598 23359 22307 12874 14008 36924 42845 6879 32865 10626 4971 17895 7631 45734 3121 20792 25026 14969 44895 32614 53584 599 1485 
27.05
29
33342 16773 30331 11356 28075 30218 40086 42091 24006 54898 29855 25074 51271 9161 54482 40656 39115 10364 21644 49867 55738 42809 19362 38944 48231 19994 31412 52860 53447 
7.419
25
32083 32961 31957 50359 45832 29118 28377 26198 18918 15445 13068 8907 4706 2985 43686 33142 51856 32301 43080 28444 23042 14512 6192 1758 29246 
22.544
25
45839 41835 35895 27693 20481 9696 9332 8957 5598 3572 2585 41938 41625 41410 39023 35865 34709 33682 33131 27720 25023 14755 13332 9822 42560 
44.755
37
19156 50911 46000 474 2328 37756 34247 45242 30625 22995 55665 2373 7412 27694 27299 23566 21468 17457 32852 19362 14241 21026 8156 49752 35003 42306 35595 50436 18320 52539 27148 47199 13066 36158 10155 11959 29535 
3.113
33
35901 13789 28112 10021 919 6928 38832 53598 51687 11508 28188 47333 29573 39754 9196 16233 30175 28933 30143 52446 8331 42897 48551 43753 55622 38394 29919 23917 6389 30275 15500 3596 6207 
36.273
36
24667 23873 19534 18442 10856 54017 43996 46337 41061 54254 32423 54946 55124 39768 36410 46405 35797 37558 43588 42669 51176 31112 30917 51527 37119 32303 33682 53374 24529 23749 23264 14068 3338 2497 1934 29237 
6.415
30
38799 55098 22004 50828 22041 36884 38272 32940 31316 43640 52334 40050 56048 42003 23757 52680 36441 30078 25356 24708 40012 20712 19911 15120 12921 8023 6385 5260 2675 20970 
8.695
25
17519 16243 11688 10602 9680 5542 51408 48462 42194 37109 36186 35549 32616 32615 29656 29076 28468 28214 23571 20255 18755 16152 14311 11514 54267 
22.373
30
53234 37475 32020 27536 41362 45948 28626 20625 16616 13819 10245 4655 3981 3119 1049 343 48349 28426 51267 50545 40637 33705 41514 42868 42709 38346 25727 24020 635 25988 
18.659
29
55711 45314 48091 54661 56023 42421 46984 56002 46472 41021 37570 35853 34646 34557 33369 33005 30660 29600 28097 25555 21983 21633 18941 10267 8738 5980 3719 1226 41341 
4.345
30
28339 41689 48546 42429 38758 37953 33492 51875 42468 24862 41110 27641 48845 39622 18457 31148 28180 45097 39041 47445 39600 13289 11384 11271 9844 6825 5147 3939 2630 16291 
17.714
27
24614 34642 35855 23697 26011 50586 48515 21083 21819 22057 53400 45075 17072 1813 494 36852 43126 23896 38408 49401 19314 17375 14186 13564 8745 1172 20582 
35.812
38
3438 2586 48494 54644 47573 40027 38328 38400 52836 37806 54957 49375 45599 51370 36487 35475 33686 32021 31701 31300 29969 29869 28064 26589 25934 25635 23328 22961 21421 19433 12161 9525 9206 8950 5053 4267 310 36420 
24.486
25
20815 18524 18189 13118 11851 11457 8267 5013 49525 54528 53549 44165 43894 40848 36945 36816 36202 27283 24097 22388 20404 14701 14342 11541 44032 
57.765
29
42420 7804 20821 18141 52222 53611 17089 46663 3305 1188 7341 2111 39399 45919 44280 20855 25625 29346 49692 5673 40727 54674 39310 11213 16208 37894 26110 42054 7492 
2.989
31
38247 30879 19293 16095 51175 21375 55639 55128 43207 35864 48284 34438 28971 44969 10921 38596 43608 43285 34124 29290 39232 47661 43762 23022 37217 9685 9533 7465 5898 2387 10654 
16.218
46
17696 18618 39822 46627 18370 4531 1624 10860 37235 36547 37791 14065 42595 39202 38496 17529 28823 41252 33566 38102 36880 8134 20509 34858 38823 35425 46009 16253 33085 40555 25095 45588 29705 54461 21898 33028 37237 53024 14863 50295 28113 32664 6277 28796 567 5993 
15.125
26
17084 31794 43141 52941 37655 46106 11848 34980 53590 5059 10463 32901 30672 53243 11865 32270 31041 17973 55242 11922 48292 23965 12051 50451 3986 6310 
37.93
24
35728 31938 48445 25001 37985 22321 47859 54042 37958 26354 48074 38215 55793 20381 19573 14503 13645 13593 12277 8761 8620 8360 6636 22002 
5.32
33
27450 43604 27630 31654 31220 46581 42447 27940 23951 53698 50353 34881 26841 27817 23445 47592 49522 40606 35062 40069 23954 36589 16909 13648 10959 10957 10565 8973 8742 6833 2138 178 19729 
9.152
28
49178 39878 30357 23579 22179 20225 19906 15784 13481 10903 8774 7833 7709 4715 2773 1526 55119 55948 44203 47605 42983 42026 32669 24774 23109 13703 407 44046 
17.429
38
18571 11761 5185 35239 50865 51265 40255 40705 37741 45878 37183 43441 53919 55301 48190 40633 38505 37880 40787 34200 33375 30594 28932 28831 28356 27547 25702 22521 21103 20227 17866 15711 9026 7874 5688 5609 3640 34819 
34.309
29
17999 33325 52100 27908 28960 13014 50846 42507 54648 46090 39568 43589 33243 22325 55986 26216 53052 33331 43232 27189 18355 48971 10060 5053 19886 11811 6651 3805 11876 
29.061
26
31542 51435 37915 31453 47179 32924 43394 32277 42053 29500 47071 34164 51272 33517 18512 17849 4835 568 32690 36744 35707 37758 47127 27748 19335 23939 
54.091
28
33573 32086 31647 28358 25743 25539 23053 19965 17809 17510 3866 3579 53244 52890 50495 49278 47292 42102 41869 37411 34282 33066 24640 15913 7714 7311 838 51372 
22.43
32
27782 23964 21019 20532 19889 14233 4072 615 590 47203 46155 54033 53057 50353 42441 42048 42044 38908 36178 35390 32703 32148 30398 29761 27760 27633 25777 23389 18163 7588 5064 44457 
28.955
27
46188 50735 56121 8740 2380 2379 44880 56039 47923 47111 55692 37895 37517 36670 33625 33231 32742 31689 27375 23595 20919 19504 13740 12737 12440 3670 42022 
29.092
32
34179 31993 30996 28522 26696 26462 24462 18088 15246 11954 11594 8722 6487 4185 453 47077 48473 46541 40122 50176 49453 47197 40523 42052 42191 32975 23897 21516 12951 4470 2166 39226 
47.91
32
33257 51137 38891 35285 40927 49122 47358 43522 44011 51183 56076 39673 51594 38768 39061 43641 53457 46027 29957 27809 26508 26096 25465 20788 20261 15969 10953 6655 6414 3766 1472 34475 
12.217
30
14895 47096 48742 15733 40971 16103 13834 18862 21806 11393 47807 28230 27807 37268 14160 20889 32897 17683 34361 44071 41622 17129 29868 9935 8794 46096 21122 15350 3836 6133 
13.363
27
13216 10071 4791 53980 54433 53018 52808 45027 44608 42659 38994 37411 37169 34820 32637 31342 27124 24651 22756 16066 15648 13193 11718 9331 5265 1776 53442 
9.272
33
15078 37547 25948 8170 52503 54526 19032 50050 17692 51899 6028 23307 50633 48062 17648 27916 26433 34372 28159 53087 50392 28981 5343 22416 51906 29949 28266 23442 52847 8064 50606 2438 5617 
17.852
24
46818 39608 26989 22288 21315 16998 13724 9181 9067 5879 2735 50225 46151 45236 41650 40718 39410 35249 29875 24334 22357 22199 8278 53761 
27.157
25
15774 9004 638 23371 50536 26238 9019 53801 38079 39610 46175 20855 54464 29982 25899 19699 7832 3207 27422 42711 53461 21068 29916 4900 8617 
24.464
28
17366 15822 54549 40199 25922 25024 18047 17765 14813 14549 7059 3782 55291 55891 55556 48790 47098 42856 37603 37216 33483 31708 31125 21575 13902 12956 9089 51111 
31.912
36
53957 52387 51716 51299 50195 49569 48122 48120 46199 46109 39564 38825 34913 34356 32064 29144 26290 24942 23765 23631 23468 22116 20448 20129 20046 14061 12568 12503 8478 7357 6787 6403 5961 3126 53 55177 
11.636
32
25455 43693 22838 36915 18068 41031 47384 48788 13704 12130 11415 10724 7031 5962 5395 1008 759 31526 23422 27842 22821 25797 18527 20342 23670 32942 51194 55003 11923 7330 3783 15322 
22.366
31
51098 43593 38764 33032 28149 27380 24738 20684 20136 18151 17099 17090 16861 10854 4192 616 50108 48454 49158 52811 36526 32140 27427 25100 25010 18490 15089 8810 3949 2430 43736 
27.936
26
19682 4918 1548 52535 55971 51278 52599 54530 48535 47972 46915 44002 42941 39427 36325 35848 27474 24057 22445 22041 22035 20826 20406 20170 11360 50702 
13.735
33
41154 34738 32715 28993 24386 17491 16718 12689 11522 9233 5063 52953 56111 51092 52982 49340 48245 47571 44248 41163 39400 38418 38390 35439 29889 24990 21584 19284 18471 12945 10150 8763 50786 
29.386
30
52995 18170 17486 16957 13440 13068 9148 7231 6261 5506 3980 30773 48131 27486 33366 28182 32975 36234 47338 37212 42980 33782 54517 22856 16907 12083 7973 4072 1639 23357 
51.556
37
33230 25291 49940 55780 38878 25655 26431 36921 54743 31273 49799 34999 54058 30869 27913 43074 28579 34526 45604 53646 36456 23484 18184 18142 17133 16822 12084 12050 9059 7601 4977 3382 3254 2212 1996 1038 24697 
8.06
26
51185 43712 20803 34145 41419 55348 49128 24578 14234 10918 8334 168 49889 55343 41259 55015 21330 30418 42979 32164 45779 12938 8566 7556 4827 18454 
14.063
34
29436 19837 50352 31354 14645 35082 34266 41606 32369 54205 31059 32482 53474 48742 39041 30360 23561 19546 19419 49944 22905 36474 55242 17337 21129 23369 54901 27036 6675 5930 5616 4658 3667 11727 
22.523
35
42592 42270 53268 54105 38049 55198 43308 39406 37725 39181 54206 55689 52346 48580 47841 34557 34358 33273 27330 25574 24740 23602 20616 19604 19153 16999 13880 10158 9626 8761 6605 5515 1838 193 36245 
8.711
36
45306 54573 30834 47324 36354 53591 15469 4123 15053 20918 36288 40182 35676 26643 38845 16779 52024 12759 28692 23179 38166 6536 32525 10970 45604 36283 10814 34046 2590 689 68 19413 31053 21503 2112 4055 
22.543
31
46539 41684 38492 44635 41279 54232 51347 40907 44686 35127 34590 31545 30979 30361 29887 27557 25003 22409 20808 18427 17567 16523 14844 14697 14394 9184 9136 8474 6401 2284 37218 
8.214
32
5523 21420 39546 41550 31308 33814 26252 47239 40199 7191 31194 28553 36824 43063 22635 46051 23976 13088 47003 20548 25920 48813 49119 35443 17860 56049 5669 40245 3374 43689 37821 14993 
3.079
30
51820 52116 50410 48725 52406 45833 45609 42000 35512 34136 33765 32033 31755 29794 27190 25095 23493 19374 19072 18455 16544 14527 13170 11064 7955 7226 5942 4935 3768 48262 
13.991
34
49802 49098 56110 47602 40576 39097 36037 35487 35289 34850 32469 30619 27043 26429 25879 25225 24587 20846 17016 14462 12066 9788 7344 5366 4369 2773 1718 50549 39718 37794 34600 26338 2664 42465 
20.463
31
45860 40788 38802 35795 33167 32124 31093 29325 24894 24817 24535 22316 20407 17988 14841 9773 9165 5037 4628 4377 3160 55713 40439 33989 26967 12541 5827 5224 3480 290 41223 
21.232
22
41248 31774 35109 13161 5672 37788 53336 55558 56042 46106 36750 44109 31415 46923 21972 49881 24285 10993 10660 10462 9563 15363 
13.394
34
35326 44531 38527 31436 13851 32445 25109 1087 24408 27769 52432 3722 36995 52609 24207 31715 40606 29033 14791 42613 23295 39473 55198 9282 14966 26944 29295 31216 45924 50220 7133 766 33860 10680 
4.573
31
38839 45142 55229 37694 47275 36395 7761 2685 9221 12787 22467 38586 48315 44470 17085 14596 37875 22210 31899 20136 48413 18513 34302 39341 53498 11959 40977 28921 8243 7075 8342 
21.706
27
2451 18499 55706 39956 56130 49257 30183 20307 37749 31648 18085 54148 55942 18574 45563 55041 43377 21876 14214 9254 3504 46610 38367 25206 45145 11432 14486 
23.214
25
19146 8005 30214 54242 31261 21762 26764 31529 33131 44940 20999 28984 44914 35218 21654 15115 7305 7290 6799 5425 3810 1349 329 91 7969 
13.179
34
10540 23677 43386 20565 7512 8693 20166 35268 43067 38643 47944 5664 27065 32735 16189 21041 22597 10854 30030 50778 9059 28247 43596 44972 31430 42540 23149 3392 11522 5677 50772 41831 39822 2580 
4.569
36
35881 26772 7838 51793 53048 49975 48148 46501 46069 44942 44845 44585 43098 40860 40839 40175 36155 32879 30071 29868 29830 29571 28848 25325 21262 20914 20276 18415 15943 7068 6515 5331 4585 4026 1584 50211 
23.124
28
46426 41928 46887 44152 45133 30839 24763 23790 12693 12106 11865 11507 10582 8118 7456 7096 35335 45795 55134 40713 39804 55485 30629 24710 20466 15895 4711 31944 
19.963
31
2705 49469 38559 40079 29098 26668 30655 50004 24235 26881 48335 45251 50131 26610 43460 18986 16681 14672 14440 14221 12217 10795 10430 9159 9106 8101 7805 4796 2450 1743 21796 
6.951
28
43359 47552 49525 36577 49469 49135 39880 40864 43144 32380 30977 30804 28748 25984 25488 24563 24023 18935 17502 15940 12000 9923 9456 7240 4374 3598 765 34563 
13.026
29
21445 31751 32743 35081 40893 13480 45066 24023 16574 42695 13403 40750 9342 26906 32128 54152 27365 51391 49654 23242 12789 55934 43415 50673 3052 25391 45631 30010 6103 
2.988
30
852 24703 18080 14924 33899 52142 47989 30397 20646 54515 52348 43427 28425 54633 52762 14686 12439 51410 46499 39866 10689 8301 14639 51848 50685 29625 45547 12360 7087 12037 
46.486
30
13202 53941 53767 49749 48390 45988 45084 45000 44356 44085 40256 40151 39998 29543 28934 28625 26881 23991 22136 20792 17011 13455 13415 8674 2839 2653 1746 1152 703 52861 
21.012
35
21395 55886 55589 10206 37085 45642 22959 27990 6748 11517 55512 8437 34210 33060 17752 10247 32371 16978 13670 16681 52589 46482 51670 49482 50206 6884 29865 46825 33469 6344 5692 3276 3105 2568 6375 
7.908
34
42194 34911 10593 6242 22604 19751 52846 36074 24112 44570 13057 50146 9636 2283 35973 30079 39248 31871 33697 50087 23739 28241 42311 20477 3794 47504 16280 48558 54999 47793 43096 23938 40699 29360 
5.553
24
46915 38892 38605 37042 31572 25349 24152 16654 8884 3373 53353 54635 48975 43733 41041 35464 34213 28276 18809 16512 16462 13207 3627 46397 
24.26
25
878 48503 47603 53671 42481 42374 35861 35377 33299 32753 31471 28771 22695 12307 11446 10540 9465 9445 8645 8483 5532 4901 1635 982 43826 
15.065
33
34292 29373 24697 13214 12675 55385 31786 53173 48565 44143 37004 42451 52203 54034 40906 48448 37300 38138 50531 32531 23020 22866 21697 18565 13449 11454 9282 6583 6030 5535 3077 2397 30948 
54.181
28
8141 15124 6842 31458 42163 13427 37336 55786 15515 28507 51079 34546 35447 55253 53745 12194 20227 51515 5138 17660 24731 20249 11169 18649 55906 10644 4414 4507 
9.297
27
41595 54193 48228 47031 48661 37099 31780 31640 29696 26373 25672 23879 21176 18067 17194 13208 11908 8451 5725 4501 3227 43986 54681 37350 25509 3087 36868 
35.844
30
21266 17534 31026 53993 31696 34294 14232 23873 27393 25747 18668 45443 48228 36382 24622 12117 48148 16910 35667 11985 30327 20957 21216 36172 10047 45887 5102 5021 2044 9348 
10.353
28
29274 54238 53808 36512 48913 47871 26012 24825 15312 10947 4542 49559 49947 41060 49891 54514 53487 47811 38353 42025 36871 39884 22112 22111 21981 11731 6516 26869 
26.675
