52
396152 263634 144144 463757 550739 461749 409747 474695 520633 513079 547289 531853 452099 424780 522815 385515 379332 375231 368349 350649 344340 328319 318723 316885 315042 305302 293415 291150 283448 275787 267073 230882 219626 214824 204656 204090 197030 183373 179494 141531 137265 131885 126542 90114 70443 64019 57456 46093 38220 28319 18960 389946 
93.697
49
70964 541149 502940 550003 516119 541013 492031 531054 482706 466463 451982 434679 430827 385477 359974 350221 340940 335353 329401 323404 323185 312218 303774 300113 290842 284744 276264 268947 267125 242866 229778 225390 209399 193708 181506 176767 175896 175629 175003 154615 133160 119509 64136 59479 47187 38577 30419 7642 467204 
92.942
44
471249 536422 448394 445033 352104 327925 293997 268744 248576 211222 201585 200069 186965 169294 137785 108114 72913 22216 554678 525496 544764 408727 417668 475160 418722 472933 457286 487967 405336 368571 349609 343526 334021 333470 329442 306886 284358 280062 256259 248161 228832 188679 176585 406838 
538.286
45
435393 521256 516794 436500 366340 527681 415140 337786 305384 297258 289073 281029 275722 262126 261504 242253 238689 207906 190383 186964 153221 128803 120446 118600 109251 76527 63178 17110 13127 12736 5446 517232 381274 456841 375359 506893 466125 371622 324396 314796 302275 221145 149439 114804 336838 
278.134
47
539518 528882 405218 308812 306274 232403 215784 184561 183500 172189 133756 120526 110302 87839 81008 75508 59797 21612 501154 523549 484884 492988 478253 465252 420424 413218 404374 297546 301261 280233 232287 224669 218573 201429 194079 185730 86503 36099 21764 18382 544744 479956 432190 413148 303854 301 478381 
360.9
50
442679 313686 294548 310722 449557 494507 555842 190915 196944 470697 32093 518496 444743 285468 353172 328939 469429 302235 217665 266549 287242 261579 355078 170384 418395 10474 294387 469170 454185 267699 521833 77661 269545 270335 206316 238757 417421 426736 234338 86292 120334 512663 18416 507379 11467 387614 402697 78942 341682 437452 
76.067
52
361290 357321 311895 311156 309406 287149 285075 284252 281272 266433 252496 238390 205102 195950 194120 184616 174482 154594 137087 132679 122174 120329 119627 114468 111824 84757 80609 77843 53588 39683 30457 511568 525282 431010 537259 420509 495915 508045 414845 424788 431767 423669 492705 345100 328498 303421 264455 54832 54246 53930 34713 388726 
106.824
50
495143 152065 345972 549126 422037 398317 478941 525810 377712 415204 520528 404110 336910 373711 399177 532141 553031 326438 368212 429928 469009 418198 513230 330402 394085 505418 308218 288458 268249 267349 262475 241678 240912 237974 232056 216923 205002 191664 189780 167976 136672 133973 110633 103820 90339 86090 79012 55661 31115 308512 
102.943
46
318461 312979 258711 279535 523889 444082 446589 290838 310407 511234 414586 481247 474552 277146 504312 290846 498409 391742 196573 434090 337208 414427 459345 165638 154470 96602 76243 62570 61276 58937 42068 34756 19297 192973 360491 292702 386943 400837 325571 465253 466437 435007 453538 124587 50942 171714 
255.107
48
462569 377015 430153 338781 353346 481921 487345 488598 559901 453342 307867 405352 423173 417043 448897 553541 414494 445123 285442 533372 379676 282939 273134 253524 180137 170199 157068 152268 148674 137526 127530 124830 101238 100730 79524 44563 40647 15411 9938 395856 397797 525659 437696 272047 176411 79873 46354 284800 
212.61
50
465706 308357 141721 402815 234376 538759 515039 539429 117344 97888 84803 78090 66323 12284 350416 550424 499464 433170 498217 321979 551655 348682 270053 233482 338952 125524 396545 464488 493461 295422 145526 258891 466812 510279 540986 516327 122362 117244 94874 89479 32096 13885 307497 347139 309840 197397 539485 254191 73501 123128 
368.333
44
558961 442070 10022 448354 460731 348896 497761 377659 502400 465094 435719 550548 407168 438635 373154 443699 343980 287271 280906 279541 261697 251483 242824 227895 214558 195866 191699 161888 143720 116737 100464 79092 41216 79235 476013 485223 438638 524146 300358 170057 147712 91437 89483 303803 
238.224
56
337975 329776 320452 311090 303833 303156 299517 296998 267248 251861 237991 224491 208104 191306 188940 173187 161236 160837 139989 132676 97662 93921 91957 82666 43685 26415 17239 544644 517882 516271 501329 499452 498033 477927 475628 458271 457300 442031 434938 434421 424053 415017 388781 388272 386437 383020 377520 355070 333346 317970 304478 294972 207561 146895 61851 538002 
297.795
43
228005 198916 170782 121536 70982 59553 29160 5312 377739 433481 554212 523521 528574 396832 442120 528968 364972 485271 456691 498509 326199 324813 284396 278418 265396 239272 216384 200679 188439 149955 135124 126705 96253 54545 9090 474946 427481 418683 357073 227966 134719 76565 363841 
225.99
44
459437 489485 370906 329983 329854 266509 242318 234361 221328 208642 184461 179071 159668 142242 134034 102709 47419 404799 376978 384483 378582 474829 484859 549746 507320 467782 493373 499524 512540 488323 487767 395112 363936 346159 343086 292906 232880 196955 126622 94497 87214 84784 23146 375007 
193.223
50
149118 500634 419895 274036 261051 170383 407803 238207 500035 170756 54289 369203 123569 418176 316349 321439 167350 483616 486798 379023 151992 228460 89779 275891 497181 182325 223763 476080 106895 164773 432520 261094 484039 319870 287225 34375 7603 5986 258947 390505 234843 118171 111012 145463 213699 212014 363308 440195 22648 36851 
100.344
49
535533 150598 277656 299783 154935 554363 519011 163351 187548 338928 289472 285667 160473 210663 262654 524231 312799 431067 428557 512805 541224 355664 391839 353762 486819 334393 463191 489267 234942 118773 117888 96961 94246 89250 62372 60391 56767 52511 36737 26883 255607 474250 179080 285101 506957 516062 109771 89931 131049 
189.55
49
457705 369644 184890 276944 126787 259846 340568 462631 367245 159706 464255 178814 346340 498290 377293 169938 54990 39578 23831 6997 6361 179609 357794 289241 209933 314305 268838 183641 530201 528957 254547 231250 490028 249444 185841 489738 505496 402533 256769 277008 270121 541503 454069 208028 106231 92387 70925 52324 115093 
451.4
48
195461 531130 489872 523241 454269 394773 200310 349340 242019 377824 374947 397590 515726 133107 118898 104256 111786 111241 65188 64757 53128 17395 258704 460672 208028 464704 522305 279681 410357 297064 187902 281477 242795 373713 493191 123676 99915 96196 50148 186007 322561 244352 372519 297786 264546 265275 73123 175620 
561.694
50
530823 416880 388959 518146 374933 401892 478767 431307 386960 348091 336971 328867 327887 327838 324995 324606 324445 273263 270862 248465 234730 181074 168191 144548 108439 75091 57983 32681 28278 15372 452730 383032 427581 392058 420421 512589 372219 491597 408080 359694 483288 425364 427075 311360 288097 213469 151904 122668 104026 359689 
231.216
45
320458 258472 295148 528552 337668 381104 466881 359537 287946 432879 264300 456967 224400 550609 364765 508386 410574 498061 277643 315123 218898 214783 212629 207360 206905 201440 174938 153155 134629 105579 82230 75980 44197 20696 10699 1288 538609 289040 287915 202488 122267 121555 36991 29108 221014 
244.897
53
416344 467694 329216 243565 432536 200858 190563 484772 319956 320198 499543 426352 468852 454959 404016 256996 59828 59493 58208 44092 36599 17540 273854 468778 298536 219605 162817 427860 436328 203812 293305 382842 544101 377462 195672 459939 135863 135629 112359 99997 58181 54412 54097 37388 31905 10388 278033 271507 356796 241120 157783 95410 160820 
589.067
47
524920 558420 560714 506014 470589 468299 457165 456948 433609 432601 415920 412402 401882 384301 379891 376432 370005 359651 351573 334558 320767 314451 304667 293932 284570 249529 231024 209563 173849 148989 148600 141684 132816 123187 119018 99536 83102 80455 58036 57010 49908 43972 39948 17204 1222 516 521092 
75.627
49
359228 176260 327511 401451 401882 549535 529967 148858 411489 233245 363680 341314 373054 300651 174399 169133 359107 166848 313062 359481 530608 281479 265806 449901 473467 96232 81832 79565 62405 47595 46395 20722 2156 219381 337296 173092 419160 266766 522717 136809 479119 159617 490219 458830 235784 400300 65646 62206 103724 
157.503
36
219346 277688 114251 67513 457798 339912 136813 76482 114545 179126 138870 100762 177281 364245 352720 242908 238628 536046 167437 131919 270222 264978 249697 462392 346962 239923 349580 146928 409948 37801 50287 497520 320670 236496 33345 36856 
148.097
45
450871 4797 2445 550328 522628 265479 279148 114903 250221 389638 231689 351099 539605 203618 127384 561948 152547 144769 251513 359918 119551 491189 166189 557454 434608 467165 490374 177265 95020 62580 12753 8362 351589 204710 262107 370542 367548 395128 216564 445937 96378 77063 54249 34581 110311 
108.415
55
440944 264615 74373 176992 87938 371610 353364 72936 254263 142076 432790 557413 483288 459491 168591 354931 351352 292531 558670 366172 128409 400991 307909 21361 48765 120420 152924 8222 49392 534659 139938 485345 204076 437244 324585 54485 553832 198530 164345 54689 103018 19625 179247 191833 351222 6205 401067 515483 387370 145886 430445 253603 418415 71671 247121 
72.368
50
479918 357462 447084 358613 260484 395235 478348 458847 378265 343052 477282 405469 559417 282965 362411 386047 240688 239871 228329 195466 187038 157363 113622 111433 110783 97494 81706 59061 58578 48953 46483 30661 29676 9453 368816 339635 381710 413295 463305 338652 438377 233426 127443 114134 92998 47054 36080 32434 28679 259645 
207.356
60
102859 150166 184271 104230 108660 30237 15803 335582 376712 408151 135092 308676 187364 413661 427427 343805 216398 136705 383137 177839 325558 303925 46904 83800 387092 550223 72066 227134 196520 252661 280377 215452 86770 401635 47668 262852 126736 296560 394543 449253 355581 371177 338562 365582 378691 433872 486735 234821 65244 405190 453156 489717 31965 16503 430015 121013 16950 12371 11258 46733 
329.168
46
38452 324140 240207 274781 398846 546385 241092 222667 409697 452600 312414 267875 70124 560469 514468 399022 414643 530432 229138 522370 471324 152973 149041 527147 541809 509099 393909 105741 240903 309793 235301 423310 272033 202403 163057 77646 30570 16884 11514 2298 496216 332332 374239 242023 3069 35589 
144.94
62
522902 144596 152511 185791 435712 500216 532572 554474 59502 52469 52176 51578 41659 12731 506140 241316 533825 472703 431340 420557 352391 443986 166039 105522 156707 427618 212952 276955 341937 383909 483294 240426 108759 152874 343555 176524 264736 536618 300150 189015 326955 396792 343951 528417 213329 346871 422196 212571 322199 465713 384401 438830 420235 372743 362582 311959 264056 397568 75295 48198 29386 92279 
189.133
55
20291 376562 527368 375650 502207 482707 380078 410367 441741 372534 396922 407892 346259 344098 546007 351598 316849 301372 298606 293170 273657 266180 244409 219617 194437 185275 179139 171720 170247 163228 158885 155436 123903 123885 123044 115408 92956 89202 58644 50966 47492 22497 19935 17630 1461 198 536463 341616 407797 512150 413079 548897 313711 217822 332599 
327.326
55
213585 195166 186841 185616 169120 145049 105367 60898 54492 27829 1597 520860 451109 446563 425627 416713 391375 388380 380058 345237 314020 288706 280548 270169 260379 241778 226960 213351 211016 174336 141256 116941 107709 96896 45816 28061 544 509162 555197 449940 426079 414264 398721 392548 390846 379235 370867 337094 332824 320875 292836 271134 113120 12894 502627 
287.385
56
258344 332206 391669 88181 529597 111663 129470 378602 73303 219806 489881 190451 283684 92168 323602 526752 97093 376618 128955 103983 512211 329496 391284 439302 92772 440846 482747 373790 169931 213111 546709 231867 423866 151317 53420 355455 298152 141991 552815 67859 325744 274811 533591 120811 46625 39482 25602 17978 503816 371302 561937 513953 227025 544585 22531 51752 
113.11
45
171327 286265 260465 129360 512238 451665 111661 203712 266855 88855 525491 343541 96912 147870 505746 189828 328963 103459 250344 432319 362272 467590 362457 365784 417761 322359 193986 486350 87649 166018 102641 511152 358192 45629 19703 3792 3535 2953 2952 460439 516852 96509 47248 6895 70325 
182.545
43
262711 285959 291627 551563 216691 348920 343906 481526 234068 398302 230344 464552 297888 329148 444213 432161 218624 288953 492486 222329 351008 200596 198365 197007 189265 174617 171929 167972 143056 141267 137450 84930 71995 60583 35030 27178 2061 518505 224837 367085 191792 87059 209528 
183.661
60
93108 317331 450221 423466 82444 247150 505886 319313 451339 523678 71100 263110 431019 336215 179730 552741 164903 522095 448196 413979 514617 90613 200813 444428 204762 173821 466313 497121 501418 274637 506919 57827 53863 49144 45882 29575 27426 20038 16249 350554 161353 552224 157183 159933 160521 518091 390500 183944 117859 201601 377336 489765 436765 334870 555365 234782 538930 338971 64547 67578 
428.668
47
111240 93964 73366 71028 70032 49139 34021 487775 340963 347769 415020 375630 520705 378492 441734 286202 238384 216729 192787 182789 162365 158367 157144 152654 150696 145122 143319 127834 140302 119059 117549 90019 47762 45302 79340 61836 44087 43362 7730 509716 411640 420837 389429 528539 276777 23422 317169 
262.495
51
237081 557656 140282 273365 321338 19076 132648 41842 560591 264533 29306 109936 482400 62145 515608 558696 496937 120062 323568 404595 437566 323080 360434 475827 127914 429904 37603 112600 22002 182121 164941 71010 416514 66138 346683 68331 180952 31156 10480 7082 5903 838 224080 51583 313091 184466 272435 88394 555623 11895 18702 
293.957
50
55883 335431 369542 153081 443981 11959 289309 143465 152786 535737 182032 177279 290845 351304 508008 296651 498579 285599 390802 359344 52794 428806 437866 231308 122198 35251 430283 501559 442687 443495 126750 345634 205507 116278 455589 546055 119982 471424 195618 153512 29331 218010 60884 490787 221976 539878 123730 395030 452255 105358 
63.854
44
207420 206186 163542 55494 3815 561558 501504 410568 384143 349727 316796 303756 300663 298470 291321 285669 262495 242398 231909 213384 184722 146128 124962 91976 81966 62721 57922 34866 34788 30392 24641 557943 551571 515488 515550 320539 234139 157010 148837 141952 82115 63869 25853 482401 
572.412
39
448989 403122 557291 342520 341249 309417 287270 279173 242489 234880 233742 195450 191636 186241 185178 169699 162268 162120 130360 127027 121008 108124 53648 53332 47843 475125 459987 405260 462680 378450 366458 344924 341029 258573 149292 142641 130616 110312 374350 
296.893
54
402270 103840 61984 336855 492713 178062 195736 105152 374363 135903 550588 174197 90113 4419 26084 504480 354725 219857 34221 368849 253122 371609 272026 332476 298977 525881 277550 156686 480725 400434 546004 491768 137784 535175 320413 550722 498916 344306 50756 403563 466076 353664 30768 337485 264172 145170 484698 104291 109260 265404 276732 326419 104595 15263 
199.827
65
437753 506211 236805 428482 483668 247608 295001 227646 308298 269047 299696 502928 456737 215867 558957 321099 548474 489567 308003 418565 483470 372453 502947 222449 250904 505241 256139 219550 298916 395005 510133 249353 523088 254154 481261 504918 487685 52520 39427 20798 337268 514041 229816 426310 524965 497864 361892 230982 514040 177416 150926 142190 116235 108670 103061 95945 92815 80407 74516 73065 72020 68956 66365 63366 204314 
151.193
50
510004 494854 492225 488883 488085 482346 444469 440769 412139 351247 347983 321898 312231 304697 299815 299773 296236 281002 279473 263356 257474 257211 231570 197297 179480 173026 152033 146645 88776 81685 81595 61837 59835 53058 9235 596 553155 545611 544765 533204 516983 504299 504293 488169 446700 423708 207064 194420 175816 559084 
303.902
49
309960 346202 306005 438491 484141 343993 452698 330500 539770 517142 406873 385135 423750 554334 539108 401700 446400 456673 294784 278333 276931 254224 244262 229195 227435 225294 223932 220992 201361 198226 194460 184769 180740 177173 172443 159092 142985 141971 136740 104999 93857 77856 74784 65296 60265 24423 18022 2695 294843 
127.835
49
234721 143396 99603 99402 59903 16256 15929 5022 552305 528824 522521 520089 519487 513508 506617 478548 469096 467544 442686 441669 429265 413932 409021 387004 381498 369434 362087 351367 338861 336635 301635 259614 255655 234819 224388 196188 182812 178707 172786 121727 95082 78657 71004 60482 54398 42674 8800 5344 559623 
93.007
50
375763 310203 479808 427086 292249 432803 333605 423670 532919 351034 434254 494907 538524 482116 506027 438844 380385 375277 311607 274829 265097 264380 253365 251654 218723 211209 185391 178596 174151 171690 165923 164204 156791 149683 145000 130890 126720 118157 108042 68640 5991 3084 1627 441328 432123 296428 358363 257937 251769 282325 
188.063
62
491106 87748 531197 340578 86207 312849 448295 286417 136162 416772 89976 316218 367610 89238 273040 123122 363749 96988 317089 364948 113969 455535 202521 318752 539477 555778 263183 387739 561091 551516 212052 374849 248824 342089 196179 159740 360417 137500 229602 547431 412228 274905 333028 428978 323794 50116 45535 7265 5886 497755 455094 127011 165719 306602 139049 493630 173976 110521 515691 59226 31646 65002 
319.553
52
295071 507756 535509 335656 444364 413165 556666 554840 357297 237383 280469 302332 458712 478295 366845 229957 413731 434299 481751 392714 298157 448123 528453 244749 300205 239899 207625 184151 176404 172703 145463 119291 116859 110343 78577 71946 64335 46829 33276 23505 4167 432128 453627 243147 381485 301443 283818 376321 206367 97666 92484 213910 
190.834
50
354373 392230 337238 387763 367861 263349 150636 139811 97065 94724 55069 53763 23560 10799 450231 450928 376676 461740 307605 364433 361864 558011 399033 301284 508047 504281 500647 380185 300429 546753 473313 555393 256625 246642 243911 239675 212649 159852 150554 148612 129532 121802 110014 81094 53726 36070 24787 274161 190241 269344 
187.528
45
12207 515807 541928 556492 418269 529294 490225 556776 494642 503813 480954 426851 375213 361742 349284 344150 301650 281693 277667 272682 255728 253735 201727 120655 115980 103891 101260 94416 91464 78945 42936 14046 458429 520452 410575 374743 374406 265188 231018 224555 168575 71800 45992 24377 397699 
309.7
50
57005 49137 43721 43088 12775 10594 5519 539457 534891 529341 491889 473232 456305 455502 442895 434065 416634 404915 404746 388469 333914 329843 290545 280849 271432 254905 238840 230975 228784 210370 199683 197358 86708 76835 65253 21573 7754 558490 503098 323625 307934 295165 275899 247533 237223 106059 93872 32897 27078 556269 
252.535
48
310040 314923 183835 62805 249521 215416 225515 292964 506175 394277 219780 148480 156535 85910 228354 129378 310977 445596 120779 500675 181626 551608 89162 159563 416910 550426 549551 502502 558391 449056 511337 253312 231193 135318 512608 186045 154945 33558 6431 203311 298682 176382 297579 381278 517298 33608 29724 42023 
270.796
51
293817 164562 267380 393753 446440 548632 441603 313264 372908 191667 551011 435679 386839 346309 172816 497653 199322 296885 122517 117618 104164 90585 84039 70363 350527 509018 365439 265846 445439 404498 530935 520636 413842 153195 137203 115213 112314 94198 63750 56132 43627 41509 27898 2704 252668 420629 457989 89987 44301 22599 147880 
338.576
44
522545 558953 342619 335498 334308 321451 303759 284920 280972 270803 262773 192680 192007 180266 173124 163900 141997 133854 88665 75174 36006 6666 1346 399600 489572 510212 496198 553024 510754 371108 403330 554894 542786 526552 485046 340771 338225 258133 245273 81733 58841 30953 29964 365295 
297.487
51
519567 538435 561643 538243 529420 404664 399524 394293 383938 374892 367514 353322 278766 226229 226349 216362 193790 131571 133976 121126 119384 108990 100616 97798 94424 57897 39738 26432 16819 10747 5226 471140 486324 491373 462693 488115 483648 508652 417957 379262 375748 360728 315545 289051 288275 277191 212948 207636 162206 3168 459940 
236.159
54
90531 457757 459478 516257 452618 460956 453513 484944 480289 532249 425545 408737 404986 402737 392571 391578 388652 370721 368883 363372 290749 276075 271819 262241 253758 245855 239611 233130 226736 225859 216655 197777 161716 159439 136938 135770 100566 75943 72072 66743 52972 52902 46274 21329 496502 537427 469522 495238 323243 316504 200867 40633 33402 451152 
145.025
51
507307 408323 495550 523897 473934 425954 407288 519966 553592 463480 409097 412618 446004 506935 507224 542038 396223 390993 390862 373502 354168 345740 319336 308383 302735 292402 273771 250993 247459 236302 228980 224337 193859 184300 180864 164037 137895 134195 128289 127614 88910 61969 50690 46277 43090 35973 25188 17497 7503 7222 397105 
80.62
49
488743 518970 529302 546282 465203 461780 436509 412352 364393 325038 295764 276565 239584 239529 228310 226064 195511 157584 151584 122057 87509 85509 76757 58484 43629 34896 28950 489419 507301 512965 460306 449042 448659 429194 426923 419690 396816 372568 337773 320728 282094 280776 240672 223977 117170 114055 84341 16350 467757 
211.17
50
463037 460816 451426 445285 440407 275945 272374 265309 229151 219828 213098 190348 182271 178360 178192 176342 127998 119770 119406 72727 67464 65932 59079 17136 2667 2350 538484 528618 501354 458955 437106 433742 421308 416463 410360 402371 381561 341662 338269 333726 325111 303674 283059 279780 236344 183113 172315 156948 99301 531577 
170.419
47
327665 322861 286617 204403 132535 112270 106860 53639 19921 513797 540508 545227 465335 539716 518716 478924 467805 521965 416610 360474 458367 353038 349614 301275 261623 264483 226489 205897 192238 176862 176284 170174 166736 144057 131247 90425 58116 10654 408634 548006 383134 443384 309498 217779 136480 128683 353048 
272.192
45
558051 340098 377630 428607 534822 537667 476178 517853 366344 355133 284818 264346 197513 193136 156179 148262 111582 87948 73458 72490 59130 49082 45817 535699 385359 445133 411180 378712 472210 412707 401072 435195 561148 448301 319268 524091 314341 295579 293686 276360 243148 156620 121744 88539 318100 
154.091
50
226520 430663 114034 21476 13597 5154 2513 239124 427299 263470 305312 212360 456723 518850 425024 422751 485502 375568 335426 449832 209118 470488 297349 220747 502101 222311 441674 452026 218400 523421 259123 253399 311553 340176 174102 158593 130193 119654 92340 87128 73409 73278 71268 49338 44602 42334 30192 22613 400 172101 
243.102
44
79176 61758 25865 553502 547040 530471 526708 528601 476197 467603 443294 437510 394362 378441 372698 371928 371855 357284 333944 332008 311504 311378 300385 281891 233905 181731 170984 144126 139798 142099 132728 127349 56252 73799 56325 24979 250 459329 424395 404390 337645 178003 1987 551909 
164.616
55
232187 273543 552511 355868 292985 503946 425071 284472 446990 476045 482823 333231 532542 202307 185127 198231 547389 279751 467271 364742 305723 279087 414198 251049 443114 504133 283274 512337 338689 151382 136650 102726 88117 67377 52264 55759 23831 25264 16438 290228 339594 334818 494698 541717 558022 285408 419553 433097 510368 199274 371899 369042 59121 5592 172379 
232.733
52
358928 388098 546866 434469 505141 429865 381133 500664 546153 351658 475565 483344 321082 281085 241255 212651 209653 190344 175906 169199 155715 134358 137317 127953 106698 98744 95943 126341 77118 70681 67124 35308 62837 45094 16977 5841 402146 463029 492965 351051 543942 400552 286548 254012 251191 156829 150788 128468 86558 83482 26704 337389 
171.033
43
352135 46868 472083 507997 510145 425078 461291 476239 480163 414210 368841 357167 310840 260251 251303 223408 215640 213386 196484 169541 168607 158050 141854 139640 136284 136125 124276 101140 78021 60802 47355 24109 18740 13601 493003 526857 412142 342915 326769 320802 191770 49443 421359 
404.029
40
175205 169543 125234 122336 78463 60922 32423 32079 1283 528684 542455 476573 461912 490184 472649 479278 492872 556831 468771 484208 558467 528172 341654 336568 316940 315678 315238 313826 277054 251295 249473 223805 217843 202005 189543 132427 126328 47224 16717 453006 
260.418
57
108076 67599 83328 339683 272337 346124 532916 442281 72887 144890 376310 6993 122038 491984 520098 152339 292305 448200 111614 106275 127903 245809 484939 329947 364172 27338 482362 540545 121901 417580 493125 505416 355308 442832 505225 461395 249822 113230 253899 249580 534259 431626 315578 378626 344520 189238 231578 354049 212401 284487 33242 299838 151224 270363 219643 145975 263576 
57.324
52
337027 319815 276794 257075 243918 223860 221045 213561 212778 208934 206637 198282 197359 195902 175755 170331 169349 161617 142358 121493 88591 78022 76155 74393 11998 6853 384 553367 529289 543810 560966 523063 520450 501449 490899 488313 478290 459836 401396 394109 392073 387871 374703 364514 364474 350462 293672 230424 200252 152444 65188 523031 
86.922
38
359142 405700 362494 356493 436885 295621 166232 95381 76319 387108 303849 453926 289212 455752 330770 499488 268169 323885 260067 259736 205637 203198 146212 120895 120687 94872 52300 47466 30848 14755 332669 483529 272904 387983 249878 153285 82555 260891 
288.709
49
505035 78933 477085 374647 297914 313054 435697 248253 431192 261971 281437 529244 444850 292125 476004 430272 385815 280229 285826 316274 333970 297060 354528 545026 248622 218311 179793 178030 166568 150820 141148 138837 134505 134239 129477 125262 121678 113279 101111 96632 93328 86023 85609 74042 69718 17611 5225 363 224042 
81.343
49
400727 537494 405015 438622 363776 237533 183039 158126 146801 143842 103516 44233 31006 11232 460099 455940 500231 462670 545744 551543 500714 447126 394999 332626 328823 318728 305571 264662 228420 220852 213490 210436 200663 191509 186194 168315 165920 126799 116867 25543 20025 485459 456076 337793 222278 181249 148946 45305 395611 
284.201
51
439717 422037 545650 439462 459760 505222 487994 430049 454918 447246 514902 423699 534030 424202 396925 385942 363282 316119 311775 320665 285473 285136 262070 275158 260175 205739 178754 149378 157513 151830 146772 138998 131381 120059 113330 107238 105948 100352 99190 88888 71034 60962 23502 15734 13943 5854 504931 340777 165691 23542 412661 
323.068
55
441479 302781 248646 246513 78783 26458 22436 4746 469232 437074 553339 545988 450945 482346 532749 494773 477750 431882 491511 442356 405550 377743 352907 329792 324632 269229 262310 259432 245821 243510 235791 229293 220300 213165 210672 202133 201248 187189 179523 156718 154195 115600 105498 102178 90735 88206 72889 69308 61104 46980 38026 30036 25770 4061 390530 
100.676
51
30851 501490 403073 393788 390217 419071 539750 535719 431772 363762 328952 442614 555168 524576 366801 527183 388395 357929 307990 372282 410068 323887 336981 372136 384090 542957 440172 296906 295867 290328 267999 256284 251465 243967 224748 197336 197250 188593 176124 168362 165275 162422 144932 134684 101657 58827 36003 30058 15345 8367 301678 
74.953
46
354046 364552 335474 462749 551060 246045 241275 239859 236736 215488 186447 177461 170855 166857 128709 116239 102321 37117 20006 16018 559286 380860 498889 325764 352710 369572 378948 336814 458965 346621 399460 437912 515274 540791 520347 363280 283927 276075 259217 228952 225924 176706 161220 128579 67150 295000 
442.054
46
391516 238843 212176 131120 91598 34375 17439 17397 5827 546459 494679 532381 540546 520398 498344 479672 438365 436477 413263 381088 381052 380219 354336 287968 266056 258447 255761 240312 228805 225638 221318 189160 187030 119936 112630 100564 96080 90553 73784 32374 30536 21649 20198 9016 1760 492819 
207.213
56
459982 286676 349483 496954 367793 416148 256183 235728 211306 171629 155674 148090 133321 130837 69414 41171 39625 536688 291498 416228 527466 477813 464560 393016 253198 357084 482716 527678 249708 501221 438337 426266 519601 492711 363329 347935 363573 446487 267617 290733 521652 262822 549411 303866 517945 235161 204109 188722 186845 181119 168173 164648 140366 88360 41515 240580 
126.432
55
409568 514143 351106 361848 532164 404322 477582 399436 500330 550069 508837 362020 456490 477521 456058 526553 314170 305624 304147 299218 281246 278084 231734 229304 227933 163425 144412 140217 113244 109743 92277 85390 84546 70579 67628 62471 51182 26159 25014 6261 377432 504989 395769 450754 468747 321451 309002 289648 251908 239114 232681 180398 151907 40097 320475 
116.763
57
450195 451740 500611 514694 448964 520962 485890 475776 525306 442219 546022 534153 426067 408873 405848 404554 371691 371282 328306 325869 325853 318414 317577 315385 310713 293082 278887 271656 266551 235927 220419 198496 198364 189876 185297 178715 164710 152388 140839 128042 121011 116614 112874 110016 108148 101231 98937 97791 95706 79106 66669 54931 34504 30255 30228 9750 441917 
71.665
49
166697 245358 102584 93205 71458 54601 44236 39595 33807 301391 338876 190934 357761 195966 335815 196715 362244 486142 530302 425943 524717 495788 187201 254509 180024 299532 185830 135351 260635 168364 484997 231054 369392 209745 503075 550272 159118 110583 96188 85896 85021 71946 50932 39996 39994 34374 17889 16528 128273 
84.096
62
392492 347152 345565 528455 351243 427985 364562 429792 541518 387385 398651 437320 457903 361799 397208 378829 471765 343910 399537 536209 525683 497112 373682 505707 335078 416730 354625 328837 300052 296798 292363 290710 287901 268498 266301 261808 261702 247684 209828 198754 181219 177198 173731 153986 152528 130989 126229 122320 108169 107373 104106 98774 94429 84071 82735 81625 70061 58656 43695 37136 2161 303550 
72.79
44
456927 551173 458115 534215 420012 464808 504065 494760 470344 509695 450998 557022 466136 377936 371978 352691 350539 349565 337109 333704 329796 315872 305545 293162 291982 260377 249768 243126 222990 222796 220956 215286 211863 189298 159756 157351 153761 123559 103583 83744 78070 55223 37590 378272 
219.264
47
194201 527372 452950 394502 410445 282863 426566 456676 214981 207771 257168 274156 318476 518170 274071 505405 510383 238371 346002 216258 531677 465091 198057 512801 507881 396873 322052 151129 144607 113957 107134 66423 59519 38818 29998 29802 7191 486417 170961 341510 491065 464487 270189 120716 93893 33819 164764 
125.609
51
520867 513566 504419 516327 530568 519775 521509 508139 495368 471985 442011 434867 281218 270407 229342 215145 214198 188724 165978 153750 135077 75902 66213 53095 21856 10098 515617 538023 541567 485251 450574 438042 431188 415290 414925 408407 381595 362503 362333 312387 309590 276767 270110 263741 256665 235764 235618 213484 202818 70465 502600 
315.999
35
342955 334167 214964 193174 203956 547153 219114 11611 519619 500438 368365 334068 56248 529462 319662 305631 130308 291017 391001 382280 382438 162669 50948 143142 298206 364805 534362 438807 36838 394774 443737 214098 64355 52846 500019 
69.967
41
539384 519607 545176 505421 520779 410184 291589 338454 405198 288221 395278 340244 352365 420286 231346 196742 195557 186976 185559 176200 176009 98632 93396 88125 84506 66694 57531 20693 426121 459688 502159 429971 515903 460215 447446 535578 260802 234973 154116 122399 265914 
135.991
64
530596 476792 435900 458127 462393 523954 406186 463850 448568 515107 420870 472872 423504 496315 519651 444267 406250 550550 537662 538627 391420 379995 379910 375594 368859 361152 357524 301766 300072 254155 236017 226922 217104 209853 207176 181937 181367 177874 166526 153691 128283 127918 122546 119553 118446 115052 112177 107288 104546 95320 88257 72110 68137 64572 64338 45455 45360 20273 18859 17810 7198 2284 1134 402079 
181.996
41
431972 425160 420955 327923 360750 435649 444640 369006 551377 528093 234771 188389 180631 118252 111564 40710 7725 545180 523951 346788 540276 376142 465447 456727 430376 415552 281767 263330 262929 257768 251854 248431 243599 216250 196657 193465 141456 124476 101779 12518 282096 
223.018
48
169196 478910 389501 451177 544111 476141 419961 519271 393414 493790 398497 434493 380656 500892 517273 485163 403515 354088 350319 345237 319632 292864 261147 259144 178262 179371 170572 138225 137968 125481 115801 105466 104568 76798 74598 64379 60446 44719 20175 19474 372026 463281 313256 308473 167288 138186 46449 355960 
193.686
59
481915 554411 549930 533306 466905 459857 433443 414904 411991 360587 357752 351738 351165 348391 335712 321880 320946 309204 304481 298364 297131 295344 293382 287425 271448 262292 255663 247145 241895 240543 223673 219241 201019 193507 191301 188766 185678 183778 183198 169688 160881 152194 139158 124578 123522 115309 101499 100892 99483 80253 52332 43808 43370 39535 37307 30273 26010 5108 480707 
113.297
49
484941 299149 486093 294780 437832 433805 487810 466370 446522 437178 148922 540614 434082 429187 95630 508353 98680 38690 338849 541271 546380 521933 135906 389580 371178 543834 140873 500895 387822 325940 202066 303201 180678 193943 482595 168633 282926 312555 503152 8348 179 314431 48988 296269 486400 488657 195876 14078 27672 
218.065
48
79725 537791 503473 505126 523111 530294 416204 401870 397965 382497 361698 356012 345541 344012 343590 327277 331728 327365 326105 298927 264926 253856 260439 255669 230094 221916 205202 177360 158191 103769 74489 125114 124910 91738 75878 67976 60652 56647 23255 445756 512035 547192 333803 264568 158106 131290 129263 445309 
200.244
45
548273 561793 460396 432374 431319 423745 408456 394708 384593 342968 340909 336758 326222 278153 290409 281896 244255 231521 209014 163488 162556 156674 152970 130846 116431 125788 76809 79829 58705 53543 52526 31887 21136 14227 8705 550296 477057 487336 490463 423550 394494 328480 319291 237729 460403 
188.442
45
448922 320121 283023 235499 206262 201590 184899 162577 141261 137004 99186 80236 65586 539786 527585 478320 464985 462343 440856 440030 422936 381383 363875 352643 313974 296319 260564 199581 166673 136033 121134 76827 68150 65251 48183 534612 556814 492613 478508 474411 420164 391253 250530 225076 527703 
518.071
58
474020 385826 499589 494854 492669 388762 389733 409134 481690 489989 396216 408500 500374 298454 292453 273573 271621 258335 248395 217323 214558 200856 196263 190088 188445 175686 169581 163001 143571 136756 133478 132020 123138 121418 106733 84498 76511 69949 49659 44579 34255 30579 28280 9320 359660 384744 531117 507780 507754 560570 438664 336431 306671 303821 163492 93547 11101 350237 
300.664
49
407991 396351 558853 413377 490717 501570 381732 442497 511380 349782 341943 280693 274804 264048 164016 121687 119331 73948 56851 55708 20771 538714 542493 431029 505028 490640 490825 526124 466061 409943 457030 380461 374188 372057 371699 367935 366688 345548 335989 322943 306040 225957 192378 182537 155195 124258 48518 13497 379027 
163.152
49
148682 47334 45074 379185 498574 450375 539469 411678 455114 530920 438709 376132 425714 451579 413687 535650 514618 449526 349820 324498 320957 293846 290361 254430 241085 240108 225379 220513 217100 202589 164696 158576 104020 103527 19450 550176 504288 478968 476813 442604 352538 351528 337706 275230 239713 196846 74459 29080 366245 
175.825
