13
146 295 509 189 248 250 94 514 382 236 306 57 66 
0.689
9
516 446 379 308 276 261 223 111 542 
0.086
13
560 515 38 397 162 46 292 505 152 481 303 295 169 
0.038
11
345 171 224 366 457 62 26 245 461 93 108 
0.754
11
280 178 408 353 271 203 507 231 205 102 155 
0.293
11
399 342 309 506 211 490 323 152 84 71 243 
0.174
10
509 385 337 253 213 179 176 141 6 400 
0.555
12
187 86 353 497 553 534 65 466 249 67 48 51 
0.501
13
545 440 356 345 296 278 237 204 116 78 52 41 543 
0.172
10
436 544 521 534 334 373 537 273 22 252 
0.937
10
416 48 176 215 268 191 454 508 13 175 
0.402
10
534 547 439 412 272 270 203 190 85 515 
1.594
11
244 228 30 490 372 342 307 249 19 0 454 
1.14
11
514 479 466 553 312 515 247 200 181 149 298 
0.248
19
189 474 331 364 275 176 320 465 277 376 534 314 506 234 83 65 55 41 116 
1.895
13
517 478 457 436 326 317 254 229 190 180 121 15 481 
0.115
14
403 558 417 419 460 540 359 215 83 77 58 36 32 401 
0.265
15
528 329 485 428 353 458 266 262 232 179 164 129 65 11 280 
0.123
12
255 130 293 258 342 531 45 406 50 389 511 69 
0.037
10
453 368 500 303 174 172 110 88 87 312 
0.399
13
434 486 68 531 395 418 180 326 240 189 558 13 173 
0.262
16
373 25 506 523 535 406 368 324 278 187 181 133 98 72 20 389 
0.85
13
189 557 172 337 235 94 460 242 365 550 491 294 21 
0.039
13
234 13 138 479 314 21 46 532 77 35 195 20 194 
0.038
13
529 440 543 536 419 415 405 272 204 172 121 108 423 
0.222
13
500 511 481 524 429 421 366 257 220 215 122 49 440 
0.42
13
159 46 214 6 244 95 167 157 303 333 30 27 35 
0.662
13
268 482 350 276 254 249 200 89 79 70 19 10 453 
0.464
9
366 415 300 423 307 247 161 77 199 
0.283
13
442 238 114 81 323 274 103 78 265 255 167 47 56 
0.212
10
250 419 443 379 317 314 305 220 88 389 
0.113
14
327 448 439 268 362 193 228 180 104 98 91 51 23 190 
0.706
13
506 373 356 396 490 418 548 215 208 147 40 26 314 
0.184
14
132 272 375 468 156 265 483 430 324 196 285 137 28 63 
0.319
13
199 130 429 329 309 258 536 319 333 387 158 8 201 
0.962
14
261 82 282 438 185 275 503 250 407 283 223 213 4 148 
0.577
12
357 474 413 401 319 254 249 221 46 40 30 343 
0.157
11
484 378 325 290 215 208 141 102 5 4 460 
1.145
10
424 556 507 439 417 323 217 385 194 199 
1.429
13
549 490 496 473 293 245 183 139 134 41 33 10 313 
0.179
12
468 219 45 537 376 394 493 171 324 110 105 160 
1.22
12
413 495 501 466 325 272 204 170 123 58 37 338 
0.18
12
509 453 552 494 379 464 280 240 198 164 124 376 
0.514
9
424 261 60 479 243 309 87 14 183 
0.221
12
517 351 458 391 495 219 162 139 64 29 23 230 
0.19
13
384 413 464 488 417 221 284 339 407 216 157 142 253 
0.66
13
392 38 555 414 317 298 288 261 161 144 115 14 510 
1.054
12
477 553 524 327 479 352 474 484 207 124 96 223 
0.327
14
78 559 294 5 368 469 265 146 22 305 362 334 6 18 
1.018
14
499 491 542 451 398 379 286 274 232 183 135 106 15 425 
0.186
11
511 491 442 410 407 371 320 257 240 220 522 
1.269
10
517 521 502 500 449 379 267 260 210 509 
0.509
11
247 448 334 533 95 239 407 157 70 45 90 
0.384
10
236 229 462 491 326 296 240 214 40 357 
0.661
12
512 86 238 507 505 444 332 265 257 71 8 205 
0.554
13
279 514 370 156 207 165 265 102 363 379 348 262 18 
0.273
12
380 411 392 534 426 327 311 215 151 104 81 364 
0.082
10
304 480 318 303 516 180 139 121 27 288 
0.354
11
420 532 379 365 335 369 381 257 118 99 309 
0.516
9
298 460 325 275 350 281 199 180 208 
0.125
12
438 180 82 531 433 371 288 251 179 149 38 516 
0.397
10
310 558 403 468 339 205 195 177 53 292 
0.639
14
541 454 313 359 466 519 508 303 450 211 174 146 48 302 
0.188
15
548 538 504 317 305 282 238 160 150 126 125 72 28 0 354 
0.569
11
168 514 495 358 346 548 403 321 101 8 165 
0.731
12
547 258 126 79 135 171 309 348 274 240 210 68 
0.038
18
457 535 496 481 413 480 477 341 330 329 327 326 320 308 259 162 64 412 
0.698
13
310 245 488 486 309 246 383 156 169 173 152 138 154 
0.254
11
520 468 500 411 280 221 145 74 57 42 284 
0.793
12
510 365 546 542 306 425 533 145 109 88 85 252 
0.763
10
217 396 331 225 161 428 390 113 36 159 
0.08
10
514 475 504 395 382 372 320 275 237 412 
0.507
9
559 505 542 517 432 245 67 3 446 
0.667
12
326 403 364 491 463 462 467 531 180 178 109 288 
0.165
16
470 482 384 348 325 317 273 252 193 146 134 131 63 58 11 427 
0.315
16
487 486 542 423 547 517 340 294 216 192 162 91 84 26 22 393 
0.404
9
511 179 94 466 369 161 80 72 174 
0.892
14
334 120 20 282 252 110 130 254 138 326 162 102 358 28 
0.038
14
289 530 391 285 324 30 116 220 313 225 339 208 212 12 
0.039
18
561 119 96 25 100 287 447 111 250 59 550 185 506 154 184 217 326 77 
0.04
14
261 237 306 323 265 430 280 433 361 149 99 39 26 114 
0.552
12
384 273 125 497 548 357 523 506 551 205 32 308 
0.262
11
519 406 446 167 294 558 391 197 211 36 113 
0.623
16
181 54 30 554 529 539 501 338 333 267 249 236 223 200 3 380 
0.435
12
267 477 412 416 513 468 223 214 79 73 51 261 
0.654
12
559 149 375 325 32 106 341 62 309 310 23 61 
1.156
15
442 394 333 487 264 418 467 534 514 412 499 139 118 55 230 
0.301
9
357 458 454 316 426 435 403 111 246 
0.201
12
261 475 510 342 291 311 175 109 87 61 2 179 
0.342
10
377 157 385 546 515 314 68 164 472 533 
0.038
12
522 516 454 555 429 416 404 376 313 265 202 442 
0.111
12
546 466 375 281 274 251 248 214 174 153 84 544 
0.219
12
167 547 473 432 320 308 285 249 217 175 83 518 
1.036
14
444 513 397 342 319 238 232 205 168 86 35 28 21 329 
0.107
11
559 524 338 539 512 310 293 225 145 93 331 
0.385
14
404 447 366 507 356 343 533 248 178 163 130 70 69 247 
0.823
11
131 276 474 550 492 494 428 156 85 60 236 
0.489
10
182 96 140 227 515 443 36 107 510 26 
0.038
11
481 532 145 334 539 380 548 335 289 116 316 
0.454
14
362 165 118 450 526 442 400 339 302 217 189 16 4 431 
1.093
