32
65379 65090 63209 62541 61507 57092 56796 55373 54940 51759 46873 45419 39019 34713 34667 33163 29833 26430 26294 26166 23698 21046 19427 19421 18604 18285 18264 15119 11889 7394 6997 65437 
16.197
28
32323 40167 52866 28255 24859 18064 12244 10101 7522 6243 5669 4216 61843 40173 48529 61960 47054 33348 74303 59459 37249 45500 46769 51967 35111 73007 2535 30441 
22.86
40
43531 67320 21247 21047 12718 39601 71556 68575 32913 16666 66296 46305 17926 21258 69260 36067 6455 28051 9684 30253 30836 22642 25483 12975 30073 8126 62156 47580 65467 64432 22598 10363 44133 56070 12497 14694 32555 20919 39148 52146 
4.168
28
55715 46576 61680 49768 50229 63954 41235 38726 73508 31490 31239 26791 26286 21932 17255 17106 3612 718 64876 44427 60193 56105 68672 28410 20518 11822 1188 37266 
35.436
30
59040 32523 59076 60024 71606 69739 68566 29797 25808 36360 36296 55126 57470 37945 18113 71986 31774 18664 16049 12502 7136 65109 68036 57921 40078 17691 32531 10284 8914 17220 
24.781
37
63018 62016 66077 64910 68389 59623 66683 56284 52587 72950 70041 68273 51486 73064 48810 38958 32059 31165 25175 20397 18956 13838 8073 5213 5064 57015 56472 34805 32326 31495 25657 18351 13149 10522 9418 4627 51253 
13.577
30
39032 21086 72256 52055 67994 61712 34418 70180 69362 70208 59465 42219 39681 51496 28071 33659 60911 25243 65127 14049 13600 11343 10974 9419 55071 65797 25148 39080 12373 18409 
48.018
37
62569 15541 72800 49188 74209 29028 52822 39761 64957 42974 70374 27014 51587 61075 34000 59526 20829 31207 24476 48293 53109 62885 24741 25917 23174 72234 48557 46170 12428 38950 23645 62877 16836 6796 6733 4948 8663 
11.788
30
22581 20618 6858 5846 39980 27453 52720 33968 62321 30097 64797 54920 69810 62991 39424 53796 39090 67823 26270 25194 59812 45002 43840 69984 54262 25164 21278 20632 5935 23218 
35.439
33
20819 11735 10450 9999 7552 49585 71123 69187 59638 49200 48621 45419 67133 34182 33673 7653 6360 1205 70977 54393 48634 69106 62670 74032 64594 39485 39022 22528 13836 9830 9664 3444 39616 
37.969
30
7157 35821 25133 58548 27262 7984 56082 54978 21152 29287 41666 44078 52894 18326 35517 61947 15208 26551 59705 8908 57463 64478 6856 15067 53274 59960 5434 69493 8355 16587 
4.131
36
68117 69730 67049 65251 70950 62124 60908 64205 58537 55328 50759 42279 39726 37957 37309 33821 33526 29546 28335 27963 27623 27440 26672 25842 22095 20378 15726 13840 13280 10785 9565 7241 4986 3791 1059 58626 
16.602
33
65519 59613 56202 47588 46607 44921 34325 29607 28234 23467 19962 18922 18814 8645 4982 4600 2936 640 67698 65782 63840 60956 57730 51827 48742 38077 37445 31669 28476 26868 26853 9612 70235 
59.992
33
22429 35871 55155 63211 66278 32651 60660 45673 57319 17937 24801 57129 71476 19823 58249 69663 69458 40723 37104 73249 63299 44408 27139 18895 22809 46497 21649 62930 30997 7173 5156 3558 14194 
6.95
41
47479 53981 50449 41915 61321 44141 50852 71036 52078 50579 61079 68743 52802 65371 38603 38566 37614 36621 35148 34516 30719 30014 27755 27593 24819 24678 21166 19266 16880 14715 13106 11922 10554 9622 9585 8726 6147 5474 3255 3058 39204 
10.707
34
57112 45237 42655 34021 22850 21808 18393 14135 12901 9656 5091 3522 70297 69097 63186 57405 53197 48759 48489 44797 44215 43968 39025 38539 38203 33627 24055 23851 22787 21626 16972 10373 210 71284 
12.917
29
64432 58285 67477 50205 49316 69277 65771 51435 47335 55410 46422 62360 40861 38342 30301 29462 26523 25184 25059 20255 19198 13595 12602 5999 5279 3207 2401 128 42559 
14.404
28
56397 67150 53315 57558 52182 51874 55462 64266 44215 38674 20669 19232 12091 9425 6596 3807 3073 1684 60293 73480 66991 49698 24246 20478 18761 4012 1629 50872 
15.513
29
19844 48000 48136 69884 43632 36992 11181 58571 61106 73041 38101 43440 47880 25487 66879 68440 52700 35884 65201 33913 64000 45675 66153 29376 5008 4330 3505 3289 8656 
8.083
49
69120 65602 69297 72118 55736 69140 47484 44254 40179 34286 33779 33515 33190 32711 32573 30360 27121 26433 25282 21199 20711 20404 19408 16651 16028 10837 10761 9317 8948 8824 7718 7678 7364 3515 60734 61870 66009 61736 64705 74485 73934 45035 43250 25611 12703 10412 7413 7331 48559 
54.169
31
7349 62870 57762 60110 60224 58891 55854 49540 48574 46274 42305 38511 37997 32450 22440 19738 19259 18486 6323 57654 58176 63324 52704 43016 40040 28289 10932 8980 1766 275 55874 
49.493
38
65728 63502 56026 57830 34413 30140 30095 29226 28090 27867 23996 21282 20108 18732 17669 15963 15078 10135 3285 61 60142 71192 66875 59382 55057 53239 49630 46922 46563 42696 41445 37739 37064 34101 19051 15825 10529 55558 
27.274
24
57924 24981 44833 37198 46012 29345 16589 7783 2119 64486 53728 64031 37186 38478 49800 25691 25025 19771 19467 17982 17712 13099 9821 20745 
16.055
36
68829 69118 60654 55956 55396 46436 42403 40929 40095 36273 35286 32548 32506 30106 24924 22120 18779 18659 15490 14268 9565 8689 7974 5373 1782 1659 754 112 69897 55659 53044 41815 37668 18669 18244 61968 
56.014
27
65683 55534 60455 59948 67195 64888 57779 52595 51832 47704 39205 38563 37177 33551 33304 28257 27806 27702 25956 25434 16445 15641 13495 13041 8147 7807 54329 
21.85
34
49181 62985 11062 66682 24845 31971 42855 47404 45325 55675 20403 74043 62327 48672 63606 10857 29056 55488 29380 28714 66642 5447 63751 16159 69674 65190 34867 19147 49072 37929 23883 8511 504 10318 
32.651
33
67109 71160 25634 11262 72190 13041 22105 44708 53906 45072 28486 44890 47790 32890 67686 46557 16716 35046 68684 17699 15574 54361 10247 73346 29067 50068 9604 10157 69060 51464 61954 5405 6923 
7.675
39
8043 71893 69680 68321 67663 65909 62604 61096 58719 57172 56798 52795 50437 49784 48932 40426 39385 37674 37638 37365 34797 32157 29124 27068 24363 19415 18745 18531 15273 11424 10551 10532 9994 6537 6427 5952 5017 3876 68462 
20.282
31
48002 67177 71258 34414 16707 72194 57153 47733 38978 37399 35978 32602 30342 25631 24256 24151 19770 17230 17042 16719 16301 14036 12484 10105 9094 6591 4768 2684 1621 268 44352 
10.661
24
72990 58896 53153 44974 44936 35256 35058 33683 32722 25162 22100 19863 69265 65237 74169 57982 41662 33763 30806 26422 5757 2939 2130 64638 
22.82
32
41018 45255 73258 36834 37482 74066 45182 37141 48473 26818 17577 24661 69245 18775 54344 45313 43611 47993 45637 16049 15251 14453 6629 4562 3258 3107 35606 49344 18712 60674 3231 16224 
21.082
28
61519 69598 68105 62413 61803 54615 50640 45484 43203 42847 40581 38439 36887 36337 35095 33553 28546 23632 21982 17987 14872 14668 13376 13011 12190 5706 589 56694 
14.762
37
23263 43458 59702 19360 54791 69917 42804 36297 44159 13896 30545 16321 42535 42188 54533 9830 7735 3779 2363 62084 58541 55344 36300 64267 28735 39651 60136 29345 39272 37601 25082 25654 57696 73745 35561 2412 11776 
36.287
35
63556 45539 47536 60979 25874 24120 22502 17338 12174 6418 3896 40874 68935 65199 65152 56588 70962 61079 42346 37310 37517 51928 63870 66366 64003 29572 24053 15779 13541 13182 7883 2643 2320 2218 33677 
21.967
26
38844 25663 25367 23572 16029 11289 10689 5265 72495 58655 71547 56628 66315 54811 68392 66509 49365 69155 48336 51726 66430 36435 29231 26723 24055 40088 
24.446
36
38494 25775 31687 70608 57860 16140 72261 35068 17043 62570 63719 17325 64398 71147 70192 47483 52263 74467 19463 38686 69468 33258 6857 5450 4426 3011 2671 2030 148 67565 52647 70445 28016 58714 11560 15645 
101.801
36
63946 57014 52714 57374 58758 50812 45702 44756 42623 41982 40511 34665 28510 28121 26303 24547 23779 21182 17232 16178 15863 13639 13372 11464 11208 7239 6934 1539 412 73689 70353 48126 39167 38703 11655 51368 
32.393
30
68401 56681 47286 58762 58415 67731 37240 59903 22591 30523 49643 28537 34446 27691 47361 23006 26398 19973 18153 17769 17515 15634 14880 14628 14551 9697 7883 7877 6551 20137 
16.897
33
69876 69010 67157 72639 63994 69461 67797 69902 55586 54970 54689 53683 44568 42081 40328 37389 30930 30598 28417 27066 26265 24710 24438 21094 20930 20806 20684 20584 11015 10377 8730 2073 57086 
37.823
33
66728 65759 60772 60333 72603 68046 46434 45224 33901 31904 31476 28477 23310 16361 14839 11237 10197 65682 72126 56314 56696 74158 59968 65349 65315 50381 49668 31739 31003 27533 21388 5405 54215 
20.373
25
59616 63139 49680 49153 46618 44688 39254 34835 23736 13317 12659 9001 4864 1248 1036 68642 68483 71994 47904 42256 39284 26704 22121 8159 54139 
29.829
31
60023 45998 44441 42333 39708 37945 33964 30795 15562 11279 10913 4295 2538 1490 72040 57508 64026 59426 57570 71093 54335 54028 52245 51239 44281 42722 35308 13916 11397 2452 54914 
23.526
29
23344 37717 35505 27396 54712 25617 33767 20088 68469 63062 73547 69429 39903 59270 40557 33711 51472 34195 48727 35685 63576 11807 9595 8682 6640 6267 5336 3845 19559 
41.759
34
43480 57170 28815 54512 72643 58722 53082 39834 67628 54864 69903 47542 22587 20100 16341 14653 13839 11679 11347 6536 1255 73071 28362 39587 35163 38792 59414 34043 57275 46367 51986 17462 17455 23052 
80.329
34
46298 44257 47334 38923 34645 33051 72432 52889 70434 48223 63523 52101 71619 73633 67512 64341 8743 49057 7699 40288 7208 65280 53027 40253 10677 43925 46648 14668 58974 18012 30988 65729 12577 9567 
4.075
38
33809 46595 56386 44916 24616 12403 62447 73886 61757 32799 50288 44436 67773 73835 47986 30150 73659 60741 66154 32503 49110 31010 67344 63325 61717 23252 19552 15528 13580 10091 9505 9033 8458 6960 6217 5569 2656 30108 
24.763
27
1505 61658 67552 62346 63185 63635 59201 57268 56741 52886 40272 39240 36736 33936 28986 28969 26143 21840 20636 19852 18640 16477 11636 11089 1657 519 59789 
18.496
32
59189 45880 38185 37312 36037 35571 33655 16985 16921 15464 14100 4744 1278 72049 72041 59655 59318 57284 49747 49707 45854 37592 34311 34131 33231 32302 26006 16999 10160 9462 1547 72367 
66.305
33
50699 27868 56334 47538 8146 42595 3065 65453 33263 5473 40227 40245 12351 12950 38711 6622 62706 71230 52274 49766 74325 27811 53446 65991 63419 18431 17158 229 59595 47070 28513 48282 74001 
11.928
36
31926 56113 6625 44138 72841 44879 67964 38268 60740 63498 42352 34743 33533 14425 44279 29616 69282 69486 60046 47697 16738 71037 61492 51123 60547 45066 51007 9495 57566 16191 73035 4367 3307 1454 385 5535 
15.465
29
72541 70679 69331 67952 67038 66595 64954 61068 54399 51316 50588 43112 40254 35263 31632 28448 27074 26845 26755 24191 21627 21316 18961 18010 17082 10098 6641 3413 72285 
4.796
36
44308 21273 15412 14653 10431 8643 8618 4699 61409 66137 69791 69374 66522 68303 58527 63070 64433 56194 53694 51127 50331 49900 49746 48617 48058 43796 37329 31561 31387 30522 28747 17691 17574 10531 1286 56734 
9.732
35
32644 51769 72171 48717 34506 67505 33494 43904 28653 59028 32067 32497 39826 65383 52563 45716 46084 66355 29652 20705 16681 16179 12959 11640 11209 11181 3723 50480 58676 28370 37097 13715 13407 2350 25069 
56.767
38
26388 18773 40752 30028 31593 28272 72954 39813 71476 64451 25196 59152 74136 25783 72907 24275 23849 23436 20445 18063 16185 14406 9385 9089 5964 2015 68810 74279 66232 34729 41740 45720 55209 69328 53412 7140 973 25129 
53.795
42
46897 46577 43461 42319 36625 35797 28335 21614 18124 15386 14397 13500 13193 12428 11004 10811 6059 66798 57594 67593 71210 73434 68514 73464 72677 73812 67816 71903 61480 51394 41979 40116 32759 32638 29279 27871 25180 20231 16616 7309 3447 54682 
13.646
25
22561 6299 72690 69664 64523 56870 53577 38221 35639 29829 29765 21734 15303 13955 12609 6842 71086 68957 66454 59842 50946 48211 38765 9593 73078 
32.604
26
58194 9693 9169 1199 70693 69425 67305 62526 60146 59961 59281 58387 56791 54920 53817 51108 45933 45836 41628 37092 26994 26872 25842 23735 3716 73015 
73.082
30
59452 37257 72750 21439 14630 14608 9617 7503 6940 3720 1950 1726 71553 38879 66238 50346 71596 67413 70300 59837 73192 55233 50584 40954 51190 73875 22727 19734 19174 35712 
13.116
33
74075 70870 69255 67860 67292 58559 56090 55028 54361 52576 52483 52205 48448 40295 39162 38497 34871 34689 30938 29029 28949 28080 27157 25597 18104 15760 15642 6721 6221 4660 4031 817 73654 
16.685
30
49574 48913 66048 55915 40976 34911 33942 28300 18551 17042 16250 14746 14676 10772 5856 5782 5293 5053 4505 1090 731 48221 74315 51308 59224 34792 33411 15178 10572 47539 
30.961
38
15904 14787 4062 2155 73132 67557 64753 64056 64043 62041 61830 60081 58003 56998 55271 54732 54267 53212 52636 51685 51081 49504 46123 44362 42498 38791 34590 33392 33029 30785 30369 29526 28988 27250 16281 5589 2622 72586 
18.393
31
65686 43475 53338 20636 58643 59899 52134 55410 50009 59096 9345 8496 7555 6960 2489 63470 28838 35209 18965 38614 29191 59890 51609 74100 43173 39146 10719 5337 2301 1069 14498 
12.967
37
42811 38592 67009 44699 56682 73840 73004 59879 20393 17099 6223 5680 4104 65064 39420 66651 41772 73180 57794 27672 42676 49143 31226 61004 32008 48275 54249 63687 32832 38525 24496 20882 14368 14353 11168 11063 27462 
28.329
25
49481 42488 73701 60015 57351 39308 51057 50663 31098 28618 25533 24946 23478 21583 21057 15753 14666 11727 9172 6199 5145 4808 68571 34794 37503 
24.7
28
52927 33151 61706 31037 39792 31315 59721 60370 58026 40531 53210 44692 13423 4641 49999 20160 18825 17956 14770 12960 11152 9189 7358 4962 4843 4558 1124 23498 
8.386
28
47534 55679 58796 41373 59114 42037 53493 17281 14509 12696 11969 10480 6711 4096 1475 56690 58982 61490 65889 32786 48273 40274 55539 41985 26692 24853 3623 28575 
19.632
34
16929 30219 56963 33366 71648 24743 44743 13310 9423 3769 94 28272 44202 62251 69095 67464 58288 41845 59101 47151 34308 35118 25158 48636 36043 29142 42147 40312 27692 24767 62524 65985 5058 16283 
16.793
30
31753 51693 24385 27098 66101 67856 29159 34508 44857 34854 55588 35437 25438 58736 52824 256 48314 21904 9184 65731 28121 2727 16394 36172 64596 7110 69393 45797 56765 16818 
12.868
33
55805 51895 27009 10393 28012 49517 37039 70589 10182 51189 36049 44400 25759 53111 19048 34301 38476 7034 59639 63958 26573 69958 29844 21942 3259 71499 4 29095 50945 6739 56785 36220 29752 
4.185
33
36278 16928 14549 14470 3366 70757 69772 73180 68311 68104 67588 65766 65314 64829 64328 63543 61871 60582 53887 53874 52591 47634 42481 36861 29219 25004 19457 16299 13193 10438 5708 4810 68803 
26.372
34
59574 68658 40373 21034 17783 15407 13156 6947 3637 2994 796 62977 46545 61827 50527 47299 52449 73396 42421 57976 72274 47868 68479 36739 33285 29791 23113 19773 15179 8810 7671 6461 4591 41901 
39.824
31
56207 49481 49118 42390 39588 36173 34382 30655 30643 28104 23706 21718 17259 16000 13445 11218 9117 7419 5273 3489 63747 58088 57651 72050 56241 56094 43411 21964 16436 2040 56794 
17.606
27
48066 43835 59023 64880 55688 59165 65897 51477 60035 69587 69454 34754 33566 32668 26204 26188 24442 22620 21221 20835 18103 17994 16834 5381 4688 4123 38646 
60.487
25
67039 70300 47643 39888 34559 32831 21177 20424 12952 10556 9560 7229 72771 69960 63706 54128 51353 48558 47611 36281 27149 27068 22439 3894 64212 
59.29
37
12167 10489 8908 7672 6388 6070 47595 26525 73679 62907 26176 49144 61258 72846 64324 22186 52859 51659 67526 35636 21491 17365 20967 43697 23228 36809 48112 35383 61031 11736 11560 10666 8384 6422 4843 1585 16193 
30.45
28
40701 63115 26614 24014 23339 7563 5136 2538 947 69839 60659 35932 44473 39081 63489 69469 51676 51491 62473 59879 60832 68358 61865 34530 34325 34216 18621 35099 
29.511
35
65885 68189 67536 73562 53867 44495 52844 55618 55984 61936 69381 57182 63096 43904 58993 38995 34506 27862 27529 27316 23641 21567 17847 17712 14887 14871 12015 10158 8877 8504 6907 4763 4686 1644 43358 
5.828
31
49121 63551 64200 66825 61719 57914 47927 71736 63095 49266 58451 73124 61729 48963 47507 47043 46788 40090 30386 29638 29602 26318 21996 20257 16664 15791 9308 8292 3426 2097 47725 
8.81
27
48518 46674 56493 55033 54231 50676 50320 51493 70116 53064 58105 72498 74232 56677 44467 41286 36313 36088 30143 28653 26085 24325 21129 19960 17369 10688 45872 
24.154
27
66776 59525 63215 72348 59219 58764 66981 58061 59963 59663 56928 54525 52127 50546 50050 46648 46431 45816 41357 39518 31507 30853 21259 20658 7749 6908 57582 
57.048
25
71193 61275 47995 46494 40848 40697 38373 37141 36627 26308 17804 17225 15191 9208 8062 1823 393 68101 58345 68498 55728 42539 36717 3961 48596 
25.876
30
59357 59578 72040 44782 33969 30627 23956 23653 21275 21044 17720 67451 68681 64063 62721 53177 48622 65230 68496 43137 59134 44386 26842 21754 17194 14866 12981 1192 142 40438 
46.042
32
33182 40698 61582 53082 65306 23502 60927 14845 60583 74430 63942 28418 49035 40579 23700 41226 28358 28428 58438 37905 185 10739 61882 20234 52583 69242 19752 13626 4776 1699 213 7020 
16.641
32
64738 63702 50699 70634 39012 31923 29975 23253 17245 14095 10775 10579 8180 8090 4807 969 166 67830 62794 64441 67781 58705 61926 44813 42116 35359 19476 18940 8046 3616 695 43400 
15.72
32
6214 6027 4321 60032 39423 43691 54868 41697 59114 63271 40347 72262 53203 41311 53043 52500 38303 35974 35462 31786 29190 26618 25824 25340 24706 23316 23287 19237 5602 2537 2346 39290 
15.069
29
68134 40898 51790 33837 47180 35242 74390 34334 54798 39417 47747 54550 52555 37456 42485 56535 29908 28311 21728 21644 15363 13021 11177 9742 8988 7906 5045 3539 32886 
11.714
35
16172 11672 22615 17875 14922 19526 56813 19319 71218 11242 72931 45783 73251 33959 59991 72321 35664 68812 62685 65222 71179 4938 68165 15595 60548 21444 53184 70271 43522 42891 32624 8668 6572 4855 10216 
28.602
39
53222 69740 42886 46422 41912 50846 73027 71306 58253 69849 60021 66177 65558 63185 41627 40792 60154 66835 72600 73784 65798 38911 37192 34793 34356 27711 27563 24040 22310 22119 15568 10999 8259 5525 5503 4289 3186 1823 39933 
19.536
31
36444 4960 20589 53095 32554 57981 44409 49099 68589 2477 5630 24658 16869 44842 60469 7401 34928 5444 36362 31932 33973 59190 39790 65633 63526 41036 4316 18825 3466 2472 4750 
4.181
39
66740 63552 68642 67116 55179 53594 52468 51521 44806 40686 39332 38617 36748 34526 33935 32443 27685 25167 23498 21017 18994 16213 14738 13653 13156 10629 6109 4643 1845 61044 71315 58329 69444 68052 18793 8467 2797 611 57234 
27.357
28
57190 30106 20482 10894 10295 7854 1098 71134 68540 67043 67436 61234 51972 50612 47787 45582 43707 41508 40658 31917 31376 30452 21518 14990 14921 14631 5534 65079 
27.945
34
40527 31595 45922 33650 16744 49704 43299 59811 35754 22466 22763 22277 59808 33207 60007 71568 52478 62549 45104 36133 37039 64074 24223 60936 44408 11687 8356 7506 6022 5602 4459 3097 219 12185 
25.027
30
70041 26458 42980 37270 64184 43194 60390 65456 74413 41429 40369 44157 50740 54963 66683 47526 45622 24040 22321 21141 16486 14061 13787 13524 12931 6526 6405 5750 2324 25455 
22.94
30
41010 72720 47647 26833 46691 24090 47958 61931 18910 73504 36963 37190 53191 74366 68404 32758 70556 52249 53624 26267 41620 67106 14707 12661 8718 6214 4825 3151 2844 16713 
7.087
34
68135 68063 54913 58415 60904 60684 73984 66255 65369 57701 53440 52564 51569 44661 41409 40624 38936 38002 37883 36163 35445 27553 21546 18951 16052 13851 10779 10199 9018 7918 7432 5778 5334 53767 
22.266
34
64422 42768 66538 50296 73975 69049 68835 59912 55997 65484 50798 43703 39712 37695 30253 28095 24242 21110 20014 19797 18595 18476 16355 15488 15283 14516 13210 10570 9551 7487 5392 3809 1830 42675 
22.109
30
17783 50776 46195 67336 64165 55159 17823 32585 30658 44655 47260 43253 71510 69262 32441 47783 26343 37465 48231 28700 27954 15603 47581 45017 27172 19563 29990 19026 11101 15951 
106.095
35
64734 66618 31022 38942 58276 37060 61537 30772 50038 66846 16956 31530 62015 48660 13014 55347 22520 22073 45568 69879 11233 9710 6384 6263 5833 5025 2949 1193 34051 18122 65478 42211 11205 167 12972 
27.068
32
73527 59071 10589 8763 8710 46653 33528 70955 40799 48495 43964 68684 37695 72552 66379 20899 19054 10896 10830 10578 9642 8248 7013 4748 4704 2904 64970 30077 42602 49493 244 22463 
59.765
36
60119 28299 63262 10382 46307 67276 17609 32036 17881 39297 36973 55918 15197 44645 13231 28773 12452 19265 39336 71244 38515 61049 6320 2253 13119 54441 27377 46736 68313 34867 47520 7101 2459 2005 249 10269 
18.853
