18
1996 1542 534 6108 7205 5456 4991 4470 4064 3515 3008 2674 2094 1912 1280 634 250 5576 
2.052
22
695 2929 7024 7160 6110 5785 4269 6667 2675 3343 6311 877 2994 2224 7089 6432 837 7441 470 454 191 504 
1.482
21
4578 1264 339 7439 6611 4926 1514 408 5961 4445 185 4364 3091 1128 3459 7133 4583 4118 4 2660 2652 
0.386
26
6973 4818 6351 6541 5402 6080 7441 4651 4581 5243 4474 5577 7148 5924 3667 3625 3508 3342 2667 2275 1879 1818 1489 1407 989 3878 
1.01
21
6078 7040 5460 4276 1297 7274 6372 6222 6001 5962 5888 4604 3681 3588 3455 3442 2862 1310 1306 1003 6034 
4.491
22
4342 6473 7252 6908 7285 4138 1420 1380 1293 439 5225 2794 2711 6469 5587 2615 6961 3206 2169 760 94 2584 
4.788
20
1552 2616 5122 7147 6466 5460 7096 2938 3999 6681 2949 4330 4176 6003 5197 4997 6856 1147 196 1915 
2.499
19
1438 1120 7080 7320 6784 6492 6286 6184 6180 6066 5318 5306 5158 4396 2979 2773 1670 73 6606 
7.637
16
6017 6399 4494 6105 3389 2896 2220 935 5421 7438 5163 7167 2697 2447 742 4159 
7.127
20
5982 7315 5984 3380 3114 2476 4872 7330 6200 5150 5776 6474 4300 7053 5291 6204 5300 3198 2904 3563 
10.283
19
7263 4511 4427 3701 6423 5858 1064 803 13 5476 2694 6987 4007 1589 3707 1643 581 41 1408 
1.717
23
6947 5250 4474 6699 5106 6595 6166 7035 7075 7259 4816 5404 6046 2996 2580 1899 1591 1326 117 85 64 22 3055 
0.899
22
3335 2118 1834 7094 6710 6247 6037 5705 5557 5094 4988 4980 4757 4594 4218 3937 3392 2680 2651 1169 794 7339 
2.86
16
6128 6207 5011 4837 3655 3577 3437 3183 3012 2946 2345 2079 1015 814 379 5268 
2.837
24
5514 7192 5526 7307 5286 4990 4971 4728 4601 4363 4307 3515 3487 3418 3259 2820 2751 1973 674 572 559 347 273 5147 
0.879
19
858 5352 3936 5827 7243 3898 4502 6890 6120 621 7002 6830 3230 5555 7114 5359 2443 970 2744 
6.523
16
771 2141 4386 2235 4678 2424 4638 4759 6221 5583 3273 1436 6255 6405 4404 4039 
0.386
19
453 4472 4757 2871 6115 6721 5615 4116 6850 2650 5592 4182 7270 6769 2408 4948 3181 943 1689 
11.69
18
6713 6632 6427 6182 5388 6725 4598 3675 3539 3487 3327 2632 2101 1955 1548 1061 501 5134 
4.315
17
7270 4619 6624 2245 2213 6069 6457 4845 3739 7316 5469 6933 2976 1293 528 71 3613 
10.218
16
6235 7404 6325 5705 7317 3965 3928 3861 2866 2138 1480 1292 285 243 184 5470 
3.95
19
7117 5131 5399 6345 6297 7188 5778 4187 3732 3715 3559 3319 3209 3033 2754 1438 1185 227 4741 
9.005
19
4745 3886 2050 1722 913 673 6915 6682 6299 4386 3495 2669 2579 2447 2249 2200 2070 1658 6875 
3.964
19
6835 6470 6711 6232 7447 5599 5290 5065 4631 4585 4573 3794 3724 2323 1790 1448 1066 979 5718 
1.531
18
5506 6552 6445 4305 4137 4558 612 363 226 76 3304 3875 2492 1037 598 265 58 1717 
7.846
25
2493 2046 1307 1257 1063 474 6841 6540 7415 7301 7342 6816 6007 5501 5024 4697 4165 4012 3158 2081 711 623 363 0 6363 
8.332
16
5765 4217 3680 2517 1625 5368 5733 7422 7398 4701 3807 2301 1643 1212 469 4410 
2.718
20
6470 3626 4252 4595 5552 4766 4853 6292 4168 6815 3515 2852 2287 2242 1571 911 724 205 51 3569 
0.598
18
4207 3609 3417 3611 2393 1898 439 4099 7442 6568 5809 5519 6263 6712 4144 2409 1735 3162 
8.116
16
5388 6086 5852 4158 3027 2951 2918 2180 6171 6858 4232 5387 5158 3437 1578 4002 
11.491
18
2489 2343 7418 7442 7051 6152 5743 5525 4981 4412 2965 2078 1775 1419 456 278 272 7341 
1.406
24
2512 5992 2231 2348 6213 5407 5449 1992 1261 760 736 197 4794 6136 5445 6429 6559 3131 7121 2396 7067 1611 23 1984 
4.105
16
2138 1906 7074 4918 4396 7330 5841 4206 5964 3796 3251 1565 1117 637 554 2644 
0.946
21
4814 6496 7212 6863 6876 6745 3031 2461 1983 1763 645 4571 5587 6205 6820 5709 7313 2534 1590 1163 3984 
7.913
24
5895 3833 5925 2709 2548 3433 3012 4525 4694 6543 3639 1750 1658 7238 6326 5533 2612 6652 5222 3065 1681 800 781 2522 
6.099
22
84 7091 6857 6484 6437 6365 5990 5654 5532 5112 4993 4640 3853 3670 3535 3487 3035 2662 2658 2412 2293 7388 
8.035
16
5072 4482 4303 1328 5995 7363 5286 4835 4688 4235 4210 3872 2739 2270 1342 5566 
7.686
18
817 5835 3203 5874 2693 1585 2620 2960 1346 2652 843 2550 5648 787 425 7317 404 4158 
0.626
19
4866 4431 6429 4734 7310 4070 7394 5119 4029 3920 3715 2824 2727 1930 1723 939 814 588 3933 
3.159
23
6178 7225 6267 6886 7136 5009 4835 4817 4302 4182 4107 4053 3802 3531 3459 2430 2407 2029 2021 1608 547 401 5360 
2.844
17
3712 3623 672 5947 6457 5875 6510 5292 5189 4943 4010 3739 2095 1918 784 566 5783 
14.729
17
5563 4666 4013 3092 2813 2627 5610 5229 6621 4894 4791 2916 2445 2060 1190 1067 4908 
6.833
22
4422 5061 6429 6378 5972 6808 5810 5288 6333 5390 4518 6027 7105 3298 3243 3216 2611 1949 1224 1214 409 3463 
0.655
17
2642 3322 1099 6020 3543 4883 2047 723 2471 5028 939 4961 1525 5682 599 2104 2987 
0.578
16
6901 2361 1402 1106 5950 6948 5603 5301 3543 2519 2511 1251 1049 783 532 4996 
2.659
21
224 7103 4262 6265 4246 4011 3426 2668 5339 3840 7432 4313 6149 4723 4834 7188 4101 2683 2181 2127 3721 
8.814
16
4592 3709 703 4725 6176 4014 4895 4826 6147 6586 6189 1669 1519 319 180 2135 
0.699
20
5860 5282 7384 6493 4768 2768 1620 6711 5790 6971 7217 6816 5858 6113 4401 3858 2039 1661 1177 4821 
4.828
21
667 4289 6240 5826 6073 3580 4831 4398 3092 5896 6737 6200 5422 4199 6905 2863 2197 1901 1770 718 2932 
4.72
19
5961 5636 3345 5424 7128 6229 5865 2471 3696 1255 789 601 383 4146 4926 1742 224 221 2105 
3.788
18
7069 2669 5540 7089 3725 6821 5778 4224 6789 7142 3584 2674 2018 1941 985 738 240 2176 
6.649
20
3197 2721 2141 1755 720 459 7120 6432 6588 6575 6422 7284 5471 4854 4188 4149 3628 2450 1464 5319 
5.357
22
2381 2164 7279 5073 6728 7210 6930 6273 4588 4465 4097 3589 3343 3266 3250 3037 2040 1521 1101 713 374 5070 
4.373
24
3710 4722 6623 3321 7317 4524 6115 4450 7058 3874 5442 7300 2877 6679 6274 7208 2556 2131 1028 861 517 507 330 2566 
2.023
25
3713 3186 1371 7389 5933 5712 5233 5207 4731 4474 4038 3943 3696 3141 2377 2365 2164 2140 1357 935 645 418 98 17 6492 
2.369
22
6375 6070 5094 3727 3997 6065 5225 4200 5903 4998 4962 6289 3135 2705 2692 1324 952 865 441 369 138 3275 
1.591
17
6867 3749 3423 3253 3076 1793 6996 6704 5170 4906 4051 4030 3388 982 838 289 6375 
5.149
18
3517 7361 1866 6047 5730 1870 2421 2715 3308 910 637 4063 6431 2698 5774 909 878 1589 
7.677
24
7159 3039 3752 5978 5506 3901 6666 6213 3733 4927 3777 3584 4757 4289 7164 2843 7363 4020 5667 5284 1897 1038 77 2726 
2.895
25
5724 5933 6843 6191 5410 4145 2643 3113 2270 1526 1393 904 123 5861 4650 4967 3055 6075 5963 4473 3246 3856 1134 267 2385 
5.67
20
5543 5420 3288 1909 3709 5492 6014 4911 7171 7382 1946 7417 4927 5198 7188 5517 1413 1210 383 1786 
1.687
18
5739 4992 6702 5277 5618 5940 3591 3284 3003 2744 2698 2604 1710 1615 1505 1311 489 4154 
1.423
21
2852 4392 7376 4653 4092 1739 3264 1612 5966 1307 6184 1478 1047 640 172 1926 2792 2489 5478 390 985 
13.265
20
6995 6381 6942 5585 5295 4698 4541 4320 4212 4087 3627 3617 3133 2895 2063 1578 1393 933 647 5775 
0.693
20
3554 6823 7016 7341 7150 7228 7347 7079 6110 5907 5752 5728 2696 2638 2457 1946 1163 773 55 6495 
1.842
19
5099 2139 2095 1729 728 7358 5796 4460 7277 4794 5923 5356 7286 6758 7125 3551 1550 453 4154 
2.629
23
4583 3156 4917 6762 1575 2074 5909 1708 6078 6599 6131 4828 2050 4894 3672 5308 5281 1429 1306 1278 1113 220 1474 
0.946
15
2911 6875 3844 4050 4435 3768 4701 4021 812 3606 7270 3323 2013 257 2081 
12.198
27
3702 1062 948 480 38 7407 6764 3786 2220 5931 4098 5895 4619 3869 2491 3931 3335 6612 3208 2599 5437 3299 2592 386 340 208 1871 
4.801
15
3217 2856 1954 1613 158 4513 7126 6801 5636 6450 3957 3937 3617 1998 4067 
8.82
17
2415 4023 6535 5186 759 298 5806 3486 4584 6396 4612 3045 2409 1014 2610 357 984 
4.99
22
6583 6567 6043 5072 4018 3118 2315 1116 7413 7342 7118 6740 6297 6045 5581 5157 3788 3258 2587 2168 846 7420 
4.547
25
488 6829 154 2942 6989 2317 2466 868 6397 372 2241 6221 3574 1474 680 4391 2531 5067 5019 3598 3113 1688 6740 2553 93 
4.805
19
6914 5351 3450 2935 1792 1325 977 6306 6383 6940 3829 3762 3459 2140 1385 1154 918 880 4923 
5.498
23
5211 4938 3701 3515 2845 861 5616 6303 6014 6684 7358 4961 4231 4230 4102 2890 2763 1807 1582 1266 1214 445 5483 
2.641
18
4276 718 1373 5346 7099 863 1144 209 3788 6967 5648 6852 1464 913 7251 2230 4938 3358 
0.381
17
4961 4577 3393 3266 2135 858 7285 6335 5905 5835 5693 4377 4357 3417 3149 1938 6398 
8.267
25
1069 2036 6198 7102 3455 1830 2562 3550 2291 3801 5797 5922 1635 3440 5061 4646 424 1136 4751 5442 6723 6123 5267 3220 3241 
0.392
18
6272 6294 5928 5608 3591 2092 1385 5423 4275 5598 4909 6406 4218 5530 3317 2478 313 4061 
3.915
22
3742 5732 3260 2381 1759 5498 2899 4346 5823 3134 7001 3347 3087 4529 2867 2246 1833 981 728 668 226 2887 
2.4
18
6950 5340 4867 6908 7184 4502 4415 3966 3912 3684 3548 3153 2646 2608 1939 1469 398 4577 
1.991
18
7198 2531 2439 7331 1014 6781 4811 6281 4920 2346 4741 1311 2893 1273 3899 890 59 118 
9.896
22
7023 6736 4619 4395 6122 5344 5567 4196 2167 1901 1839 1607 4916 3820 7092 4685 3164 6567 379 252 220 3133 
7.848
18
7136 5327 6409 2846 5315 5210 3719 7236 6455 6036 5944 6753 2543 2899 4186 1999 1817 2252 
6.851
16
2678 5177 6090 4674 7045 4227 4173 4048 3692 3074 2674 2565 2383 1557 740 4572 
13.358
24
4668 3981 3654 3519 1844 1509 1477 531 441 295 6864 6562 7012 6913 7006 4898 4459 3973 3357 2127 819 577 211 5645 
2.222
18
7226 6223 5519 6052 2989 6639 3299 5190 5876 2079 1780 997 5285 4164 3774 6323 387 2655 
9.995
21
5598 1695 6656 5935 2630 909 1647 284 782 2188 5886 6746 1160 307 5198 1960 5548 5495 2098 7436 7144 
0.397
17
5452 2512 7320 7076 7408 7143 4298 1469 3360 4762 4288 6416 7266 4186 964 579 731 
2.688
23
6118 3999 2850 2691 2656 2553 2050 1839 537 5535 5175 4701 4181 4132 3864 2807 2780 2465 2366 1698 1570 1295 6011 
12.535
20
3365 5974 4250 4303 1436 6736 6104 2768 5321 5933 3862 5444 3557 4002 1474 3469 1719 857 342 1020 
2.186
23
5698 2719 4495 2853 7430 5742 5808 6059 2563 6382 2708 5257 2692 6980 5444 2372 2259 2168 1963 937 847 203 2380 
3.286
16
4568 6903 4132 5196 4714 4436 1428 6532 4607 4128 5103 6898 6795 3235 913 3549 
1.739
20
4966 5004 7015 4815 2169 3678 6312 4780 4748 3345 6120 6313 6500 4162 4670 1798 1290 1027 394 2029 
2.404
16
2545 3011 5943 2708 5170 7215 1457 7353 6598 5229 5846 5427 1642 1487 932 2121 
4.227
18
5080 5232 5783 5873 6367 7263 2680 2621 2239 1798 1496 1423 1058 771 731 696 693 3346 
0.516
13
4797 6155 2419 7338 6940 6979 6495 5512 5029 2935 2924 2024 4011 
2.452
20
7077 7066 7402 5958 4326 3529 3201 2874 2728 1607 660 380 6594 6625 6019 5601 5555 2011 1803 6543 
6.119
19
6766 5355 3733 6323 3947 2603 4110 2945 2187 4157 3737 2479 5689 3185 1351 768 430 120 2066 
0.536
20
5447 4397 4307 6717 5229 6342 3208 2955 2799 2665 2606 2540 1902 1782 1558 1419 1321 1209 89 3359 
2.709
