56
717445 735582 626054 634586 622080 613576 600554 574529 509539 484670 453219 432678 429833 423228 417952 417550 405872 404277 392945 366313 365373 345886 335879 317585 311270 294656 290295 279634 267502 261574 246978 237761 221062 218254 207235 165590 150542 148128 139404 120865 116924 93107 83937 36257 636079 724698 718507 711204 627060 668107 730581 726229 674151 380971 31262 623216 
218.051
47
703858 651659 583840 471623 641681 608678 641523 706152 516137 614973 477249 488432 718220 576909 543743 626723 501038 568825 534570 413346 439201 419308 332202 303751 237501 209068 226693 180860 172111 118708 98778 79052 63886 52830 77200 38497 11290 489492 518694 607429 314969 227800 152737 131883 129284 115412 446807 
218.627
62
190565 71456 61272 51849 46339 45603 34924 29417 12289 521510 686282 731887 701105 531729 695115 508293 701311 605775 557173 584039 684607 544825 733902 607207 727565 437812 432371 409540 401589 346947 305678 300416 290068 281453 280828 170865 170531 156480 131980 110714 121240 113475 109526 90363 81757 40514 42161 659508 700628 629429 573286 614756 485120 453375 348344 335744 332192 315381 297400 250716 135205 493542 
457.799
64
147844 225268 743934 192561 255457 485084 413090 618002 677502 578266 261029 276692 364068 556869 116207 114802 108670 98507 36503 30840 1838 207477 443270 453483 147931 189047 659480 553277 739060 549747 569147 151570 238848 525664 354589 535512 574361 266940 395397 702897 218592 174917 661969 462248 437024 256184 338386 484363 609520 500163 738011 390881 623717 577513 647696 229428 507410 425398 129720 115355 100345 59398 14777 119869 
186.309
53
462266 575450 272803 638945 383191 280877 400310 396629 515005 625828 403694 555514 680017 596198 555155 375480 332351 437469 728970 439128 378565 460243 289475 442031 448186 655458 367314 244031 242284 233269 215578 188927 185959 162117 121193 112213 102789 90018 74860 52245 50792 1767 582856 632154 337000 565257 339884 732363 602288 614625 173606 4734 264812 
292.235
49
596463 710425 698065 530258 596138 406541 398419 343824 275037 233483 186826 183942 176107 164694 124358 80706 58680 55414 47190 46242 36965 24262 665280 458149 452935 595601 595826 719970 521845 615244 349068 312332 305150 280690 280574 264177 244433 198699 189951 132805 120067 47632 4685 381117 405963 391538 742001 131635 350101 
393.401
61
451523 447452 442203 396403 393185 393118 345182 322018 315264 262826 259660 258920 247988 243007 228054 218040 217285 204121 199724 189702 177126 172769 172493 126691 119989 58482 38737 38327 679718 731984 692067 727897 709033 717523 664963 612566 602438 596174 586257 576652 568340 565642 565222 561827 552393 531927 529034 510833 480966 468757 455270 413420 380746 349417 297086 283756 186904 122801 119110 93248 674375 
161.955
61
411425 701595 427300 512224 463259 731530 374709 404052 696317 330713 687560 736958 594712 549160 577317 389412 643439 607374 596160 591108 554871 483871 471468 490991 616610 656433 710773 437479 738871 577860 662318 688925 319085 404471 438723 299252 298286 278458 277777 274798 273610 248725 243033 234596 229532 197031 180639 163457 151226 95943 93193 79508 73867 71246 65996 23844 14048 11197 698105 311445 316276 
239.355
54
623126 613185 540196 490785 386941 247824 242751 228104 210244 196964 185989 182278 167837 97663 83056 79745 52630 44259 35502 738445 732733 728829 722642 717557 715737 685040 679698 668446 666123 652236 651936 621825 620032 619143 616532 603246 574686 572260 563730 532301 497446 465522 383049 376364 368035 365525 295185 239247 155863 113344 56978 11263 3268 731667 
190.306
58
97624 543273 517459 438414 674138 370731 687777 580247 117068 285321 68388 553716 431083 205281 583527 495333 500975 214686 484311 387741 48657 628897 310163 718180 142443 656059 737825 455333 494304 618796 78879 640613 308968 620504 596637 664470 641376 739566 148684 370406 542268 483926 398315 617988 570433 46109 45962 43402 42611 5787 664261 81831 382798 455714 698772 26359 20473 46814 
273.045
47
529864 715042 189981 219850 203601 537435 197832 398429 693053 139871 150988 656466 281840 661571 591712 388049 433217 149268 393232 602717 448809 279092 361027 177609 598300 331934 285197 417108 159849 254721 109902 104768 90863 78996 53264 39340 558565 358883 247166 329924 127435 606845 696283 170843 619360 59625 119980 
297.279
51
429435 414143 405110 386220 382099 376994 300522 294605 214372 173183 128870 120216 95483 71454 67510 42433 37929 630126 666395 651535 680213 601273 567480 625164 723161 667241 609203 690854 600467 692108 713332 680838 681247 545676 534975 525252 523277 521018 500909 383300 366884 295570 246488 220991 180738 176135 112711 81140 50794 27271 553667 
118.36
50
254536 407487 231144 304122 571465 397419 401509 269291 193340 171645 165457 152843 149930 134084 87168 5375 553425 713547 661127 616897 633814 588229 441891 348177 434422 385519 256706 501741 548847 509328 312534 444313 734605 334654 192424 138177 81053 79536 69289 8598 336995 561406 564614 398151 618058 715400 122177 94494 55726 230598 
514.199
50
197946 156138 47341 31928 720 600232 662514 734031 670603 700548 631545 679491 553362 737571 543299 526734 525492 520746 501852 499771 464099 445485 441699 422413 408964 406074 334168 329263 325104 305542 290445 277739 260470 213424 211047 198540 187667 165120 162824 141273 81197 12324 549710 682959 604825 334500 188190 170050 6822 548229 
259.753
45
259257 234916 213770 204446 719563 660370 702538 604177 545939 525117 531650 721268 469039 649945 451916 429326 425988 392109 381965 343899 268994 254139 253638 247019 245720 145113 134736 132633 100734 94053 78528 61097 60128 46918 18431 16377 537971 526286 712065 523945 267962 172121 79531 34963 455714 
283.674
46
630309 739257 610825 669054 559855 611392 504871 312326 295161 293721 279998 199822 172881 65805 60680 12673 732443 721192 702573 628894 388098 666694 528144 534737 444924 508993 718368 615285 304707 247174 202383 147949 147420 126129 119012 115441 107302 103534 705867 695752 620365 440372 614938 320215 280436 336494 
214.974
63
415676 404443 505591 380208 644405 399333 493956 591644 502375 431466 666242 734198 518258 514707 689828 407769 632540 449824 727342 109802 109789 17920 556130 480364 581347 427188 462932 735845 409418 726033 619036 717841 717523 597779 413110 390670 390275 542332 363311 361487 346518 336348 335102 333192 321530 315223 308622 272809 257928 255616 251652 246885 245668 230500 220815 193403 169327 153916 142072 96417 90192 29048 367070 
149.658
54
183299 46455 7801 714069 689217 667723 648959 594833 576090 576732 536633 509328 505613 481551 464534 419692 415779 415169 400956 380172 378577 349984 342519 301206 300745 277553 273196 272141 270500 264234 257669 250875 223773 220423 215171 181973 171968 127510 73964 68191 50646 736773 717753 656110 626524 625800 501449 480048 397036 355950 197192 138522 64260 726936 
306.027
52
410854 310372 664597 742630 736775 718359 440685 739851 413191 590722 702866 660806 376806 604677 487082 659084 711995 470772 396468 295145 279742 252886 205843 183734 182011 159175 149885 148023 109619 108805 85833 31624 2715 1847 504120 685086 493242 516487 645080 570693 509594 586682 672517 660504 516563 430343 230352 189740 185299 141347 114814 307675 
255.415
56
241162 298160 297023 172243 158993 231218 259070 217264 171498 255111 371985 355472 667575 698793 554534 311854 720563 273665 674621 598557 159866 358451 391182 335989 629249 577536 627899 581309 656319 430543 545449 700381 547409 566653 613751 452892 467751 519660 616764 479229 445750 136499 135720 128223 75576 36688 30518 25421 23394 18288 11443 9689 575862 208519 61958 145965 
239.968
66
567249 664791 616126 681909 663431 467681 418701 405513 393261 390036 349322 322407 269122 254321 263954 220960 232549 188204 178633 178437 143019 117805 105995 100051 98083 91889 90322 51497 48466 51731 30335 12922 7046 653840 683869 505450 627131 657524 729538 572083 612637 661758 495598 531100 496609 620424 559934 521673 604582 604938 568645 559382 641447 475071 440926 375303 359167 358614 347801 295327 243175 218703 190608 178168 124816 477348 
246.151
51
693538 440055 236974 380737 486793 702612 460917 547081 696664 81757 35472 8497 18614 271035 453362 653431 236155 699159 363547 332588 541913 297348 118229 528863 600819 684440 405482 129642 532960 649070 164653 575219 702905 476782 389149 246936 465326 516603 532012 397678 107787 34360 51563 32782 181895 709746 298035 712113 108598 25861 108744 
345.641
47
232619 530789 640977 334906 149093 187254 75266 219313 547011 191190 711756 128516 108937 511836 242983 398039 551405 120201 319525 243549 127921 720736 55012 341114 260331 652458 45192 611810 627009 75489 234822 78315 599065 350594 236488 380200 224330 96144 634350 559973 41166 110166 20918 16268 13687 1492 21049 
153.684
44
421295 722480 730143 567575 548461 707511 438212 544707 588273 582054 488814 486875 504449 401079 446602 443494 591695 608914 592553 531016 345600 308169 293289 292882 257556 237833 233475 227438 213393 187349 125194 122706 122608 85539 64555 57750 56900 48877 20708 12223 8443 6583 4042 399911 
248.196
52
273762 380188 140089 355018 113760 582281 382554 313682 733809 242267 661946 222626 722894 589934 410152 595771 346790 328569 653818 728258 640428 348855 529505 503334 174528 205469 507632 705955 662127 66358 13587 289120 385036 352516 485902 673718 498982 392761 233595 249189 694876 412179 191616 476444 228525 715992 156983 514302 357204 57025 39886 74022 
586.068
48
297969 291193 281992 164961 160890 148744 130719 93532 57458 10820 643746 703140 668986 591091 729934 697247 685542 690688 693429 611503 638279 601401 539927 527642 497867 486809 457672 424905 464785 429553 380329 366164 360150 293853 284693 283106 264189 242432 225601 193750 93710 8829 690813 620176 698926 501297 283777 577206 
276.33
48
482980 522698 329365 324370 284716 242468 233122 197083 144217 54360 35962 33326 470317 478107 545135 672039 666862 615423 524733 713181 628965 624161 553598 442051 477072 373273 670423 532245 605563 543850 744595 637990 661509 362010 334858 333383 300204 263630 258877 204010 105542 482952 417715 687294 216288 166617 138416 368361 
308.561
56
458153 644317 262483 426159 736494 533442 711088 643691 177854 142127 530796 702504 456898 508052 364957 303529 424749 381548 683843 281782 521773 457373 303766 500857 452880 514443 420323 513806 283418 639792 553137 481057 398171 744496 607781 512413 221227 193794 175207 119401 98009 81805 78715 15577 12575 640542 418080 502475 440212 688682 717695 238638 210556 58932 4112 258479 
158.571
56
496961 696841 367462 566204 167337 220827 206234 465292 134427 54220 28736 619635 469559 412144 456919 682305 561637 589854 528268 570089 497520 639818 521655 647312 308085 316259 490555 532127 370115 744292 237974 397625 330243 521611 479980 327839 665789 663418 314832 142957 119829 88632 37349 188374 246214 661483 565953 528384 504788 263866 549028 112556 92692 71844 61466 149720 
692.742
41
143142 632809 255893 364169 57379 675477 295913 457193 186684 122629 255465 546972 527378 612571 592267 449861 483265 260725 32479 224083 720603 230028 589054 538097 185755 223117 98578 431695 661915 25821 195260 20729 11762 651552 522221 191513 250870 42494 307068 11071 21499 
300.167
46
380700 137583 420058 154467 703204 205598 118510 447432 326912 704166 722761 547902 261425 555135 734054 461255 92811 662190 170699 10642 9781 99427 214743 71703 625590 661969 477915 342428 460423 289668 330124 559305 430081 244754 297149 184150 403024 662479 607067 414962 386041 471495 54124 14147 13068 36384 
299.431
42
460646 391836 628864 713767 464416 737235 675677 681629 281300 399406 608534 260656 551348 286174 253905 467208 340989 399195 229393 236635 250680 640538 455929 309692 371302 305769 408967 407571 510399 565651 499988 507384 416929 194500 152070 148888 146335 133783 47721 31914 9472 197042 
93.036
66
571892 96746 599500 495251 88026 330358 517977 102900 258247 37862 545934 360143 114942 708369 345212 738906 56134 455970 703191 96223 278811 91436 379955 454840 230604 219228 178805 64041 628668 517489 97928 644719 337464 611194 515396 251354 711564 227663 603549 717460 461014 343502 703320 441252 103235 53373 121358 439200 118877 246242 210047 352742 249826 389145 425161 602513 522213 445518 580039 240740 119349 656939 63726 15397 4807 26909 
133.075
51
298717 288766 99527 56444 26532 16411 722276 598683 591549 587915 574331 550554 548141 530828 499418 494232 483782 477164 471877 468715 425340 432685 410885 390080 369738 355724 336908 336761 296429 291404 282099 273468 254565 208151 201698 197511 131106 115923 73426 62524 40769 16525 735763 641788 626795 463624 376129 182040 82043 18209 649720 
302.451
57
633495 214154 205957 411297 361876 55558 634881 119198 360934 280781 254780 678530 267705 738822 445690 181101 82147 587262 618189 650882 427567 205126 293114 136502 291338 461653 617253 299755 26620 694186 690932 644194 113731 141948 224720 345033 36154 236321 82518 9264 518670 535273 272061 31684 690836 515089 625554 222686 457501 376670 139118 339164 201014 490192 689495 19937 20832 
165.121
56
692353 640498 374528 696154 549532 543331 585802 472349 643064 463642 409186 415140 714346 426465 480627 371908 390523 523267 600499 586672 651335 434718 480177 578810 484822 734709 364579 326733 310745 263381 217540 196388 194330 191859 182030 172232 166137 153133 113798 85665 64380 40513 38971 20155 452040 703471 530908 431228 696558 421014 455341 634871 294770 184498 172204 370940 
406.303
48
386551 549462 359470 717582 466421 590057 730739 559748 289473 256198 225406 224915 211889 208824 199153 196299 192386 189415 189077 181114 161348 146835 137015 115692 113739 99023 94973 92346 91277 77756 64375 31881 693047 357880 590256 603564 466150 743432 544801 723963 422954 564110 274105 231397 108799 83255 25931 284899 
483.696
55
709616 665280 482984 471827 496943 548032 657146 674744 742671 693444 644578 478910 635063 575865 704589 425533 408653 374141 367658 351473 326221 317684 296660 286047 277108 258244 215747 205614 177537 163086 139800 131157 116229 114922 104145 83057 77187 75438 70261 20495 17480 17161 570848 498005 538537 520024 536833 483396 716485 446671 328511 174989 125813 15013 453424 
272.185
48
246770 685440 527395 357353 285620 711607 502853 493716 309463 253436 397539 496754 744145 539164 320237 262632 323128 217219 213478 153857 135784 97205 34596 17310 3107 496 614043 734771 420465 454854 713590 395960 701990 333614 447773 533346 301856 321761 688274 391207 407200 492575 574030 182006 163702 122842 84531 242563 
220.925
47
627458 491512 97870 75411 97289 80661 67873 17191 9567 718544 681303 674632 654657 605392 562102 536205 490777 469568 448034 402380 401902 373806 349582 329290 304337 288989 279008 254992 218802 207350 153403 81640 76482 69873 70294 69675 57019 37685 26206 715359 607412 601226 485278 479377 284861 146570 684054 
610.668
58
116618 96226 92560 46428 41313 16838 5798 737314 656663 664367 733924 733989 726310 689591 693671 654041 652657 618331 593347 579128 576725 547384 531055 529668 510291 508290 472725 490292 474421 440089 410008 390664 387870 386835 379009 368014 357083 335254 288148 291603 285770 263838 247234 216908 191197 190503 189580 180807 142336 96196 67016 22587 10931 6449 659159 636513 112727 654769 
397.743
51
270432 426215 217787 208180 140187 132162 101954 85566 67335 64396 18541 5670 298972 416318 727160 673983 348808 320290 695069 718816 308648 687023 528214 676920 500866 622791 499409 313381 489182 351460 654563 258629 343499 332192 243872 430594 300751 511460 554312 202058 187112 181613 126832 73380 9704 24022 452253 391367 464104 71340 240701 
205.844
48
728304 242710 705870 466184 433292 416832 288713 402312 239366 271316 220470 741190 279841 207977 463111 366594 598615 463399 344914 721761 606803 611423 552792 661468 266280 205175 536066 342297 464493 427918 192762 229397 654794 206041 601835 167146 125134 104950 100775 92629 88175 81835 75912 58073 48628 27151 24612 152114 
148.777
43
372166 621462 267797 647637 553940 601847 246188 654321 665426 518215 278884 172581 280269 245582 715441 418423 321184 408160 176940 488735 205964 531046 447434 103824 73321 41119 38286 32706 329206 169680 392818 565063 615116 319585 293621 704058 166595 448505 530224 577446 48397 4755 111028 
129.894
46
310300 300142 294715 274644 273533 253699 213826 201846 193487 142455 138802 56782 56327 50214 39158 37556 30930 608857 696007 679635 511582 489431 455373 594410 558758 596030 576468 501505 597991 518306 439808 424226 418090 386341 352438 348004 342347 341786 320647 300634 248158 241317 192277 157224 4083 445082 
205.042
66
702250 477758 475436 632541 298757 721194 480393 602996 711173 621875 567627 490959 685181 688814 433553 737541 503178 598235 451517 716946 623288 683391 515046 317288 619940 609787 395494 338813 660717 364847 523900 550478 432142 342638 282273 234930 218783 213816 202298 200842 200293 200005 181066 162402 152314 134901 119555 117613 111282 85156 65966 29659 22685 13336 680961 374692 583729 479626 656494 723918 695863 538785 607129 219806 183325 286454 
204.131
50
465276 459059 335845 289028 288495 269863 161997 123536 110563 57815 46357 6984 570655 654554 692233 623239 649837 664438 658950 601040 523729 517803 481706 460509 362792 350843 290642 282722 221722 211885 183405 172221 114790 73684 70427 53726 27965 18041 674948 732966 709257 717134 494551 491444 474677 443137 378877 299945 74185 544138 
223.008
45
678338 506905 504012 497272 471727 405886 398599 396931 386023 373873 346148 341103 309314 306385 261411 247631 201456 158014 128980 99712 89682 36023 26664 655488 532140 592188 731721 533676 715221 716008 710086 578625 613583 622443 552717 624223 468509 468371 464416 354240 339410 334301 301186 206803 528224 
297.442
47
504922 29840 391744 452417 359598 592057 565774 600697 456511 575027 570982 722170 332830 488045 736602 406933 428813 582118 456009 433439 454788 723912 523127 285398 253134 241820 141388 121751 112229 102646 76547 56940 37559 35264 22828 3897 349647 382574 598359 727920 341084 346440 243798 97907 75580 8446 332254 
316.347
50
86535 62749 8954 713725 707471 697399 663456 622170 619302 581110 568144 560975 529585 523081 506068 504694 501468 493364 478572 477366 477292 458641 413916 408105 405344 405250 393682 382082 346236 307788 285295 227474 183241 163354 151755 77092 51282 18584 6348 704399 674592 636871 599131 594295 583764 572194 453719 271547 225459 715571 
497.748
62
634044 626114 558059 543436 511960 506954 493438 389481 367485 338234 323497 323112 316333 306022 295574 292446 267432 266157 261387 211668 208632 206657 194701 184859 147348 111820 105084 100572 94353 75267 71526 60461 56530 43015 36319 18287 15092 12242 727161 706337 704441 739048 679465 723427 669075 651244 628090 613860 603556 572251 543674 529993 528714 392736 359223 356799 353713 334682 214294 143317 120010 673144 
262.563
50
548013 212384 158733 429188 364689 196821 423596 485631 550036 524472 305134 188103 441902 494913 227489 632548 191906 327775 403383 520831 726733 311050 626272 402122 382504 91028 39786 3088 507514 184750 196669 166447 681894 170154 478199 361477 659352 159182 733747 111329 83833 81805 75201 64400 49779 35720 27583 19607 18736 112249 
215.616
49
543498 456214 390165 373698 344038 313362 303004 273570 244197 183508 164078 151350 45925 743514 682331 667628 659707 639022 630632 617337 607884 595230 579902 524914 480714 387907 382441 374544 352344 344770 341172 317334 307982 318708 217862 178322 736847 696043 656967 652948 534930 525616 511071 497548 394361 306596 182963 22127 709574 
370.917
52
589257 319073 572425 584000 452501 231032 372530 399121 663461 72899 439498 201141 215354 205314 489980 627138 275644 183796 120323 308607 507320 353948 111084 739421 343461 226017 458282 606207 421603 523996 461226 171755 220374 226915 245477 553041 51510 1284 339568 394409 308817 310963 464489 456504 137903 649129 327676 422823 524858 43716 27902 70421 
278.022
56
374318 353231 337074 300184 295395 215764 193435 186320 140580 118067 57261 53331 26181 22516 8610 621015 600036 716638 620379 525473 478714 688670 440118 502143 629422 538271 524670 504572 738231 404958 591332 659973 684001 455812 444144 738817 395758 484730 460480 516799 323063 293402 88697 2164 635288 569716 558840 516048 505860 664365 365904 260277 240486 120860 3172 376857 
209.241
47
655237 635950 619445 719160 519175 506904 712012 672053 602282 611398 587620 688833 698770 484838 477212 465067 442361 440189 394187 387509 376708 369529 346623 304106 289014 234115 231954 199265 169343 119352 103366 95890 91857 77033 66896 63697 62657 61537 44972 40489 34474 625056 398417 363940 279589 10405 492751 
203.146
56
519742 624661 605870 728309 733979 475513 384676 554925 396376 701420 628972 465619 341142 615013 298817 737724 350031 356668 392016 306585 571300 416116 278838 249353 225668 219447 200097 193494 171796 167102 165989 164059 161838 138587 134300 130994 102882 79601 41938 29094 16369 9620 373142 340257 312066 643583 334238 488710 664073 550780 487050 683683 272145 61080 28159 279829 
279.849
48
113847 733353 689790 677533 654486 649850 600569 632284 623824 609816 584504 566567 505396 429063 411296 403617 389647 368604 336710 317032 226527 234918 234123 226768 210047 184449 166538 134492 130509 91600 117091 81680 27434 18840 663848 658034 657791 642775 639857 560993 534673 495830 475046 411435 381696 375552 166647 704536 
581.36
58
289770 285858 270668 243653 217710 210971 176855 151252 147219 94974 66373 65554 33710 22423 740832 668648 637433 635428 677915 617216 610645 578394 576210 573100 566556 547297 539153 537357 534878 529738 508210 502063 484922 476292 473538 463878 462288 453350 435972 428573 425878 415656 407426 401970 383997 379288 360337 349131 347635 325089 263839 255291 214363 155757 140792 50572 31501 612709 
217.942
56
526515 662049 728127 551050 626045 535548 633159 734960 638537 638763 596198 427917 419228 403815 339044 335333 317320 311699 308992 281678 281523 279344 259564 257125 251522 241519 226249 222848 187494 174548 172333 126165 91738 66388 39465 26070 21151 10962 532143 626892 641816 618504 536387 516284 460505 728451 467439 656297 541155 740404 604642 428784 296813 143654 23807 439384 
249.97
47
613791 647766 549294 632743 697101 664655 320719 720588 510214 469583 349584 311737 503300 361088 387824 580158 676044 236129 210351 189131 175730 117569 108028 105050 102307 79128 51372 43022 30262 20795 19782 917 502579 698628 509245 353379 460608 678220 568660 369353 682769 164973 144983 118979 68203 35517 267422 
541.281
52
714689 614782 612828 606082 605847 571748 552178 518807 454205 414851 391549 382230 364738 337004 284693 274251 257739 233879 232033 226518 196612 196368 192075 189773 188279 178778 155854 138620 131609 120279 119461 104700 96348 27766 24323 21946 13906 13192 5311 668241 743657 463290 458478 452732 330985 285637 282433 236205 188677 62991 10343 642149 
321.882
50
244643 214675 214296 737063 715884 655649 617290 585753 585247 584476 575691 571602 556328 548922 531181 500958 492966 463962 417785 399275 340588 334088 320995 302747 285110 280906 271234 255587 222831 210159 209591 193178 193100 179241 175952 169597 165757 152670 124488 72097 64886 734347 574616 515554 422002 419012 378029 332810 294806 631872 
422.742
58
743612 662355 585236 571898 625785 540186 517106 495886 495801 454413 390624 380879 378449 330987 305467 272465 263921 261477 251713 251006 232673 196159 186141 177762 131155 116885 102359 88853 77690 181155 174739 164393 147570 119324 109599 96463 93177 88931 64447 17921 15002 692465 729588 650198 717776 612989 525988 500216 456228 399872 397556 339533 324796 275475 250988 230048 2893 549989 
153.517
51
571907 704962 570276 544328 533820 520234 520088 475573 458352 447694 430846 427674 412251 410849 379667 351636 324759 299545 255475 247659 231801 190147 154277 142562 142135 141318 109906 103319 103055 101979 93961 93114 78970 49100 27271 734848 650133 671932 704489 706150 630107 559758 414674 347067 207566 155376 69500 22938 14839 10737 564776 
347.393
54
700774 386343 538129 454495 142906 105930 14420 7586 445847 443123 570503 442954 475644 435939 256545 641980 732529 438773 638855 731387 542681 246716 698392 471906 626878 250167 522068 377337 710050 419270 394714 610936 557551 406992 387832 204368 225754 122128 120003 116555 74794 60796 24420 18576 497486 400361 593217 464622 426726 479242 197841 153333 101845 231419 
395.213
46
97130 741455 686214 676745 655017 621518 610262 558148 551445 528460 520914 513695 502309 486310 481626 453016 449337 403982 355705 345654 328947 322626 313931 283120 272297 253886 237728 202758 162246 130629 126951 139464 78535 53711 28107 21991 721134 687189 594411 537829 487117 249968 75567 14536 12363 727763 
200.849
63
278357 45599 8339 150124 85520 226236 672791 632786 462782 192230 692974 23180 203715 212277 657236 180478 489254 645933 116414 131620 645693 576654 493511 157516 313634 198121 248951 344409 526862 731868 238458 7499 4768 99119 271701 550280 610910 637430 214846 362105 543912 727966 386290 360960 219957 413820 323391 337456 179188 70606 31990 358813 689477 208167 233034 164186 548544 422354 133433 132902 105161 2341 3042 
440.237
57
709423 738484 598067 588897 562427 559719 556621 512999 443900 424403 415655 406548 384450 361570 357292 345282 316498 308379 299428 299022 272798 270511 266088 262537 257774 256260 230980 221776 206869 188845 179205 170537 146399 119698 93959 61992 15953 681940 714486 725740 678632 689418 681419 670768 741736 576415 555520 535173 530679 528337 521015 491457 491319 400731 392438 231350 625646 
254.897
54
419778 381279 369814 282962 260842 189421 155940 155926 129410 90987 88903 81855 697928 711130 686710 646329 609554 713750 668670 651352 672207 714103 590766 547802 535468 533955 530600 511251 490722 461608 435976 433374 353577 271190 270818 248730 219410 153639 88845 17690 10588 4221 697958 616119 711322 596755 559391 554530 448852 371734 368381 272391 91537 596988 
216.753
58
527900 469933 642487 269570 472993 297883 560034 653794 604059 738470 537943 278211 607851 347236 274262 541793 662684 306779 552405 724830 282548 437752 509405 587531 544141 744895 481970 655788 658092 303972 560294 327916 681362 556031 727732 222341 159198 146972 142413 135675 113481 109974 95562 90859 79565 69656 41849 20646 374346 307612 346288 259417 523779 450090 418093 364857 132908 250460 
356.19
48
329416 526605 507298 468919 428112 737907 407507 326557 558395 349640 730550 683079 315070 628499 422371 734286 241254 640415 167468 165034 269201 678026 515961 279842 643975 256313 128599 123942 113954 101527 82921 80314 50651 38901 37373 21496 739779 527053 350932 444481 676131 551821 467383 187966 293557 79630 33903 137318 
156.006
58
56037 727577 655755 716577 686798 705011 605650 575859 568456 549626 542892 536863 524685 494811 466620 449509 449360 410037 409273 401157 358468 355990 346681 330414 313097 302342 259673 257682 247163 210459 166498 164596 149555 148492 130277 88975 88163 71277 30621 693998 651951 679305 723073 716997 645051 536773 447729 444757 438075 413117 376423 361575 343739 331790 254501 243170 205074 649438 
232.311
55
341948 377276 399418 247237 227371 211148 204454 169994 162052 157335 140481 107646 67481 60505 51999 42860 1184 637868 341118 614734 341354 459445 470341 492950 267704 545533 303463 634947 347854 355905 504723 515251 408968 620963 689294 441703 383046 509989 690924 481654 508638 445305 732653 693959 434822 349809 264901 442470 389335 733525 539334 509176 436913 151815 249549 
213.544
48
399407 540173 360133 738372 559907 344912 354511 334599 325335 548398 318745 662268 438894 354573 467053 160976 58460 32652 667507 604925 664990 345372 683659 724228 434992 722004 727836 546267 629031 189196 185696 123650 94750 85030 49621 44135 25020 9285 3018 522306 300101 608898 212873 650492 709360 48117 46921 197284 
300.046
56
631129 598088 496133 730953 637916 477420 517830 552746 565641 439317 384577 383975 379838 373393 371805 319209 185067 147089 113308 108305 107646 99571 44295 42299 25885 23456 21781 5270 517150 510186 506646 501028 484523 637961 479432 634404 452957 408660 399782 396298 382094 370805 367721 367424 311085 306980 297737 269010 254712 226055 222505 201624 109381 57538 9135 460592 
379.657
53
60160 33706 20006 1748 406831 690392 682880 387863 709766 674712 463648 633541 483414 730232 448990 660716 532977 576224 424354 501000 425594 321426 273378 250679 247887 246520 243166 229181 227690 199370 197353 195019 144725 138404 100672 15142 444719 607016 530841 416478 502012 502752 637793 596395 533572 296238 260650 227854 201225 156166 133441 62100 334620 
200.227
62
542456 438222 371467 450938 448419 340711 392760 355626 454243 322347 550307 472790 479283 667545 503898 252173 713374 324862 227423 527064 602767 312890 151189 123360 102477 96629 90485 89953 81933 77145 70691 65594 34028 14339 13067 426471 687027 380083 453310 243919 506992 499571 616104 420131 202584 344434 439148 431550 522860 492833 664630 240192 497817 694292 367192 187365 542490 577649 264337 436712 16102 169113 
282.441
54
618169 323778 573264 700378 652380 328283 646368 462620 368627 290548 556427 726178 441950 395867 552469 446012 588853 625060 318735 666300 596640 432731 406650 459249 435300 741485 401517 549257 407633 268290 224440 209527 193145 171056 164224 152747 145104 143627 134560 115019 105066 66618 32414 25186 22189 468136 407877 630951 441505 307732 297902 576995 40803 279643 
229.821
55
663557 646983 657270 694577 725232 725047 715744 596761 575160 566192 559036 556382 533821 500436 464905 459976 452890 441414 426676 371771 370342 362135 338191 315622 313921 276410 269548 262533 221405 218144 207898 200926 199471 192978 184082 160159 156340 133348 128919 104550 52817 50136 35886 34367 4598 706404 667938 518305 511650 499803 472958 167651 139474 120906 613573 
395.147
54
268434 299397 166544 478121 651412 251248 242244 589627 517006 163512 196625 238061 209237 386760 267880 598210 408240 366623 199875 216763 499574 124404 220118 730841 20882 359098 246068 605814 333515 59589 188845 686610 102285 595296 536158 162838 201734 507538 448226 504754 584301 641018 407321 179058 523735 487697 49786 227809 456535 594114 15901 15215 5683 35637 
567.678
46
643171 695368 631122 575833 657476 700194 242051 239400 207188 188975 7653 6863 657421 647929 564729 548582 731122 738535 690394 676073 659391 657460 504542 523814 476934 470985 463016 449996 448643 438390 373608 373435 347291 342186 256240 235655 208177 205589 205251 203118 161702 158021 157089 135800 119422 477267 
262.772
46
29474 724523 703260 685322 664276 598848 597656 594676 593789 576919 533430 491503 485000 459889 429453 415033 341331 326773 326515 325302 304928 280822 276220 253098 250294 236739 222300 208336 178402 157178 74796 67443 743113 725690 722343 714767 673628 657729 643928 596774 556818 523698 414498 325885 76314 727995 
294.825
45
738170 718794 533321 599895 405196 436888 641838 639486 659489 427511 639998 545446 274176 230508 213246 212590 210362 189575 178111 100883 66809 41228 23286 398881 502190 593147 431826 678824 456184 377994 370489 353048 348207 324928 313155 292018 288617 255478 194885 160381 124251 122507 109736 103155 390498 
104.847
49
682185 222357 299638 247012 617291 457800 622498 636367 318148 726448 428927 533101 345751 308178 313452 346845 395232 364891 628353 460338 363526 620844 330820 235537 665624 429003 598560 719329 520158 389475 401109 195450 108206 96585 81457 78853 47909 47519 28641 19783 10293 310 349298 257379 701407 650056 227529 82596 203571 
206.652
49
472274 668311 513927 644351 307812 598681 630349 290533 110038 161465 223350 133311 637378 305695 667443 485639 272193 141719 715523 505677 267558 235603 298061 649543 272454 501958 271999 337564 247205 304550 322459 735708 607588 91016 85818 10274 9985 3527 3035 681470 429337 196453 427064 306275 350594 670559 618975 53250 106851 
175.23
59
666571 666535 643661 622752 622253 618933 610290 601079 597482 581702 568336 564213 537482 516941 515624 515063 514564 511794 505411 501912 492823 490156 487212 468310 460691 454645 374008 362890 333235 310311 298480 292350 288815 279316 267693 249759 231002 178290 170751 93543 76468 26766 17161 10409 5971 3510 741130 724835 739426 663157 552673 394137 306906 299480 284634 173157 106866 84722 667254 
261.267
45
478536 444885 422229 695961 666448 589563 300069 275296 275473 79522 740067 407836 486074 652790 517039 661366 705388 322286 544764 340325 561079 409927 349826 530595 609554 542191 572823 590313 285850 272185 244570 220726 153269 152285 140216 97184 95307 86454 81830 10981 304545 295233 293386 215986 321959 
420.311
47
690826 611161 350073 504164 713302 736507 335753 558628 274215 665025 696816 665108 308447 717000 472603 265416 299204 338789 245167 716468 277824 290233 614569 743939 419206 617606 234894 214138 192464 119943 118847 107996 86957 76854 57500 34898 483076 412604 705044 410785 463077 620386 223248 215477 144825 72281 235212 
232.7
64
731180 249248 399621 256723 289483 430736 512127 365595 288675 519815 322449 739580 741206 331011 324163 252446 246599 610487 263764 413744 708019 693864 589662 350330 504787 306435 397368 553597 276365 690175 535411 312203 404088 546480 732608 504731 370792 550991 405818 640237 671127 477516 443507 472913 672140 670186 243027 222025 214259 175421 168482 141610 134941 115570 96829 94480 78473 76649 66965 56170 37189 19713 13770 243788 
179.705
50
11036 340164 498979 230912 154961 253420 465254 594575 700221 178393 389544 173830 459471 703009 295339 154483 619533 226845 387147 156524 706739 346965 520574 508190 457531 711025 595535 157419 543435 398896 299318 523859 466866 688683 595690 656522 591991 244087 436325 470420 298805 445308 110409 98100 86572 84735 68744 39721 11511 128857 
249.876
56
652573 665263 735788 649069 711759 713296 701150 703078 595082 560278 557882 532686 518040 470586 436511 407842 397748 394477 384824 375624 408480 366480 353164 344942 338252 299310 279968 279329 244027 242655 241728 213280 209418 214101 212062 175894 160531 144919 140273 130159 90157 62688 102541 31984 4417 682749 742766 623084 583866 513346 507968 486171 219515 175784 133746 619510 
212.629
53
647354 637293 584256 695952 721824 654246 715833 725175 535326 433015 409783 408210 372980 351036 339245 326906 324169 317070 315367 299403 283445 280675 235264 193830 175448 169291 137789 137555 128476 117328 110822 95387 89579 88555 84948 66078 49753 5978 604335 732432 655461 700230 564554 517106 475442 465981 433728 377989 320847 299950 111330 78603 569145 
166.189
63
280136 704539 651074 590588 305162 348905 164190 311368 720948 670317 390174 238893 398200 71324 443781 407856 333830 360562 279935 503216 424548 127741 625037 548665 265791 540581 482440 587459 211387 449609 215178 94459 189778 64653 159377 221090 664230 473350 433190 410135 267373 120577 569059 40719 383595 380482 312620 256804 43412 138310 597471 470038 91317 414097 740801 224835 115430 102432 411162 233265 569221 4290 5691 
173.581
45
113492 69491 69153 3723 301409 583897 489091 730713 266212 553490 425289 295812 384753 290088 436898 634871 565723 291720 662556 328907 337709 251061 245144 432271 550172 356566 264891 482441 715006 734345 697891 596341 238847 643343 297499 636202 727049 648172 173562 156537 116066 89447 64247 35103 232357 
255.324
51
737489 575936 570428 559325 533266 452160 419522 342486 254527 216282 216066 150289 90844 37661 18755 718897 684723 711406 713380 662333 719035 735916 686923 736477 684240 560110 523774 424313 403414 379339 374682 370446 370011 323863 302537 215600 204989 195448 172403 151522 116836 108910 65091 62032 61274 56354 34376 33967 18851 12323 604541 
285.466
47
434733 369677 647128 625048 428657 626711 611200 522844 551919 692832 603179 692695 540480 477507 598956 606217 499681 298102 248134 233173 194188 184017 169039 138411 138133 110616 59195 41617 40735 35224 14697 10042 437700 393360 617606 547811 387089 343072 740626 575101 518697 552602 179670 124461 110552 40177 313453 
339.8
50
559961 692475 359629 474188 714678 592625 428943 305332 552399 345344 728232 429591 477135 564920 332383 540296 498068 726479 484279 315437 181539 131176 124807 60332 35966 449933 699313 622558 510466 474848 427223 510157 545377 305829 346310 395431 602467 241911 241697 210398 187892 182024 178223 141068 47705 558764 405671 599491 146435 242813 
363.41
53
590582 692132 663082 721054 623949 634983 731533 717056 720115 735166 609558 493204 420985 274358 248896 229521 162209 144357 92219 59040 57305 727717 674923 616403 624513 700593 538241 538078 530827 529414 516188 510507 478798 450476 421486 397473 390812 360665 358462 347968 344607 340458 323104 315919 300749 248299 241984 176958 119540 69584 68305 60714 573406 
227.185
46
569026 326536 198711 144355 397551 474701 291623 216092 355709 116411 319370 718342 488577 50977 399120 493280 593580 505518 187365 34897 569626 385904 208550 499440 475712 131743 18537 322442 647411 141419 293860 604329 381597 507650 111312 634610 78488 164021 291241 641947 186028 252434 394274 543635 308735 344648 
98.767
