15
305 496 631 708 466 367 15 543 165 67 354 456 550 374 492 
0.063
17
705 709 582 292 187 713 727 660 644 332 232 531 107 102 69 15 152 
0.315
12
279 54 634 311 403 529 691 511 352 223 137 306 
0.912
16
586 664 525 703 693 449 370 333 327 315 296 278 263 171 86 495 
0.328
15
71 233 170 656 340 595 24 365 108 146 641 284 272 197 332 
0.05
11
672 723 600 599 570 360 293 174 160 148 625 
0.605
12
646 569 513 476 409 373 345 132 92 69 26 656 
0.529
12
649 608 507 690 130 381 434 733 651 166 96 113 
1.299
12
451 244 257 181 215 346 722 303 154 365 77 92 
0.048
17
295 22 645 710 274 325 636 304 484 242 290 77 263 547 389 318 40 
0.054
13
402 86 737 727 646 485 433 344 459 266 226 51 271 
0.276
13
392 387 235 588 666 633 444 395 389 273 154 134 470 
0.815
12
584 517 370 209 198 528 473 297 214 741 147 187 
2.078
14
475 440 253 600 256 141 683 630 522 208 521 614 77 109 
0.134
10
659 103 615 429 735 526 367 326 155 377 
1.479
16
722 230 242 627 727 430 618 158 741 265 440 36 516 71 20 17 
0.05
11
456 338 717 544 290 286 640 129 692 96 122 
0.341
16
469 433 402 356 155 724 644 623 600 361 346 335 328 223 183 705 
1.294
15
661 706 662 639 222 513 379 655 447 409 547 155 9 6 193 
0.327
13
701 390 302 283 173 605 546 521 324 278 273 160 608 
0.956
14
678 659 740 668 616 535 360 316 306 157 70 13 7 627 
0.241
13
703 612 481 452 382 312 305 248 220 206 144 32 606 
0.117
12
369 583 570 426 609 481 577 721 579 184 133 191 
0.903
13
733 600 496 467 302 295 262 246 241 79 32 28 709 
0.347
13
103 18 608 584 488 457 409 375 331 312 286 67 690 
1.221
9
561 386 412 127 123 115 57 48 229 
0.55
11
436 593 503 199 94 446 259 589 81 25 223 
0.721
11
630 596 716 553 636 442 641 340 572 134 247 
0.362
17
148 294 689 88 438 469 599 254 189 349 107 381 137 462 75 414 644 
0.053
12
690 551 528 476 296 270 394 383 337 452 18 159 
0.962
12
679 744 593 565 503 444 161 135 118 86 48 638 
0.297
14
323 241 141 619 735 586 534 499 573 434 360 279 139 492 
1.099
14
556 645 712 331 152 460 669 368 304 322 233 11 629 121 
0.051
14
410 630 587 666 493 455 405 380 362 262 216 165 109 445 
0.285
10
693 637 600 536 486 436 410 241 94 665 
0.857
15
418 688 588 562 527 519 363 311 165 143 130 109 63 24 413 
0.757
11
650 501 559 530 624 376 342 159 47 0 483 
0.12
12
518 379 577 427 300 712 649 62 423 594 358 625 
0.047
12
691 285 662 128 341 670 652 414 586 172 556 553 
0.045
16
416 143 100 68 689 718 670 676 674 546 434 204 195 170 26 560 
1.516
13
48 730 691 470 109 599 406 53 709 414 339 600 469 
0.047
12
527 300 573 712 274 353 365 733 355 139 107 176 
0.678
15
390 686 83 418 335 148 248 286 651 575 668 551 111 521 112 
0.046
14
457 353 415 412 181 382 237 178 554 372 186 84 47 145 
0.79
11
688 508 440 545 499 291 270 146 143 16 309 
0.773
13
665 543 177 66 201 539 235 390 189 518 64 540 547 
0.044
12
738 380 212 142 99 7 732 364 347 337 149 537 
1.197
14
709 689 714 652 562 453 388 378 345 284 237 153 106 593 
0.625
13
333 247 742 352 740 325 385 646 351 181 137 58 246 
0.337
14
221 586 63 507 308 114 176 343 147 616 627 39 633 130 
0.2
11
468 347 530 650 534 450 151 483 220 125 127 
1.3
13
493 283 350 337 177 434 553 561 163 268 552 439 641 
0.047
13
716 659 614 25 499 497 521 479 482 213 59 28 88 
0.936
14
145 41 677 605 584 423 415 391 343 216 192 104 30 546 
0.302
9
535 721 369 297 273 241 194 166 343 
0.279
12
395 242 405 483 354 534 378 262 131 128 81 280 
1.045
13
435 689 620 521 462 409 392 679 296 279 193 59 333 
0.433
11
396 426 645 233 240 154 664 76 32 22 130 
0.148
11
588 179 399 708 521 191 111 72 52 38 159 
0.242
10
439 319 676 722 658 737 645 393 32 602 
0.322
13
335 305 259 476 425 397 688 605 565 155 123 104 208 
0.348
13
688 6 591 663 544 491 545 540 342 336 95 87 441 
1.947
16
337 613 742 639 491 352 622 502 273 714 430 217 185 85 81 187 
1.335
12
568 545 462 420 390 374 352 282 246 77 35 554 
0.439
13
715 438 541 657 663 444 596 542 458 480 401 93 436 
1.254
18
506 587 596 488 440 447 497 593 711 695 586 561 381 219 204 159 121 437 
0.197
14
706 672 633 599 473 368 324 310 260 252 184 114 112 675 
0.499
13
712 697 592 541 527 515 514 292 243 230 160 35 624 
0.228
13
609 399 659 461 588 691 457 594 300 223 106 56 303 
0.427
11
611 558 546 494 406 336 309 303 266 254 651 
0.277
13
339 653 4 483 30 283 592 188 25 65 308 334 385 
0.051
11
471 397 66 729 480 467 210 153 130 118 583 
0.339
16
571 640 723 580 519 406 337 285 269 190 91 86 68 31 27 554 
0.529
11
472 596 512 481 319 201 294 595 119 36 194 
0.98
16
60 321 496 185 215 104 110 559 690 529 551 480 154 510 455 142 
0.046
12
175 594 335 649 591 282 231 561 734 100 36 84 
0.632
14
557 499 72 326 641 691 354 372 227 377 361 18 3 26 
0.249
16
476 608 342 578 455 696 374 286 594 287 702 245 221 81 66 280 
0.258
11
574 696 462 737 699 651 494 248 410 195 244 
1.679
13
246 382 319 652 176 294 242 699 565 320 384 101 227 
0.578
11
603 446 602 447 416 374 282 142 117 45 420 
0.673
10
678 672 742 738 593 533 526 384 320 595 
0.116
10
506 144 451 657 744 232 648 169 17 171 
0.502
14
317 695 639 559 537 528 440 400 395 348 232 111 31 729 
0.385
14
714 336 498 706 247 20 399 348 136 224 373 86 41 128 
0.601
13
541 539 504 337 320 291 238 215 196 125 84 31 615 
0.133
11
658 630 555 523 512 467 295 259 218 1 641 
0.078
9
664 289 597 622 440 291 271 144 477 
1.169
12
667 730 635 507 405 285 236 211 161 46 17 550 
0.774
12
509 406 149 3 704 478 573 508 418 226 180 428 
0.885
14
541 731 629 472 454 730 381 375 351 276 266 224 92 379 
0.315
11
685 438 415 376 554 428 187 179 156 75 193 
0.854
13
518 688 559 625 440 368 255 197 140 102 54 26 474 
1.023
16
479 477 330 461 333 573 449 311 277 274 192 158 155 66 59 315 
0.75
15
423 351 207 122 58 693 568 561 468 725 650 621 479 199 388 
0.684
11
546 167 332 713 234 210 676 157 606 575 419 
0.043
15
72 262 346 430 81 569 204 314 20 408 743 720 324 589 119 
0.049
9
593 696 627 569 367 305 304 290 576 
0.389
12
160 376 129 307 212 544 63 60 80 573 77 214 
0.043
19
607 736 625 727 596 600 479 407 336 321 316 315 200 185 115 97 37 15 492 
0.573
