285
531
12368
63
457
185834
312250
27885
554
214
184744
101724
22
5968
105650
0
2407
188
26226
26479
4656
26633
35
25401
52065
1133
186511
848
2564
40
2150
258
5088
294
1080
52555
310978
619
1401
186449
12957
6833
101598
53578
5135
11622
2387
11697
2353
44
2405
1807
110
10387
54691
333
2223
50347
24648
101217
11301
202
1916
240
12114
52802
301
24850
11783
304
25956
110
5620
2243
5316
210
546
5731
1321
74
12657
6298
6883
25378
101457
5006
24391
14351
25526
54435
348
53682
2786
11733
12053
52483
222
55528
5824
198
