2857
3392
1177
7637
34652
3103
70057
16041
462
14570
36723
15683
248747
246079
16552
16914
63
138772
16523
852
1598
16569
1584
248432
3526
1414
3593
15075
114
63
71323
36110
262
17716
150
138088
15611
1539
3218
6624
1058
25
7566
0
7707
7337
7242
1102
3676
157212
56
139887
143
301
33507
15759
8119
68894
3458
729
71834
246022
70792
1339
90
3293
71234
140358
246767
73725
7587
7520
138456
89
135069
3650
17457
32606
69933
71665
34500
23
32981
249632
138130
377
71438
69025
7391
6730
15934
574
4232
3058
247052
8494
7252
4417
219
37954
