4112
46915
3838
71
9974
9293
386
96253
21464
1887
4219
10149
331656
181635
10201
1269
835
9162
711
46641
23
4132
1995
9614
336659
4584
1826
46391
46097
367
48843
188256
46329
45393
356
520
96
45464
64
562178
95162
96328
835
2121
20602
46439
186051
4574
10524
511
843
11246
4839
105999
334017
38
47914
2298
418
246
22386
4519
1856
1293
10500
4092
657
10236
49833
3770
0
873167
1245414
46215
45460
483
1345
329783
4540
3605
179
45456
4887
64
45985
45064
1503
10552
179640
37
846
45182
181460
4192
4312
60
45946
758
53
9611
