39890
7659
332624
7432
36299
202
1784
594403
1142
40982
194
1828
7607
748
18713
240
867
73
1279
268
54
358
82262
3643
2936
1375
1241
8159
140
344
713
325470
260
16251
16999
8146
87
6867
991959
689
7734
17921
1563
38951
3669
17169
94
37466
82975
246
40582
327584
82227
783
17653
584
222
8802
268
171
326478
6810
831
8151
1609
1589
39139
20867
16873
37566
3962
638
40530
90
37737
85811
3312
84651
168105
17010
593
16865
3036
2470
198
599655
2167
102
326757
84075
396
3512
595649
64
3323
39664
38623
80582
8540
331634
