11607
741
918
5601
106758
52983
1805
23047
4225
0
1570
175
93
9493
119
489
69
1984
713
502
9922
214
479
110491
4752
1071
4644
1126
258
51577
224424
9375
230313
131
4443
10771
770
437285
47
21867
128
428508
441169
874
47137
52070
1917
1347991
1049
205
249
114135
4239
55258
5613
1657
3919
1932
1904
11227
52101
53513
448
2073709
0
9576
62
4415
80
275
221430
2109
9269
9778
10875
226666
286
5089
122
9664
50320
2175
131
9583
22203
225368
107605
435547
2373
114963
792597
442735
21984
3966
70
10618
90
328
184
11409
