3277
53709
327
56430
14183
61
106929
2956
3436
14505
1380
30260
59841
29157
7109
29251
15189
104292
3191
59893
58595
358
14094
3151
1356
105445
28408
750
7266
841
3106
102121
14430
88
3247
3446
14217
2769
179
215
28231
29543
28163
102698
6276
7087
3216
136
14733
510157
103560
247
335
113
30346
57573
3844
29428
3425
6377
3418
1011
2440
430
207
6888
6199
6455
7190
3627
1622
6760
6725
63
28015
7392
176686
806
3398
9724
57513
57255
2770
2866
14741
104582
111013
868
534
6297
331
1546
28634
1085
822
3369
1643
612
1157
1419
