66
74447 31326 122718 341339 182067 661466 851271 342214 514528 638305 924014 969615 482035 625448 567479 401626 207687 729527 988380 487761 3627 302744 458535 540430 632922 200788 953126 250842 818472 323160 555199 465264 717834 972499 505402 69838 662097 269217 779140 970554 342431 593346 919130 941440 547233 166807 551417 813100 41495 75739 71766 238602 447667 655524 8233 527345 372181 580449 978013 831232 627007 54828 393300 774318 44324 285675 
117.336
53
6357 385903 717534 169306 569540 204788 370017 664527 749670 247644 595182 980818 165889 724252 608129 474363 937207 617241 663274 825910 928513 447059 142568 420391 260733 220385 492716 895973 839891 901985 248715 254263 265761 709929 700001 551635 275149 310386 820111 381310 598792 992213 185813 410122 22468 181658 228107 878790 108455 763485 246752 191621 271121 
141.824
62
470077 655463 898165 819113 956381 320779 679154 907842 419903 254850 591523 893904 146793 880496 221137 99276 974083 392476 9259 273841 595807 945097 861698 319441 278594 215964 399911 828029 447227 4392 32087 732945 503958 884866 684759 930003 804771 853549 907541 833641 580032 702597 926923 933240 929011 718977 120394 676985 285038 30558 479543 905846 967024 862078 481210 617484 113029 909678 961999 197826 645767 872559 
134.059
65
191275 312137 260693 489949 134726 197407 723696 765334 511439 728770 769930 751578 290610 839961 886375 967832 153900 696067 462272 480711 392460 22993 834342 481440 891387 230598 262088 879373 354532 610854 502987 646829 456776 804719 140049 729783 919701 13516 988201 246416 721535 101741 951264 343649 807851 274795 389491 878022 629750 638211 847080 526347 615325 435526 115175 451051 49201 467435 814922 736958 925965 64495 619394 54798 358297 
127.503
59
196276 747157 370176 264416 686874 215915 552664 758585 853550 106800 126921 608848 932312 826420 836796 2360 382545 329057 8239 414708 622862 813264 328904 320830 66184 143329 15628 341131 814803 959792 795339 769264 548912 549614 20626 467450 638077 862230 62604 298343 922722 778066 359798 294288 187726 437054 158590 175205 617279 800596 433209 177428 641363 236372 776508 922544 523932 1940 930038 
110.776
58
452929 889902 489061 616950 188034 882896 26938 952771 940355 696835 367922 113329 204805 164499 535477 973336 220138 144721 998617 513636 396206 246274 227784 241967 178028 682023 460419 605728 977139 586947 297633 901632 44473 565439 682143 694527 335195 381969 264110 539452 660710 215149 745304 392007 179515 678188 474852 570767 382006 381174 69122 370052 598864 406844 556508 254605 43096 144574 
128.446
50
363772 363908 359009 377085 93173 262832 984913 213554 478892 462763 922114 148251 558160 22376 913539 283583 925798 565587 455387 763232 957870 116631 513766 547346 452585 62017 37189 298015 746368 312394 797062 48999 802173 711667 807191 477629 735049 962009 287062 219278 669640 580457 372243 143163 451587 79945 239333 218047 749149 939150 
121.829
57
926547 296438 13388 787756 418378 688537 261015 323949 378427 25667 649877 72180 780965 53272 759839 356923 893453 353377 885820 32506 262579 51232 707235 541589 384258 265825 19905 505778 407016 241045 282390 562349 136498 624535 403557 448768 499049 4765 657667 231783 266111 456812 298887 317307 226614 595803 465993 25357 577990 980871 258936 192584 903673 865877 337516 227813 376400 
116.147
73
154892 743031 891650 692167 598502 666755 182240 344217 452542 443348 46262 405604 739988 359096 313816 655113 711997 457088 285691 386989 755186 112658 263645 250979 488463 108607 63299 629942 785788 608521 446201 767430 419652 36414 988298 470368 486545 864620 934462 994588 620884 344256 654045 207566 277707 432065 763523 361139 729958 891303 770944 481000 287344 21208 777075 805039 583017 681462 886213 226482 92504 770566 650838 381615 981118 765984 839234 64361 314598 473256 489069 555731 507893 
109.359
51
268042 434223 259523 232158 962432 305790 600022 435010 233071 912400 81547 422638 379570 888555 101592 109989 743904 731376 292312 726554 795324 534855 92441 705533 408717 54075 873411 932074 444423 359353 272623 890697 816772 615071 109985 408401 287965 493509 527645 468966 913599 370220 450940 682608 593270 898551 559304 496599 595331 18222 261166 
124.896
54
810405 201041 214045 222506 81564 271835 947147 844227 156798 117236 522982 234895 649074 798033 650057 609405 279282 838877 116498 258874 836212 192518 796619 965999 439513 453923 976629 653443 706100 724325 13785 881700 810369 238278 237448 835044 548354 342846 793796 485352 132686 864507 530805 149996 349254 244549 787335 245729 235051 900483 491404 700183 417464 725819 
130.105
56
19858 176237 613559 532155 971069 73519 423295 422375 917025 389702 579431 960297 644330 242242 315151 827174 914470 259144 110132 398251 583480 307167 853977 801393 584544 120630 26607 293217 16705 920605 440459 311428 592339 168770 806564 248906 613075 524496 453248 758384 765508 883925 216738 86872 206772 519466 603731 263191 70859 719848 539265 869537 790366 641386 362072 533970 
107.59
58
517113 318977 130650 33153 707560 469594 873174 274564 863821 717438 21861 70144 680020 747679 294522 420809 453139 252216 576996 369254 692995 677570 349858 183954 333805 925502 148659 938056 352969 463898 442659 125435 371750 549329 264710 61581 26443 398080 474185 266186 478789 49672 96142 823699 179370 527365 864121 523190 601539 628313 316558 61722 721552 398690 25891 551525 449021 941614 
121.76
53
186189 981045 134496 352553 353798 214922 370086 393592 739514 843905 734759 511543 475454 108195 500331 981620 781012 556573 461822 207622 74411 814845 660041 73578 943262 202419 607227 900742 583436 671228 855230 892253 107017 982842 671832 903976 145614 263877 207090 162936 283869 626434 807376 127462 882594 508378 378701 711879 5507 46549 767623 518586 702194 
119.81
62
287762 882319 243984 27728 633227 27416 12614 436132 853078 643298 415160 542573 572268 481668 865458 1386 545955 832231 516326 837925 180373 395985 612850 343114 978629 726640 948318 258899 330782 434345 349327 601263 458488 860248 750796 981846 549907 86393 624328 507168 839775 352225 977692 315525 536520 651898 676610 61616 401451 396604 383939 961003 206785 348522 903052 786288 392093 42007 85441 781600 444248 851940 
111.741
55
975954 880319 980269 723481 629226 685735 542087 176848 539079 442527 272433 56165 187342 247253 756381 752302 367313 93025 913722 866162 863814 633008 330433 603665 772919 5424 67196 506016 429467 621913 565546 19436 471083 700075 847974 146932 767945 528451 931384 795086 763591 60413 644925 615377 868812 206734 707297 837406 695248 435315 790498 723524 490629 37925 453855 
121.505
57
826843 245100 675281 851087 890540 255557 922316 81160 793684 295293 100321 484306 588448 364243 734061 142379 992984 356967 447386 714596 431667 736488 337549 572165 223151 384892 108577 869302 170460 574861 251155 103961 10258 220570 680860 656199 947415 185821 464794 54944 570518 269588 846978 537706 820403 613681 993609 590879 579599 746069 609431 584850 474140 151239 657007 24247 430583 
128.108
52
286644 959938 478198 820668 876061 210207 182904 332029 144975 952156 396632 715799 57557 741444 285535 255964 173723 913078 969790 282176 126455 525947 974437 631716 170251 883979 286763 838786 630142 662702 174674 119957 503545 839132 433128 814636 434016 772251 780239 900915 212143 771449 363046 653842 157013 918587 927324 712817 181308 751765 72615 176597 
126.761
63
979447 870597 25454 502292 535412 686040 938448 158089 362093 72415 875125 35495 132049 759691 145404 235138 138952 86284 169113 911164 256606 619526 261707 802131 428738 665191 566283 704517 777967 845616 280479 243387 639486 308322 334377 487337 89882 333314 891000 187336 158566 506949 738786 430711 706823 23446 877350 954726 983545 69339 220065 409757 105223 816264 682322 145319 712354 326567 495593 990064 390878 24447 749442 
122.34
50
32157 187183 212550 587313 867065 145424 443481 84701 524944 324650 49569 808167 455801 413968 898088 219486 278166 763602 524459 405104 559471 18363 32792 175916 656146 892493 615504 657092 165703 389424 311556 11973 225834 204450 112742 935708 967604 534019 138191 481034 846075 285053 254696 9430 220760 155906 729682 598820 302976 493940 
138.576
54
189677 320992 311416 666868 980478 622221 996467 959874 439713 668807 250237 33199 453330 374305 5463 969051 222625 506523 475352 121050 629469 43102 610202 734841 437034 459567 603191 259889 975345 647115 359096 919343 522912 274555 357675 375477 377143 904196 306658 242151 339610 412703 586830 575479 278260 579476 945036 188866 3119 174339 351908 513015 276130 729708 
128.776
56
742487 394457 740506 302154 693235 100806 195162 268719 786336 388822 327138 875085 368775 805781 773847 97577 741497 926177 390123 94141 87407 534019 848674 312106 406102 450757 74077 820055 524690 942516 58175 388788 225952 354855 899463 462172 111887 177894 433925 626724 56121 605503 842421 508836 900267 967709 715337 777667 729712 559286 349699 262953 44450 755964 243086 871747 
123.134
62
838634 879750 135822 103912 965959 966987 736632 714488 439967 435492 949301 407996 181428 803769 456344 204522 281643 282246 718735 234952 225270 619388 608768 474055 591351 118666 206430 919607 863065 187854 939959 599757 508007 970671 621787 231396 609319 940726 237323 992111 681851 252824 807220 355178 373243 209433 973252 776071 823025 608585 833661 445975 626692 531353 845545 786799 671666 770342 187804 646030 334928 740700 
122.928
48
909994 661641 718261 908707 398602 300144 986901 331092 373776 687994 962904 897404 835294 430501 131808 817595 433290 89847 485212 621334 597268 609516 417578 503844 453606 737559 655378 270110 959874 211836 691110 832248 144449 573037 295196 881450 206277 679221 213057 207792 798648 643706 505834 383 609183 580528 198674 422166 
140.795
63
202870 441865 538551 992338 472608 440670 273815 439124 83403 170668 237260 830134 609479 204818 898099 349742 233493 485425 407488 432167 934243 870424 394746 799286 305024 576513 247933 509666 331641 704685 345649 592691 58953 867655 374053 485308 906006 849307 884608 33362 430773 786865 944581 125522 417092 381636 593164 257372 374653 58420 144747 22449 608663 923062 815705 627704 657951 958479 518956 350998 121669 232846 639187 
118.312
66
976787 28070 456569 72496 943352 220172 775736 725134 262671 126562 747979 114629 101598 525777 93062 292453 908710 920098 895072 979247 630629 10456 491348 833112 782309 30125 999018 257606 358200 753330 161933 495285 81518 851005 374367 802909 841368 711666 288783 372296 663612 940846 320909 896478 496244 877002 318197 148822 995097 386925 952706 774492 806393 554710 896806 901334 109998 56721 758736 620775 724060 746841 769545 370971 703043 967388 
122.523
58
760859 133566 109141 103099 966475 78161 240467 173805 521610 959490 70859 766860 547975 386115 776655 475727 853475 106445 307244 402869 257601 131680 41799 789063 218201 535728 460776 285948 911685 951602 699828 819065 696290 774127 6031 991909 9285 696317 158770 868633 229859 227084 289669 570887 844967 88724 425057 898169 507552 661482 547318 324419 700942 469008 54407 828410 389143 475097 
117.691
55
139390 756079 152260 365008 412662 488537 704169 957535 359284 172312 657428 873764 218313 736397 471445 990128 938323 481943 422109 77994 497677 738791 164932 837094 7803 766813 865077 776834 152915 31505 771331 476424 70693 297255 419576 742792 268802 200101 855418 894256 145736 521073 452692 203320 4595 227841 239320 680399 476371 498608 684023 214496 959243 650687 824348 
139.416
45
732132 987171 404611 750516 102651 739979 354584 876313 655110 828152 334051 137949 914652 207171 993225 416077 895981 748328 770325 211392 524034 225148 312669 461606 472025 604511 466280 780888 366465 283062 505310 783 750361 657336 39831 200424 43098 252869 197397 386006 808782 108838 71661 264224 512670 
116.913
62
461064 793484 618648 157637 771288 985451 457059 92157 746873 296180 501542 593311 491576 123272 315120 863871 437586 364016 282630 506218 872483 896392 819203 170100 257430 924964 800045 873607 532130 979328 41900 660218 904398 790371 267866 859545 605836 223220 487352 809992 24410 395823 27999 839794 300855 221998 396005 202128 58850 296191 765389 925664 435994 206245 59861 224387 758520 171499 497175 784361 464084 709217 
109.292
61
918656 382 730236 622066 914196 887447 380913 980832 965405 157345 658340 334813 392829 795292 835388 570649 546501 808437 72889 834857 744689 941886 726914 727057 346172 280243 16483 398636 483665 930568 212573 190738 45824 132163 353629 572217 321335 687579 531877 895947 68388 558820 971832 497712 546065 505534 612050 711380 492998 513257 336198 12169 381505 289752 750876 889212 495245 217774 663714 331998 717469 
107.344
59
352835 752747 452789 115084 318598 61507 241345 535627 145825 316876 947727 476430 870521 72597 851370 761821 310504 122196 316760 12111 248944 421387 911585 408922 770652 67919 500922 221931 362939 451083 522427 208075 259132 80676 765117 480040 574111 789761 865426 649303 213849 230289 29706 463241 424567 531527 650357 239801 211805 301788 550381 701052 305413 682970 759229 257930 955414 738270 839432 
118.536
51
654784 728602 159764 37395 453834 54025 13719 540515 524621 677625 519159 814934 352401 748990 925661 839325 530642 434032 933063 278140 659496 832466 685662 17017 387080 352446 465020 45288 452153 508161 894490 102618 838152 169635 896274 299777 644858 295663 79843 295600 286230 619522 758484 493100 80836 942384 764207 593647 116546 25173 62638 
120.251
62
279463 74841 933255 869300 59540 162863 834374 389370 186093 493753 458192 778591 101321 52766 955151 531100 454754 213268 739990 771484 840665 626039 983132 886325 911809 598887 892516 187708 489495 108648 984308 742709 887512 963290 18364 707784 83995 61742 146453 883557 406045 82777 930227 456901 614009 229162 724509 703358 183799 119636 819324 471691 727732 910262 601150 503125 899529 542656 530114 802359 300875 685075 
121.796
51
915079 481585 96859 650685 923749 491181 523764 334653 227549 789024 508884 705647 998062 580820 300668 679433 619130 626863 423277 859745 329170 539607 860075 695522 727208 986710 555761 987144 642301 129761 305971 328047 335389 757353 9959 300632 80048 919199 294297 116760 697421 267039 253591 632518 987435 490277 742219 615063 468371 132935 954189 
113
66
806967 398508 603080 472677 164434 47338 632859 313559 221470 444068 768854 72117 274679 412551 864555 293609 173665 694461 526967 742723 28173 679963 306472 824910 817932 161166 68926 524865 793609 125100 529060 843700 201720 729100 368399 237179 113677 386203 411410 515846 739934 195998 267222 770527 431172 455653 343017 693437 978802 953242 166523 743453 716858 735126 944746 753637 940751 180924 199046 444474 631349 762287 999697 169615 846837 958022 
124.751
50
584298 681930 977114 215419 20955 54703 385761 346006 815902 615779 147397 487789 559976 752141 327726 43486 786224 337361 985421 61784 946675 154871 566750 689483 330853 769464 779341 963863 451738 885225 767323 303477 561551 921278 725600 698950 988305 508460 981877 258633 515082 61095 401539 305685 853995 269488 647866 116650 386685 448588 
114.169
49
223649 236562 606989 68830 731379 75280 55253 31208 695373 89631 38146 374806 131723 881746 120707 163174 463399 385050 267917 515899 717024 915804 920907 801792 645026 543634 588784 857930 540139 921716 860075 677219 234554 751403 495779 505008 678362 441835 800600 962999 5078 59428 170816 897891 902944 666447 749778 89721 646004 
113.819
57
570404 113160 371185 452997 613720 729139 645133 156437 737753 717181 646218 584553 930462 647603 568938 700476 934314 360274 384867 565691 223000 948159 821410 846256 344460 741050 228957 657623 693819 202776 676304 637496 777797 139117 362064 208378 633467 310165 691345 107586 965494 350925 563998 327453 381991 512292 519816 901205 402670 847837 52919 158865 829683 944522 957944 586455 601158 
109.588
45
337125 988419 987268 307820 273406 615444 576509 267491 560825 200666 514187 832295 590753 108987 377401 779089 845153 77883 573856 306618 838 562899 262441 47012 874339 57494 923493 951121 124921 908299 420600 29760 713489 71010 870528 666805 367015 708701 397770 474540 380406 285385 453021 119195 466778 
119.099
53
898881 548807 319787 570065 827504 70853 868130 11815 581554 185727 428675 525642 206156 446939 820259 841806 41184 273741 659363 194403 721185 151664 311543 450465 114798 556087 946731 16064 413007 140128 625075 911152 246992 166950 778095 942033 56602 573776 671975 457979 349901 458130 316432 424010 672399 379618 586121 865689 512700 567713 371654 166997 187129 
118.778
52
635283 895234 572905 836992 117514 147343 751018 578275 178508 291928 309887 835906 810955 532331 791033 779906 22295 574890 610908 75278 69475 934251 927849 228615 221862 328460 90382 750730 482755 274656 148784 996175 7543 476520 883048 117614 784531 655393 504583 134904 874895 202119 931121 508894 341663 680676 439434 438732 906719 105698 781965 916444 
127.684
67
302341 62100 731346 178107 758452 108553 994948 243075 676188 732954 580950 469229 600648 706801 886108 884631 819081 883658 202182 622998 183876 344247 46842 288561 681032 898668 774898 308277 991604 842440 489181 772764 218448 221446 766504 156599 750235 799198 224563 365704 310814 386540 311991 935658 688045 497198 284552 405985 279167 193707 651436 142564 83351 688295 577914 976359 470695 618318 305628 997658 450387 312355 254428 242757 5760 839045 863560 
115.326
49
442610 798383 93529 465008 833578 501777 4428 582460 667233 4681 59099 125277 234060 152771 763758 780857 739456 39835 218708 22606 447847 484831 47962 662377 14671 905152 757110 381272 954430 186373 94340 2253 295293 259206 564456 811721 166517 791396 228080 575120 219200 54824 827790 167552 361295 357673 839644 231486 973010 
110.545
54
499213 420557 68086 94465 825989 846830 632410 742936 185360 49114 467810 973037 227840 130080 669437 800646 409280 6858 834721 933606 706956 322233 587143 610253 146513 50452 61938 820125 492545 875777 178964 365835 67948 856711 247990 8629 978987 234839 841501 369245 968058 148748 934529 41180 249823 934261 833247 833610 516185 643679 356744 60425 222923 286401 
107.583
63
639235 836488 753454 816347 686913 642000 212266 961370 6953 697316 389929 497498 97805 734126 146523 820412 101062 807773 117507 668663 850458 537953 728056 304860 226644 869253 344852 153691 550746 777496 928069 209067 279998 304699 336860 615427 175838 126468 866095 961788 152958 12410 936923 499533 301278 614602 539464 807606 674474 853082 634970 724172 380427 255582 39360 859917 469864 346860 800088 509475 504580 287537 529270 
114.846
55
196941 256071 1808 433276 577462 596744 172499 779253 704815 41057 394115 268977 750694 566325 757005 387212 114889 85985 274174 204699 117011 214798 306350 203474 429729 319724 584899 768766 25119 109680 845150 465837 273383 885293 151072 731758 629776 579071 555114 956205 305953 682540 810495 623490 120774 908619 118557 524502 576479 666658 785566 497474 73782 576201 679607 
125.315
41
300832 157551 518715 553855 512004 124434 654961 916162 694517 124091 924940 895914 44869 788760 865094 139255 874520 233290 792149 398475 198481 329044 545365 705603 169728 164458 987252 983872 832000 162817 540815 365878 769180 428360 16203 416644 31603 758196 160897 3717 157416 
128.507
50
821023 931569 12483 571411 17744 140159 60848 486124 627770 616544 483267 944061 969163 756476 104537 651422 868071 602227 724919 945993 905465 705549 753147 20947 1388 484572 613662 646422 57110 467961 373704 141081 875925 318426 964527 997806 328901 193167 217127 602697 880171 464907 722351 609644 611388 446828 216483 136823 102524 851332 
131.113
53
954258 298403 450972 739272 267340 65388 326969 586782 385274 376525 374542 327075 977514 341565 352933 529691 947470 406602 897266 355801 26377 29509 780540 424252 517405 771461 668124 71166 235745 887237 738904 3005 792731 560039 675063 752654 793638 389319 264433 191787 391599 132682 54076 732361 120743 146957 212980 278028 331282 175296 546522 131992 987676 
120.747
49
273245 226644 86889 633899 627763 494621 444342 997560 401509 812643 896451 26506 444648 450439 765694 16495 277088 933148 583021 629377 821344 955690 509837 699514 550368 22386 564576 858383 546691 74130 27065 560292 767726 507880 633208 955977 760064 188929 449149 16166 112167 680983 93133 487612 857550 951660 720881 458401 532656 
118.178
57
314410 60454 143620 480365 719937 928657 875864 10171 252836 428436 866343 675847 202442 191909 725826 514494 145409 391478 769076 334708 360754 984324 601894 393948 423256 315066 997193 394418 558989 476024 181348 295230 341410 130923 727258 895662 970112 69612 341986 666229 729720 353 552947 39562 992382 940659 365927 580532 755678 917619 579215 766348 709135 372565 891814 67190 895695 
119.112
48
905564 748414 304579 967460 791964 257081 866807 732606 525363 92187 861085 10523 487179 496948 190182 892681 647062 476106 523930 279638 748121 390791 212202 515939 234637 644654 755634 299639 317843 321397 380853 328785 990901 744538 55785 362510 708804 568271 30403 853536 706665 204490 933427 680831 463506 149017 504666 815921 
129.14
60
894870 192662 19657 578970 143529 382266 375075 96361 277226 942531 249999 957134 789757 686675 193357 338754 468377 869404 145268 296320 227286 810674 741477 871707 290184 338750 754022 13478 122034 19181 491794 157046 396149 376051 518931 268266 775513 797195 815613 360353 713365 4188 43392 246773 879353 905018 411883 263902 357448 94265 244407 385618 668140 531331 61801 234311 506989 576102 169328 962348 
117.678
58
91589 242971 494757 376564 757535 565928 334956 602718 813705 528193 489570 674473 374408 999170 346009 95621 977659 935973 139834 551684 794645 749665 391444 458056 464369 778574 264269 314682 643538 587478 225301 5907 713832 263721 829057 237932 416074 505322 399198 49639 794293 489647 567374 848296 403538 279995 445968 385050 973876 488779 81562 398446 267465 762270 321042 890886 834823 932706 
122.044
54
350919 466738 422644 262934 57793 902689 15336 501807 308899 762550 582510 572874 210176 978034 549118 433884 638424 957850 85324 936931 273522 977189 448899 779170 70348 761800 315437 470289 522182 882317 913192 463601 102540 485539 593458 942349 816988 345441 59112 428812 789011 221229 506499 898020 206756 267049 64597 98367 756475 278565 818384 865687 45839 647766 
152.274
58
916675 202017 257898 395809 369030 532269 360636 617401 163794 908077 367707 272709 311762 808208 200627 329794 755453 147102 201688 476928 382191 277120 273395 818931 906431 838948 703812 593605 550256 735280 203677 227478 176460 192028 296826 556368 483699 470675 340452 693972 75896 141883 588988 460677 387945 755831 412081 338036 426180 701407 245573 984879 198871 364488 152411 385520 400835 519131 
124.866
62
177409 469991 764553 603616 297882 535661 173282 433068 800003 127069 900955 530684 156382 235489 41406 948252 217057 217828 985298 153677 414522 287062 811683 626390 258219 141141 562987 749285 413764 944986 439546 394274 289060 87261 924158 877409 85414 669461 39834 458552 823895 266022 834 22971 248579 411064 603258 705625 793983 427811 934426 467115 818130 685420 240988 699717 891745 286618 863019 248975 660147 833209 
110.819
50
106916 792161 611496 358059 591315 667223 555740 189335 494338 118842 374866 826519 577011 617475 553390 824860 448809 194591 109956 846712 560179 489681 340610 375025 843407 183306 821522 926598 244308 197099 395649 543533 226413 115713 573208 559977 391951 942597 249062 340979 232717 917177 37622 628546 938040 807671 956755 423002 191092 554384 
131.144
50
136002 488098 893180 898690 466925 872537 89925 520352 311797 883652 89151 458117 497160 738826 470847 630482 965957 615989 997881 849118 980634 34448 248786 299820 638285 572213 692812 898349 933440 711383 689010 207393 467849 476586 978730 886392 401794 863010 582279 614818 641214 959343 20728 174451 349960 513652 48106 289355 60616 614693 
120.946
60
799343 240543 672919 105443 577682 784112 712901 405866 502438 313802 753290 89474 374965 891517 484594 986480 981806 385045 464926 380161 903436 816729 953645 432803 625804 906025 673636 342284 946797 102011 516841 424237 333035 482168 219942 789885 650287 691296 386083 926529 959721 590452 803382 180562 764204 763956 493798 933160 409786 122829 197845 617003 599487 780481 652671 248856 375832 436030 50383 979821 
107.394
48
61727 852203 612470 332755 38122 733352 650149 188181 753276 75813 215312 903739 666019 442661 263148 932758 857602 848674 46335 674173 842207 180870 506760 461398 546763 809100 819219 770771 730044 930723 508088 702614 6289 110447 54370 937486 169108 949387 400025 946830 702081 959226 405888 15934 117121 959354 70169 844666 
112.286
57
494672 947223 357599 669458 381327 871456 77780 415747 247702 614281 555041 561255 701460 44687 316933 746987 722816 335121 964857 680160 826945 307050 934679 902518 884560 870091 798175 705038 250577 329150 148438 965310 141577 93983 375795 579679 583008 926619 838112 165683 391004 484770 56729 764115 47082 725100 290705 789620 424085 778130 156662 618853 723259 880521 599780 127792 974793 
131.72
55
131562 557802 259152 795513 1182 845127 915488 375898 686699 102398 759968 707543 504546 898400 448047 896134 834852 962253 281986 133078 549798 714918 658850 725197 24460 883240 160672 249718 568852 164645 574991 75400 682987 409053 931748 209967 297487 700909 653342 982798 545513 245094 523105 74468 636874 250964 37873 319704 140630 605004 999111 366610 119108 513713 995229 
139.268
54
540695 992558 132119 317603 62473 964843 357166 699734 509393 936650 121851 773692 367979 43379 34931 633219 67603 963875 793784 856009 853694 38992 579908 895926 582025 442872 529122 603472 820379 469103 705324 968790 2782 812607 218950 149600 605286 426713 574125 631221 886592 329088 264139 763095 469213 964554 798108 332052 714831 577351 371827 701609 377620 600885 
125.755
65
545522 834656 949845 107855 465652 282978 339068 856329 925799 859904 296255 78597 511331 441178 511076 73849 990442 444286 462965 470092 641511 283840 32108 117411 68974 946779 540925 485176 185611 821971 774656 464989 136381 642412 148896 759399 121264 744801 438423 589033 211417 347636 967823 980591 503638 348053 284949 846088 598429 245923 695271 116236 511665 758235 620031 353602 221503 966956 935477 551695 672961 777412 962418 233191 769396 
129.669
49
311353 449262 748635 330491 580091 778962 471571 484353 959865 352765 910549 264209 22373 394908 573005 811400 117969 727981 417816 480842 871118 340673 564459 577019 278711 305885 181198 888281 843310 38541 338634 493584 590843 355132 468373 32608 215401 720210 190011 401231 516922 328957 442402 712457 91907 364699 524576 85158 441976 
120.754
61
730471 435448 622390 49905 221447 713871 167105 365072 64928 64056 749665 790458 139765 64657 228137 501794 711999 418971 844245 30417 189327 373573 443379 784747 264363 284086 712321 616979 656902 78228 779457 69720 283678 892421 462095 220360 802101 616182 772903 355278 888361 940491 187362 882966 61335 982231 430042 367838 576707 766321 362463 106782 605558 83664 761134 675136 703023 282693 53157 266509 268995 
126.007
62
863925 19940 380724 75871 428074 946257 833744 380553 740565 908708 454726 783690 878837 878532 709329 845610 936262 854503 261229 114106 673143 160167 256143 936871 815946 25611 889401 293019 247960 388530 458228 423348 249858 248801 75798 426137 676985 645466 577119 494336 81196 138769 523106 197031 331559 449604 210990 532104 94272 447978 724613 460550 507828 432497 855667 764090 38607 566260 378637 818813 975173 996828 
149.681
51
881558 699788 564716 926495 109768 428938 299030 751351 396958 278782 245588 728848 226868 759761 957293 519778 907547 146026 615477 267996 154598 227086 722586 56525 998216 490990 840511 837519 881097 42995 402139 704247 40959 699613 660935 819711 415712 183479 97913 383128 74445 914764 117221 445341 797688 638223 922244 831365 821955 432370 800834 
129.136
68
533150 665735 933183 766267 718540 917904 713237 784996 880987 201174 746658 91587 430102 876175 830006 53523 193049 901161 954183 68661 973704 351473 327207 961770 658249 630229 764393 18531 851576 130418 299042 690489 292355 482763 460190 859767 912313 475884 109816 696529 875317 780322 586517 528015 810730 787621 825145 417704 498830 721587 905387 473455 361734 261502 479874 611328 678253 427514 202724 640117 146488 190518 709670 329549 286511 461791 313444 824997 
140.398
57
61982 75036 466635 479501 125645 397797 878962 467683 71288 769296 560708 225561 529122 490376 708578 562468 40597 986304 874961 44039 349404 978751 49067 303548 222393 538228 568885 549912 262772 220458 337661 108178 520677 839545 652090 840243 17772 364076 93741 907972 547443 528473 769005 323924 941873 1664 229297 969283 921525 760758 568481 690449 936611 527585 997538 377575 775375 
124.713
68
181223 983339 602160 919278 988295 354607 696900 777453 556699 52169 762518 307798 849611 905289 786127 328855 377302 152351 666594 502723 518342 715571 724911 722015 38279 491350 869812 875541 175864 331111 543249 456960 870792 610554 727708 94525 287607 107786 961914 914838 387789 54731 179868 740794 470475 917080 350956 338453 948346 335265 975714 536194 985550 48415 614896 954342 798221 19860 683264 264396 259012 499865 957489 32662 479622 18339 428931 856717 
128.063
56
457229 67634 964382 800872 943364 231485 576539 513623 438542 750106 122786 173862 741865 721386 495442 815521 520376 276218 982731 833739 162450 46606 36750 480285 959581 683034 543905 592808 51926 990836 746838 20357 695644 564901 655231 558939 33574 388248 8351 782346 676669 102102 593205 248166 159365 207041 433018 940084 708835 130700 824929 810102 909452 583790 341953 755078 
119.598
47
914412 330904 520446 234069 317689 992218 43785 499646 744356 490616 839991 641458 930114 472229 968863 345808 760433 850007 98337 140403 57155 928219 51534 545109 87115 795291 258588 988761 342957 28227 862914 754578 286962 438277 727110 560308 736316 763148 842953 19093 634393 878845 138005 621521 464686 623853 952323 
127.598
65
886155 62599 293746 916266 750944 344241 697862 919173 754516 45796 296897 980547 810159 3371 968913 264069 819856 936 712886 809609 400621 239292 413611 836238 872179 261282 475355 512019 690259 325118 72153 747318 667279 469659 920415 444436 58881 260924 20106 566894 154806 649454 752450 795166 133658 148748 926292 650015 581963 110460 834076 311364 808489 707861 309023 853526 301432 28127 475953 137185 541864 845482 707689 142975 320663 
114.533
50
1283 654627 14781 569996 348650 217064 163713 609690 50764 204285 377250 106332 369625 927116 531643 478380 119155 133844 486842 389584 241066 780736 706928 347190 68049 450153 655231 814072 761427 406783 827591 724621 639526 820917 128610 113259 191042 737235 979678 632628 283232 237834 174873 116497 464178 527652 18953 51099 249497 251297 
119.388
58
552269 238894 843732 815386 318949 575432 109752 764760 223204 45233 828416 464030 390029 372290 26404 846173 971799 793095 150217 689346 470597 896371 922687 643470 453443 92240 262500 910988 980022 389231 52431 529213 502022 712286 666377 96874 292907 257065 405819 17351 78356 658016 103861 750553 550406 634660 812696 127012 913024 732416 151439 992649 523451 110036 380627 773089 83395 247611 
123.57
51
611126 316720 757436 339089 991893 67143 242054 330927 846239 601865 339545 513003 864620 198496 733549 721693 683568 518293 608421 122972 81419 440019 714462 24188 430327 461622 407586 380444 508745 591240 521384 532964 272929 351886 609354 576848 704257 106542 215787 814166 701844 462096 514117 576679 8231 208758 100984 265957 848125 593877 998498 
131.083
73
546541 776010 90037 682118 132081 150672 459595 709921 349152 828670 200200 395317 830408 301966 359351 730465 704140 572761 427067 199568 136084 537400 518727 493682 707355 958966 910396 454557 970211 89341 604164 583582 102396 53573 697849 313572 348457 134176 191352 375283 900845 262971 311397 625017 294189 46665 723478 606406 217436 451834 61667 982742 546784 758013 631062 596055 305137 638192 314624 572795 770993 725645 276973 865925 788782 546106 313882 360042 77053 343934 140756 356542 362424 
137.599
59
372109 611270 645801 109592 9880 843765 74976 905371 543799 969172 155402 425624 364994 666549 16654 12661 569812 702824 860291 741928 960504 636692 214750 601171 716650 346197 144400 89053 582421 581349 80659 721288 523271 20375 960284 732295 750390 556281 711849 242366 747184 197218 69585 435798 488891 631438 503198 545507 668753 561347 720325 943194 776337 227148 368441 888184 405319 83825 288670 
113.317
51
812975 384907 397227 901726 138059 979309 904862 870544 339838 843839 60742 346977 783765 20919 747239 316974 275626 641801 200542 432554 776443 949386 653494 278715 806702 62897 371643 618155 147126 97628 322259 439242 684727 129047 433636 851511 842441 557520 473762 750693 105027 384768 519883 100537 429883 415531 223873 75705 136181 914290 540705 
109.24
44
960592 963150 284685 841942 42117 742060 35581 558185 124442 675012 194808 165378 905269 128893 180325 842170 781684 528193 803411 380330 497697 944264 470753 377253 335220 633356 332337 610799 235752 600327 130579 30964 690476 220668 523205 712426 580350 396452 544230 86900 38382 670468 6570 347030 
117.967
63
941811 194620 313244 312457 985344 708256 527186 283232 70428 742911 990544 7543 18075 549667 826449 878387 812465 262303 632984 170780 746385 920840 825983 228790 39573 597647 140130 6787 971641 628573 572454 921524 829299 5356 123984 613979 414311 723639 968509 877901 882998 1963 242676 876841 810942 650843 37520 696618 155147 949469 309851 313939 619510 433843 268335 614661 121257 701579 819789 574686 638540 94926 533536 
116.664
56
229998 812549 568892 931457 438008 609803 323765 267736 404568 604823 130966 118064 733246 421091 552425 235391 667501 856764 427972 21486 368892 616305 442129 432742 497686 563329 469278 748835 236591 443558 892048 609447 6585 440268 839852 459370 111323 81098 313725 600995 339145 273533 679201 897276 54891 261463 678249 305603 321007 745154 949209 981279 525092 383365 276816 645214 
123.028
50
35788 704465 346027 300134 165486 797735 512649 459864 606154 754398 968240 203679 884331 10161 781764 803112 23165 262536 867163 914583 320055 157678 163805 710444 631412 44213 611624 248600 468825 411864 883476 507731 309567 250784 89624 744271 540936 184313 252052 865663 452021 887227 328281 683506 992293 255339 307551 257017 85359 540747 
120.493
64
909330 708668 38671 892496 489129 246152 114510 662777 561451 161908 326402 795453 693892 547806 281729 829697 812677 898387 520665 376617 830754 172118 252699 840010 413700 964093 801471 269591 240170 613475 537056 175498 51270 114645 570663 616585 687325 406447 512894 527796 777629 851711 407198 304029 125369 201503 250395 369179 695716 495162 462717 818612 86441 715703 81253 482818 61366 14480 838201 1452 918371 226304 204106 457830 
136.544
65
369295 364924 892712 558603 168004 744879 636046 240233 1280 154862 288263 309582 86002 69763 914532 170261 601517 188791 242650 156797 706310 447523 819334 402012 907682 966482 479677 785971 23094 333265 481431 383889 863797 342058 573257 787102 675660 357905 711956 175627 706437 825294 506900 121133 429755 818230 421581 886936 729568 864632 772914 29156 551736 414877 559015 129696 414206 532073 913537 25897 658023 997968 871117 339168 407462 
140.3
63
52212 321419 850239 221032 120253 347560 567849 852233 478341 607585 226764 948970 6454 151326 290527 925847 303449 85468 498369 298182 640175 404378 583843 284360 291809 746247 636422 679793 907025 891444 999506 126218 598237 120607 303930 599178 445968 940789 194166 537557 221772 938264 310978 507966 759573 833669 841565 73421 536605 277748 308225 779308 486436 930064 844653 268992 341334 565099 742650 181008 11981 485952 909807 
149.257
64
31859 324656 328809 395623 876806 911700 328144 80437 520489 832425 354353 390305 296132 942974 769753 186281 121847 146859 995537 856619 14449 276519 59440 11854 82965 849228 513787 754770 989337 539378 923214 544422 96359 33285 704715 41162 275304 638746 252276 534017 982276 129090 228374 139801 958313 313433 507193 22920 65695 107871 892800 80729 554831 654723 707764 889820 867156 198562 877253 160084 693354 3985 382975 935549 
123.9
64
675850 999260 937716 365276 340805 54655 694203 611610 590662 561485 152826 284509 629882 480318 699354 11703 948266 358364 690591 96639 680828 63291 2619 145430 163857 320862 909325 805996 482173 768238 453849 917353 875021 145587 551713 755547 654354 434382 921658 600801 324246 874244 227395 223871 289831 748687 822780 917628 143339 661449 383214 776532 705780 884657 31046 327087 485260 773042 879681 497678 469831 742287 500085 793484 
107.592
46
600713 239229 737237 563504 899682 306100 928659 25833 345092 333733 935772 417782 841741 827527 487162 21463 582045 559193 496928 238401 937989 905484 873031 683869 540328 552531 310705 508801 52010 892956 404782 4260 400675 150598 88212 860492 277630 328949 972464 464971 282532 623995 749878 557685 731940 846319 
141.867
64
12996 619124 102263 351483 928245 574268 373956 241515 141093 47889 474746 232167 139107 34878 478459 863907 264461 961352 609575 794897 768842 661180 448383 933763 568707 289659 251388 488007 107034 799956 581804 709973 562630 363894 488761 923839 380750 712648 1983 723700 67488 853760 936105 548457 714258 41143 843469 30646 383907 428954 892437 336778 993817 971078 438121 483154 671486 611400 418795 932224 270879 813364 626204 968589 
113.756
60
749271 807064 484810 143255 223900 975823 23993 861992 973831 60676 530395 701606 419474 493358 405841 18217 837153 557536 910368 571350 732215 117098 814647 903865 303851 594894 70179 375295 666568 568765 281638 141525 542043 549673 622487 463360 492271 615909 95871 343950 396443 150586 794071 516404 269446 142507 237434 91765 459306 722088 870777 232895 788658 642177 589311 900209 697604 367677 395862 740715 
127.939
61
135787 154452 282148 763032 165898 479863 915245 56759 649711 791905 543530 626342 213628 239523 218164 671882 189689 537971 237274 496267 703469 545901 732280 870314 766431 332404 326343 930367 293943 411383 833585 866076 131559 514549 627570 831869 955577 594081 344977 680481 495860 347404 969240 784240 305373 371944 881419 598579 77023 180616 738535 616573 969183 803719 587949 962351 765224 217831 939917 277746 287703 
131.985
61
316988 225790 808124 691318 962038 211559 5099 718072 861825 673579 672859 490007 676899 326327 198289 66677 738294 120955 236284 859808 217052 745675 400554 436126 121746 645754 220872 416879 167956 990156 409145 107871 617656 448515 886074 698869 731496 610582 973035 414604 569562 858049 613721 946315 327486 556990 963069 495185 28125 269223 320606 705928 259489 541365 824220 92617 632787 439435 485161 35258 703261 
120.064
61
448170 427534 131895 527814 298188 293411 329162 776286 732710 298750 715646 965484 567615 843323 77097 259848 550236 701112 813353 805841 840565 292869 394089 950408 512656 724622 274918 243730 602167 226703 85231 739079 329323 263419 382283 150150 853637 509827 652891 605545 660456 938250 341750 388518 416446 337201 332240 449476 441732 482101 824905 9174 776088 644735 978345 11647 66044 175287 461189 659926 937175 
129.386
69
869174 641882 921265 274684 484656 232219 178701 543320 393836 679737 464033 782191 912583 313416 355700 21585 207732 365569 134099 678887 355105 934187 702706 199994 213456 66691 874449 136183 533687 885510 522613 611167 465712 58622 4792 120257 57681 396423 215037 65682 763266 580879 581656 585385 833874 201216 910808 967129 706365 503556 222201 604234 81685 400857 760129 284829 701684 959171 963213 642611 534341 195248 276193 492291 942839 608532 319432 4873 868541 
150.569
60
311347 856568 351987 938118 214852 462467 857844 100614 989281 493906 591015 377392 883234 562286 68360 899243 165208 78187 937938 817801 160160 992613 892123 598978 580565 995459 363635 88966 842573 312706 177058 63757 157081 22390 204907 995523 914929 153011 72145 29587 70931 392394 979494 636223 812105 504210 591583 687747 919593 992902 29787 84796 477150 175150 756878 688192 491330 715705 376173 943771 
121.53
60
105616 876976 114182 58990 869605 972578 419086 938266 275949 553603 502476 878329 255883 544286 128665 232677 472657 476776 656818 931525 548677 440167 664715 794527 174415 699213 155271 895389 589580 607302 732544 950904 116237 482500 15609 572536 483956 882980 459858 895490 539802 556727 353375 367973 755555 529240 246478 592617 371939 132011 604224 255345 196906 366186 11805 518230 355446 705646 592650 943288 
118.728
