12
109 677 63 342 594 763 874 276 530 442 79 436 
12.842
13
998 71 772 737 360 688 486 8 88 420 261 162 436 
17.059
11
782 436 159 163 282 406 134 214 552 49 673 
9.171
12
778 782 610 160 290 594 647 363 787 936 107 335 
9.966
21
522 695 20 475 677 520 450 535 723 240 682 6 100 495 16 735 960 470 656 203 751 
21.918
12
231 568 778 358 47 703 5 978 652 425 33 75 
11.445
12
223 674 615 42 883 918 403 670 881 428 64 319 
10.578
11
928 900 955 881 151 886 987 494 753 14 252 
13.065
15
626 451 583 826 504 928 569 543 629 718 769 355 230 375 615 
21.178
14
734 265 972 237 444 299 90 557 788 54 207 881 96 171 
9.72
17
774 85 348 317 934 169 531 556 87 38 938 74 704 52 181 490 784 
17.05
11
609 463 41 846 484 621 454 973 317 524 716 
9.138
15
82 816 278 890 353 679 171 124 905 974 908 407 454 707 822 
15.399
11
583 427 511 514 722 453 22 90 421 469 932 
7.855
14
288 452 259 885 532 355 776 945 664 345 247 884 235 994 
18.241
12
268 767 894 828 668 775 969 359 603 714 238 489 
11.643
13
228 273 579 853 488 345 611 398 607 926 21 248 823 
14.166
14
828 143 567 887 790 976 297 335 888 121 233 187 41 906 
12.901
14
7 954 71 651 795 603 556 68 705 663 653 151 117 962 
15.946
15
603 844 574 565 253 129 582 459 145 240 268 594 487 515 743 
18.242
13
304 78 569 924 719 7 812 480 651 58 778 627 676 
10.865
15
374 631 137 81 840 677 865 451 486 561 933 184 485 398 843 
19.698
13
280 808 366 455 7 660 102 85 556 48 634 192 835 
11.046
17
720 672 872 707 350 745 300 24 793 828 443 726 335 599 826 175 922 
19.466
17
619 325 358 770 183 490 831 425 903 143 907 118 438 576 350 4 246 
22.157
13
142 108 552 777 209 661 888 936 159 781 526 723 911 
11.62
13
264 367 73 468 84 633 333 691 480 925 723 184 192 
11.972
14
586 804 886 79 585 751 531 593 787 134 802 183 280 866 
14.458
18
779 908 458 235 917 981 664 198 283 307 845 901 17 632 425 374 83 626 
22.357
18
716 935 132 325 560 519 183 607 203 981 626 437 608 66 688 319 505 987 
19.555
14
220 85 818 182 704 204 635 41 948 774 452 907 31 916 
17.603
16
637 714 848 171 797 890 360 825 875 430 847 877 439 828 98 859 
14.567
16
399 189 823 250 981 604 230 440 322 323 878 732 782 405 113 647 
21.475
14
770 640 119 41 313 596 975 462 684 804 950 733 712 853 
8.802
19
151 213 604 204 262 542 739 82 132 115 639 45 780 239 59 435 727 71 611 
18.859
15
286 672 277 168 50 175 311 392 867 503 352 651 907 309 876 
20.522
14
293 397 318 863 176 264 676 262 775 223 493 756 194 667 
14.932
12
347 949 193 850 199 612 130 803 488 836 48 929 
10.546
19
915 27 716 271 705 424 938 744 907 621 877 223 437 377 966 687 573 989 992 
26.256
14
576 553 40 220 634 635 148 872 530 415 889 311 122 247 
16.272
13
546 707 435 675 671 644 587 638 74 904 721 363 627 
15.064
14
946 670 198 673 508 96 433 382 813 578 410 810 181 838 
14.924
12
311 716 372 551 581 240 602 414 932 244 82 199 
11.607
15
517 638 345 789 63 608 903 398 756 499 519 750 908 37 72 
16.814
14
437 6 751 967 334 337 542 685 693 995 9 532 210 622 
17.539
13
910 922 619 907 416 258 510 231 782 96 944 40 230 
13.129
10
290 39 666 745 258 755 996 734 50 107 
7.872
11
666 973 253 440 965 6 992 79 855 377 694 
9.977
12
797 645 656 915 801 281 433 605 992 894 164 886 
12.866
13
339 851 621 815 538 894 983 530 767 726 852 159 869 
11.155
12
537 116 554 871 13 244 261 608 97 615 44 410 
12.827
11
509 512 207 771 934 492 733 789 693 607 756 
9.958
15
499 747 337 663 775 46 56 143 894 113 486 942 768 668 709 
11.636
14
69 655 293 934 533 289 90 698 607 789 837 112 257 474 
15.644
15
540 43 478 448 921 573 308 212 197 620 340 865 234 240 451 
16.378
15
116 227 285 579 514 598 658 825 251 771 421 154 577 18 518 
25.484
13
409 402 864 387 27 915 922 470 555 651 869 200 945 
20.548
12
608 837 603 133 184 548 193 48 596 401 36 267 
12.426
16
132 56 759 764 677 27 281 510 789 351 723 39 672 352 67 864 
17.813
18
597 341 954 907 466 869 96 208 908 46 169 815 167 911 254 629 155 928 
22.882
14
24 180 993 784 169 735 337 961 62 727 133 170 143 817 
12.084
13
258 170 325 87 232 967 488 827 962 208 444 91 790 
11.507
14
735 14 315 368 873 947 547 383 336 89 837 842 77 218 
19.993
11
157 561 58 895 435 1 100 721 448 250 752 
8.244
10
120 796 174 260 309 599 877 21 19 440 
6.948
13
636 918 791 532 921 644 89 96 280 643 484 64 509 
10.839
13
626 604 495 857 993 995 955 314 679 982 786 7 288 
11.179
13
59 463 660 722 580 849 303 347 848 930 518 280 426 
12.522
13
454 754 650 241 873 363 395 624 957 82 751 163 326 
12.539
13
839 370 480 538 629 677 620 2 30 491 487 102 812 
15.302
12
760 644 609 882 987 37 162 298 694 802 186 524 
9.649
13
173 893 190 588 4 367 27 458 195 936 587 185 443 
11.607
16
709 183 325 417 639 378 752 410 372 455 419 509 352 751 655 929 
14.085
14
249 267 574 202 265 373 346 183 876 9 866 499 103 623 
18.4
14
873 203 698 344 353 811 144 329 419 744 777 182 146 566 
17.849
13
328 897 155 440 587 75 118 102 726 226 833 9 770 
19.929
13
947 536 258 193 924 81 769 453 659 154 196 218 745 
15.267
11
541 653 770 575 715 785 527 222 45 29 553 
6.218
18
403 156 148 795 116 441 598 709 885 66 868 356 671 741 697 284 81 102 
23.656
13
292 566 298 935 146 489 769 880 96 151 543 59 744 
17.237
12
753 274 52 647 102 812 311 468 687 470 243 799 
12.511
14
702 683 738 608 120 906 157 271 280 196 614 263 50 913 
16.348
15
726 792 287 134 278 364 291 527 672 671 561 246 253 314 438 
20.535
13
489 436 354 516 24 566 709 977 989 240 609 196 807 
16.361
12
489 189 122 990 530 689 803 734 568 446 127 160 
10.929
15
969 114 260 505 943 908 785 799 625 390 721 267 827 458 878 
11.884
15
837 291 669 670 847 135 136 802 355 643 272 788 939 260 297 
17.349
15
477 126 158 324 932 640 68 620 952 827 759 503 20 157 569 
13.6
14
397 429 622 809 345 488 497 89 330 129 915 775 51 852 
12.011
11
723 691 117 706 149 470 684 790 124 75 119 
8.184
14
539 573 421 176 82 187 330 677 974 79 821 411 144 840 
13.912
10
691 168 444 302 485 531 542 297 41 497 
9.316
15
573 936 3 287 496 727 855 715 82 267 578 738 209 124 893 
14.362
10
33 586 227 107 257 471 743 483 31 722 
9.153
16
178 293 925 400 47 797 823 153 264 456 72 59 185 716 46 614 
14.839
11
836 294 346 992 815 142 980 768 834 79 643 
9.65
10
163 946 296 618 738 154 770 957 30 984 
8.096
12
541 96 192 649 135 974 202 271 480 245 171 998 
13.62
11
346 652 463 734 440 383 670 288 525 45 287 
11.756
13
290 434 609 868 537 208 211 272 120 250 323 38 922 
17.548
