23
266 9440 1282 4160 2757 3977 1516 6877 4444 2550 7441 6398 8036 4317 7389 995 9492 9361 5474 948 9519 3615 7825 
22.978
22
128 2626 8723 3465 7036 4447 5721 784 1064 2655 6376 7664 9863 5811 5405 9902 4687 7420 9455 1853 218 3468 
46.288
19
5872 3266 5373 3452 9099 9997 2746 5087 6552 64 1022 502 2633 9485 6868 1363 8411 6894 8910 
0.518
24
8134 3886 1484 9413 3216 8581 2312 7212 6421 7999 1232 4110 3001 4699 5246 2279 8405 9969 6100 6222 2760 6321 693 3354 
19.346
20
1218 8477 3781 8641 9812 5414 534 4938 5454 5566 9116 6818 6083 1110 3698 4059 8062 33 3248 3933 
51.624
23
7189 7163 9278 5161 6680 2001 8106 456 9094 4578 6304 1925 3538 6997 5914 6889 520 3407 1652 5652 7666 5498 8820 
8.455
24
2887 4886 2165 2906 5725 1841 9542 7069 4203 3126 3046 5701 5418 9112 4460 1465 3857 9271 5690 3802 7277 5651 6299 7326 
20.899
22
2567 8500 4150 8414 1496 22 1062 890 6265 8718 5720 6580 8295 1505 9234 809 7239 7595 9771 4605 5506 4112 
0.525
20
4557 2096 2123 3927 7605 2051 3950 7855 1981 5059 8371 3508 8032 4090 3976 7505 8602 6511 168 3407 
21.923
24
194 1187 5720 1735 9186 7270 2488 2635 7950 3872 1043 8199 7684 102 3260 7731 4993 3600 6585 7006 5324 6103 1650 2203 
34.136
19
257 8341 2106 1638 7188 104 781 6366 2495 8247 1696 8816 5529 9928 9769 3050 853 3006 4872 
29.988
21
3007 6815 3447 5540 7960 2417 2877 4352 4049 6641 9471 4618 4784 8785 209 3612 3331 2453 6605 144 8130 
52.343
22
667 7883 4450 4876 4920 4337 5098 5964 8501 2537 5546 4011 5503 7305 608 2974 768 6844 6723 7759 189 2023 
27.511
22
3828 5006 7002 1992 7199 5354 8243 2644 7042 5069 2287 7475 4610 8090 2292 739 2846 7262 5741 2657 5971 9205 
19.709
18
7661 8804 8425 3241 5518 3833 9059 2453 5893 2905 1114 6585 9322 6145 3031 6420 437 1062 
16.693
22
8436 9503 6314 5952 8422 6757 6198 2903 4450 8129 3727 4541 4033 5010 5068 8915 6085 9259 9304 7973 380 8823 
35.888
22
8925 5890 7518 8231 5579 5764 3116 6046 7451 6929 9503 8754 7273 6686 6937 4361 3448 3745 776 5798 7916 8694 
42.77
28
7827 484 6047 1090 1991 7449 2447 4886 5782 205 4784 2943 78 5391 6490 3747 6544 9141 4578 3054 2605 4147 9431 8283 9938 9389 2059 2677 
20.3
18
8375 5618 3742 8169 2118 5151 5138 8126 6062 471 7271 2994 7895 6155 5910 2705 4682 9326 
0.546
19
6839 4198 4565 5175 1159 7416 1632 9322 6894 4138 6774 2413 2564 4948 2408 4516 5834 618 3290 
36.548
19
4911 9561 9912 2586 8176 4292 3821 4975 7065 1834 6510 6015 5205 1923 7914 2987 2885 5673 9590 
25.97
22
4113 6067 6369 8794 2533 5557 2679 259 2850 6297 8224 6803 2844 1784 454 5574 8102 6630 113 4782 785 5224 
24.31
17
6378 4820 8723 5954 4002 4663 5251 8159 8319 1056 4450 1057 3059 4731 3776 7728 6777 
4.449
19
8469 6916 1898 7659 3913 8294 8319 659 1179 1570 3598 8137 8635 7906 4651 5051 5662 581 5626 
12.798
19
3782 7476 7922 5630 6001 530 876 7138 7744 1830 7689 779 928 8885 661 6352 7313 71 7064 
17.544
23
6530 7448 9600 9962 4878 8363 7489 861 7692 8361 419 8418 4246 3278 6388 8264 388 8390 2894 7 7269 828 6663 
13.456
19
5029 8273 3468 363 8198 6409 4725 8236 9061 1575 5562 5103 1611 5466 9799 2629 4259 578 4170 
28.572
19
4186 4381 1862 2126 8354 8475 9298 9558 5654 775 6388 4718 6296 8065 3550 1800 3931 435 1145 
20.636
25
8134 5021 8124 8450 9149 7299 4389 1919 2917 4581 7081 5944 3573 0 6325 1494 3955 5720 4468 9623 5840 7784 565 1979 9090 
44.878
18
105 9215 1099 264 6570 7390 715 4263 523 569 817 4171 8959 2838 1343 7052 1852 4432 
17.554
20
748 1852 2517 9012 1077 1551 6953 1952 6142 1825 2207 6471 9259 5161 6809 6217 2011 6585 2468 3192 
6.162
24
8930 4969 7274 2575 7224 5181 5333 5503 2257 4367 4605 4575 3150 25 532 5959 2625 9039 1056 6425 1832 491 277 920 
16.559
22
6352 1230 7003 9659 2897 5935 6084 83 300 7019 9032 1376 8998 4570 4743 6733 8388 6085 977 3994 3733 7193 
4.26
28
238 8051 3189 4450 5439 5782 3263 9914 6319 619 2352 3862 8268 2900 4042 4778 351 4834 4902 6330 7525 3068 5482 6374 5539 1476 471 9011 
33.463
23
6499 9518 4474 8797 5123 9431 4080 8787 672 5062 3134 2222 5874 2307 9688 9734 2803 6043 1339 2128 4885 627 5586 
34.822
22
405 3045 5248 7558 4489 7191 2157 3115 2636 3986 3132 6837 4744 8162 1040 9212 3687 9686 3621 1468 2171 4704 
20.463
25
9905 5191 4864 2297 7277 1253 1797 8303 6708 1644 2822 2936 5593 44 5264 5888 5363 40 6448 146 5312 1014 1549 756 4568 
11.714
21
2800 2100 8249 4584 7898 3194 4862 3978 6459 867 299 204 6646 2079 7850 4348 3738 6684 1631 761 5033 
4.929
21
3238 832 8238 6030 12 4447 2274 7558 6762 58 3913 923 9476 1326 6353 5844 9808 2396 5951 3773 8894 
34.103
23
6436 1670 3834 5747 5577 2467 4436 6135 4098 5440 9392 8638 3766 2447 7489 8045 2190 4761 901 1059 6144 1263 4812 
24.003
23
3720 2865 2070 8927 5669 233 4664 7716 8431 9452 8116 6996 2258 3069 2843 85 7241 4947 3344 6110 3942 972 1264 
22.893
23
9973 3576 3787 9494 4868 5983 5650 4159 7538 4392 5504 8688 3227 348 3379 9012 3478 2536 3511 3262 9548 6374 8694 
21.406
22
4497 6302 2882 3996 7671 8016 1639 1305 4491 4444 5359 6107 5122 4365 2363 2032 5291 7429 2997 515 2425 4015 
9.304
22
5446 7246 8829 4914 3152 1527 4418 5768 7563 660 903 4930 9541 929 8230 9444 7224 6024 2843 6820 311 1705 
8.389
24
4726 3207 8963 9172 1248 1357 1456 1623 2668 5762 6905 3279 8150 3838 3959 7277 1575 7639 9749 6989 8648 9779 1117 8222 
23.22
22
933 2364 2092 3759 5347 3696 9263 9157 8811 5589 1668 8761 4125 1778 7195 2858 4713 2814 474 7531 7359 8590 
15.075
20
3214 4926 1839 8975 589 9695 1098 5579 3393 1554 6938 2649 9299 9877 6530 1084 8044 4825 4469 7472 
15.244
24
8761 55 8796 4357 7928 1212 5656 9508 8954 1562 7432 6318 3854 620 8026 3042 8599 1351 4609 6941 1968 8847 1358 4683 
47.942
21
6715 2068 3349 2442 821 2750 5518 6987 9307 2843 4849 7324 2379 7968 8609 9034 4550 7752 5881 951 6876 
30.722
21
6534 5912 8214 2826 2417 5398 821 9779 2178 5929 7413 2440 8041 6238 2782 3305 9044 3614 5848 1 9304 
37.275
20
356 6108 2519 4836 6298 7470 585 699 4329 6568 7879 4609 5845 1186 1706 2641 7156 2108 4765 9109 
54.82
17
4409 7895 259 1692 3773 7565 4104 4092 6855 3650 7692 8645 820 2403 1956 2198 4902 
14.369
19
2799 6085 8591 7129 1499 6175 7254 3331 3476 3180 3548 4843 9132 5948 5860 5 9189 163 289 
46.734
19
9123 4885 8201 9752 7122 6109 6699 1623 3880 8103 1545 8482 9975 4144 4704 7938 9402 3312 3973 
23.647
22
8159 1926 3150 3204 6285 4792 1427 4846 3151 745 5153 7462 5998 9452 9997 8437 3759 5671 7085 263 3118 5209 
16.104
17
8966 6239 9727 2922 7589 903 5273 8093 7253 9673 2221 8322 8063 2874 9925 2028 2429 
13.055
20
265 5437 7692 4384 420 287 9314 3042 7840 4053 4710 6805 6546 3075 2634 3421 9411 7350 4132 4211 
4.182
16
8288 1941 8369 3016 1987 3158 2722 6004 7439 4159 7992 2768 5992 3115 4831 6458 
10.509
22
9476 5818 6985 5784 2312 1074 357 3566 8744 2587 5154 5291 4141 4647 1810 3266 5220 8578 2901 4335 7371 8174 
49.919
17
7298 2967 427 5736 54 6661 6991 37 7857 9813 2998 6273 7936 8182 9588 2750 5737 
20.989
25
5647 4818 8202 5044 5547 2607 6396 9228 5528 9679 3353 5171 1688 8538 6116 9560 9930 8412 5813 6685 6815 1008 4174 2437 4899 
26.678
21
682 1881 2125 7298 5135 3726 159 7270 3248 1784 1529 4057 3750 4624 1536 9552 8492 5759 6062 2432 5145 
17.946
21
446 7249 8730 6505 8193 3068 651 9130 3711 7582 5502 8299 4489 6118 6531 3150 7624 9869 1522 1537 8994 
12.38
25
3803 9412 3487 2794 9724 1103 1877 5704 1835 2465 7541 2176 1489 8168 5088 5518 5996 4944 2775 1136 3162 878 9102 3070 7739 
23.305
22
5029 2993 8092 2050 4228 8430 6224 1836 582 9241 7654 5860 5500 1447 497 9396 4999 7564 8632 5286 1762 2150 
19.038
20
807 1523 7386 932 5898 9781 9089 264 8410 4521 8319 1313 7121 1178 3070 2854 3794 8156 2495 4024 
26.371
18
9746 6134 3202 7411 9154 8165 8422 1317 7685 4510 19 1972 5583 7256 2593 4779 897 6759 
49.548
21
2334 8668 9927 8347 5689 8209 804 5917 5469 6104 6385 7329 244 6116 795 1712 4462 1207 9421 4822 6321 
23.023
25
6656 1301 6165 6942 3286 7543 5072 9653 7453 5855 89 3128 2923 168 4688 2721 3782 5024 2650 5314 2921 3762 7472 540 7518 
56.327
19
5506 3791 7722 939 9850 1534 5634 937 5283 996 2062 7066 9495 4862 3075 7058 6973 2671 4623 
8.225
25
5651 2946 4041 4134 7391 9180 7396 8517 5348 7254 5577 103 2824 9680 6814 7835 5798 2253 5596 1649 2409 6334 185 1698 8641 
49.084
20
6171 1889 8491 1327 5918 3896 6470 4772 8800 432 721 1818 2167 7166 4846 2611 8755 670 3032 6598 
27.697
20
6778 1333 4626 7433 3411 834 5608 5233 4191 9620 2042 4287 9563 2590 7026 3906 6462 8870 1027 5342 
12.139
25
201 3675 8442 8667 3615 1099 2285 3931 116 9072 2154 2788 1998 9761 606 7498 577 1121 2602 5 1144 7064 895 2099 8074 
33.954
19
6051 8175 982 4126 2169 7042 868 9484 5660 3427 7327 3622 2104 6474 573 6834 4847 35 2405 
17.264
20
405 5869 5993 5 4230 3439 4738 66 5093 2228 1156 2166 3274 3831 4212 5020 2003 3597 3338 7622 
0.54
20
3185 5792 2947 9851 1902 8117 7020 7795 3532 4106 6817 734 851 699 9836 5178 9454 8728 6353 9463 
23.844
24
3865 1275 3804 2900 8713 1339 6171 5642 5150 4971 6029 2045 3254 1772 7063 5850 9838 2468 5430 274 4676 584 6181 6499 
20.878
22
5946 9202 6244 3688 3595 9446 8917 5365 8580 556 3791 5666 4422 7235 7989 7069 1591 3406 5191 9971 145 3083 
25.022
25
1084 3316 3141 2867 3882 9477 2232 9593 2265 6369 1739 8632 3589 9490 5888 795 9451 5820 3552 9941 6972 3713 566 60 7183 
26.612
22
896 9436 6197 9387 4700 255 1714 9827 555 3203 2246 4635 1311 4100 9526 1269 2470 4526 367 7403 913 5823 
23.553
23
8308 6435 894 1159 2495 164 7311 4433 7537 9069 7489 4966 9977 2785 1395 3226 2854 8771 840 9926 2890 1510 7158 
49.631
21
6608 7969 6009 7719 5658 9290 9496 3590 6826 5156 3119 783 3054 5902 5248 7421 1615 4557 5412 650 4628 
23.321
28
6450 1337 9358 6765 2558 9024 4005 2014 2970 6061 2076 883 9090 2484 3576 5504 200 4314 7173 3506 6105 4150 8312 377 5508 4387 157 7652 
25.708
18
2794 2995 182 9212 6223 9773 9247 1801 1413 1591 7788 3082 4792 6346 1578 7626 614 5630 
16.214
23
8296 7980 8033 6997 4396 6072 2138 7947 8066 6844 6848 3408 1246 6263 9253 7803 3856 6010 1187 8359 6477 1872 2362 
21.169
21
7531 6451 7637 1708 7539 2348 6467 6534 9393 2531 4048 7695 5294 9200 1357 8058 3429 1520 8629 3807 8790 
29.435
21
6766 7014 9426 6051 7696 3095 2946 1961 363 6070 4946 1257 9354 5468 3171 4435 7164 1542 5175 2321 5693 
20.684
24
274 2179 7984 9949 8050 2202 9107 8863 2048 4619 635 5891 4161 8501 7909 1016 6050 3012 3467 5213 4659 411 530 2526 
30.612
21
4749 1233 1360 4054 347 9508 4507 3970 5140 5573 5132 7989 6447 2201 4139 7700 3063 9663 5130 1284 8356 
33.533
24
9513 2751 1387 65 6988 9762 7268 6170 7903 7820 4028 7003 8259 672 1704 9286 1491 4859 2583 5059 6680 7818 594 6977 
30.588
20
7694 8091 138 3821 9909 116 6346 4796 262 1548 3730 616 2322 2377 8171 2999 4235 1737 130 2110 
24.299
22
472 4149 3017 2152 330 3005 411 3103 606 5779 7487 1447 4909 8116 8743 4931 9811 8235 8090 9958 3219 6309 
10.981
23
2687 4259 1074 9184 393 169 9147 3100 6189 7771 3759 6219 444 3303 2866 5476 33 6651 2193 970 685 2949 7727 
4.948
21
8588 2857 4355 8108 2654 7057 9179 9304 2081 9465 9471 3795 6525 6724 3534 8781 9543 8919 8492 5146 8384 
6.93
19
9283 8101 6210 6799 8237 9350 9541 2481 2593 9575 2210 3250 4006 6022 1681 9386 9317 105 8060 
59.952
20
6113 3802 4045 5352 7866 9591 7132 7751 5988 6254 7729 9291 9010 9667 8498 8089 5103 6378 8485 9682 
16.883
22
3231 7487 2786 9088 4193 5726 2123 2844 826 9746 1926 6801 4128 5674 4216 6639 7494 5522 3200 35 274 8328 
19.379
17
9912 9080 7647 9670 4493 1581 5013 1973 441 5200 3399 6900 4730 4338 5123 1788 6977 
25.944
20
4286 9479 1269 1248 4670 3374 7623 1023 7896 9225 3136 6503 5069 2827 4425 1854 589 4601 7020 7690 
3.921
