66
638305 969615 540430 919130 970554 593346 818472 465264 988380 122718 342214 555199 166807 341339 54828 655524 580449 41495 551417 972499 505402 250842 458535 207687 567479 632922 547233 779140 71766 831232 69838 514528 661466 182067 851271 625448 401626 393300 527345 447667 75739 8233 941440 717834 323160 487761 482035 31326 924014 3627 953126 200788 269217 662097 342431 813100 372181 627007 774318 74447 302744 729527 978013 238602 44324 285675 
1041.49
53
820111 617241 663274 474363 937207 839891 749670 370017 569540 385903 247644 928513 901985 700001 381310 181658 22468 878790 310386 551635 142568 220385 825910 254263 598792 204788 980818 6357 165889 260733 185813 275149 992213 410122 228107 763485 108455 895973 492716 447059 724252 717534 169306 595182 420391 709929 248715 265761 608129 664527 246752 191621 271121 
1543.71
62
956381 197826 591523 470077 732945 926923 4392 273841 861698 392476 880496 907842 447227 503958 718977 905846 580032 702597 804771 9259 974083 679154 655463 215964 828029 945097 684759 617484 285038 929011 481210 907541 884866 32087 833641 319441 146793 893904 419903 320779 898165 479543 967024 862078 120394 933240 278594 819113 254850 99276 221137 595807 909678 113029 30558 961999 399911 930003 853549 676985 645767 872559 
1581.79
65
723696 134726 290610 481440 230598 751578 765334 392460 696067 988201 389491 115175 721535 49201 638211 343649 629750 619394 526347 814922 451051 502987 22993 262088 354532 480711 967832 489949 197407 886375 260693 925965 736958 467435 435526 878022 919701 140049 456776 610854 834342 891387 153900 769930 13516 101741 274795 64495 615325 246416 807851 847080 951264 646829 804719 879373 728770 511439 839961 462272 729783 312137 191275 54798 358297 
1189.83
59
215915 747157 106800 959792 320830 608848 549614 467450 922722 143329 66184 622862 264416 853550 329057 341131 359798 177428 187726 236372 523932 437054 433209 922544 175205 294288 776508 778066 638077 548912 20626 769264 836796 2360 758585 196276 686874 552664 826420 382545 126921 8239 328904 15628 298343 800596 641363 158590 862230 62604 813264 932312 370176 414708 814803 795339 617279 1940 930038 
616.726
58
940355 678188 660710 381174 254605 598864 694527 745304 44473 460419 246274 367922 513636 297633 113329 882896 188034 489061 452929 889902 696835 535477 682023 26938 616950 570767 382006 474852 215149 977139 605728 682143 220138 973336 556508 69122 392007 586947 241967 164499 952771 144721 998617 381969 178028 565439 406844 370052 901632 204805 335195 539452 179515 264110 227784 396206 43096 144574 
1389.73
50
735049 925798 478892 377085 984913 462763 957870 763232 749149 669640 298015 452585 513766 283583 93173 363908 565587 547346 48999 711667 746368 37189 807191 455387 116631 359009 580457 372243 451587 79945 312394 802173 922114 62017 287062 219278 143163 477629 218047 962009 239333 797062 913539 148251 213554 363772 558160 22376 262832 811523 
783.001
57
261015 787756 353377 136498 403557 53272 323949 13388 258936 298887 231783 241045 885820 226614 980871 577990 499049 562349 356923 759839 337516 456812 282390 266111 624535 4765 657667 541589 19905 707235 265825 51232 688537 296438 926547 649877 25667 72180 780965 893453 32506 262579 505778 407016 192584 903673 25357 865877 317307 465993 448768 595803 384258 378427 418378 227813 376400 
790.57
73
154892 743031 891650 692167 598502 666755 182240 344217 452542 443348 46262 405604 739988 359096 313816 655113 711997 457088 285691 386989 755186 112658 263645 250979 488463 108607 63299 629942 785788 608521 446201 767430 419652 36414 988298 470368 486545 864620 934462 994588 620884 344256 654045 207566 277707 432065 763523 361139 729958 891303 770944 481000 287344 21208 777075 805039 583017 681462 886213 226482 92504 770566 650838 381615 981118 765984 839234 64361 314598 473256 489069 555731 507893 
738.298
51
232158 888555 54075 726554 890697 493509 468966 496599 913599 527645 559304 731376 305790 259523 101592 109989 92441 408717 593270 898551 450940 595331 370220 682608 287965 435010 600022 268042 434223 379570 705533 873411 932074 422638 81547 743904 444423 359353 615071 408401 109985 816772 534855 272623 795324 292312 912400 233071 962432 18222 261166 
916.477
54
81564 156798 844227 947147 117236 271835 810405 116498 965999 192518 798033 214045 508215 724325 273373 237448 548354 881700 976629 279282 439513 649074 234895 201041 440477 771531 863505 821590 606237 668241 347224 50765 870133 567131 77032 565040 484001 941300 588871 740375 518610 375312 792609 312335 947083 864507 149996 87952 485352 132686 653443 838877 3521 846214 
1203.03
56
19858 176237 613559 532155 971069 73519 423295 422375 917025 389702 579431 960297 644330 242242 315151 827174 914470 259144 110132 398251 583480 307167 853977 801393 584544 120630 26607 293217 16705 920605 440459 311428 592339 168770 806564 248906 613075 524496 453248 758384 765508 883925 216738 86872 206772 519466 603731 263191 70859 719848 539265 869537 790366 641386 362072 533970 
372.549
58
692995 21861 469594 707560 318977 130650 717438 369254 863821 873174 677570 925502 549329 938056 864121 26443 478789 601539 628313 96142 125435 576996 252216 61581 264710 49672 25891 527365 721552 371750 333805 148659 349858 70144 453139 442659 463898 179370 266186 398080 61722 398690 551525 33153 680020 294522 517113 274564 747679 420809 183954 352969 474185 523190 823699 316558 449021 941614 
1042.22
53
186189 981045 671228 353798 352553 162936 46549 711879 767623 508378 807376 378701 5507 127462 882594 263877 626434 283869 843905 393592 145614 134496 511543 475454 981620 370086 214922 207622 556573 814845 607227 73578 781012 202419 461822 74411 660041 108195 500331 734759 739514 583436 207090 903976 855230 982842 892253 107017 671832 943262 900742 518586 702194 
863.35
62
243984 287762 12614 853078 27416 180373 395985 415160 865458 981846 434345 601263 726640 343114 860248 516326 978629 832231 542573 633227 882319 436695 507168 953455 545955 436445 1386 837925 258899 750796 948318 349327 549907 624328 977692 352225 676610 839775 961003 786288 392093 42007 651898 383939 61616 396604 391768 953047 481668 671615 436132 851940 27728 643298 572268 612850 330782 458488 315525 401451 237540 536520 
636.007
55
975954 19436 763591 837406 868812 790498 490629 206734 629226 723481 435315 695248 723524 685735 880319 542087 539079 56165 752302 633008 93025 187342 756381 442527 176848 272433 247253 367313 913722 330433 565546 67196 5424 866162 980269 603665 863814 506016 772919 429467 621913 847974 700075 767945 931384 528451 60413 146932 471083 707297 615377 795086 644925 37925 453855 
883.728
57
364243 337549 572165 170460 81160 100321 656199 384892 223151 251155 295293 245100 675281 851087 734061 947415 579599 570518 746069 590879 657007 993609 464794 103961 142379 484306 447386 714596 220570 54944 584850 151239 588448 992984 736488 537706 846978 820403 574861 10258 431667 356967 793684 922316 255557 269588 613681 869302 890540 108577 680860 185821 474140 609431 826843 24247 430583 
1539.25
52
144975 173723 332029 741444 433128 286644 952156 396632 170251 630142 839132 653842 503545 771449 181308 157013 631716 969790 913078 715799 959938 282176 525947 883979 838786 119957 772251 780239 814636 363046 712817 751765 927324 918587 434016 212143 900915 286763 974437 255964 285535 182904 478198 57557 210207 876061 820668 126455 174674 662702 72615 176597 
968.495
63
938448 979447 911164 261707 665191 619526 362093 502292 25454 235138 86284 158566 983545 333314 704517 487337 169113 759691 145404 334377 954726 409757 145319 23446 990064 326567 816264 706823 220065 105223 877350 430711 891000 738786 428738 870597 686040 132049 138952 802131 308322 89882 280479 639486 506949 187336 682322 712354 390878 495593 243387 777967 875125 158089 535412 72415 35495 256606 566283 845616 69339 24447 749442 
1146.71
50
9430 11973 405104 656146 615504 892493 763602 808167 32157 559471 254696 204450 225834 324650 443481 219486 212550 455801 187183 657092 389424 898088 145424 587313 413968 112742 175916 278166 49569 165703 155906 598820 220760 846075 534019 967604 138191 481034 285053 729682 935708 311556 32792 18363 524459 524944 84701 867065 302976 493940 
1293.41
54
375477 919343 975345 274555 603191 629469 522912 359096 5463 311416 189677 320992 622221 945036 377143 579476 586830 306658 259889 459567 647115 276130 270386 355961 174339 172515 575479 351908 3119 188866 904196 339610 242151 734841 381015 437034 121050 222625 142696 960497 890053 443404 980478 439713 250237 996467 666868 475352 374305 959874 43102 610202 14066 668807 
979.19
56
741497 368775 693235 388822 875085 327138 349699 805781 534019 942516 406102 111887 899463 58175 225952 450757 94141 926177 97577 740506 44450 755964 715337 626724 605503 433925 729712 842421 508836 524690 820055 312106 87407 773847 262953 559286 56121 967709 777667 900267 462172 177894 354855 74077 388788 848674 390123 786336 268719 100806 195162 742487 302154 394457 243086 871747 
781.656
62
181428 407996 135822 966987 103912 435492 282246 456344 281643 949301 619388 939959 206430 234952 474055 231396 118666 992111 940726 970671 508007 863065 591351 187854 609319 803769 204522 736632 838634 714488 439967 225270 608768 355178 973252 608585 531353 823025 626692 833661 445975 776071 407551 373243 527208 252824 237323 309734 832503 740700 718735 919607 621787 965959 879750 845545 187804 509959 7432 211237 209433 538445 
1340.51
48
270110 655378 417578 909994 687994 430501 503844 573037 295196 832248 609516 89847 453606 300144 718261 661641 398602 213057 505834 691110 881450 211836 959874 597268 433290 485212 621334 131808 986901 206277 580528 609183 207792 798648 643706 144449 109122 480539 835294 737559 962904 897404 373776 908707 331092 817595 198674 422166 
1395.78
63
273815 472608 432167 247933 305024 440670 237260 233493 870424 257372 83403 509666 592691 374053 657951 22449 815705 430773 125522 485308 576513 799286 407488 441865 439124 485425 934243 906006 593164 923062 830134 538551 202870 992338 170668 394746 704685 867655 58953 944581 381636 608663 121669 144747 374653 58420 884608 786865 849307 898099 609479 204818 349742 345649 331641 33362 417092 958479 627704 350998 518956 232846 639187 
1024.97
66
93062 920098 257606 851005 114629 943352 747979 491348 358200 940846 877002 896478 711666 802909 753330 101598 456569 81518 320909 495285 288783 292453 496244 318197 554710 896806 386925 758736 806393 995097 148822 30125 908710 262671 126562 10456 782309 901334 370971 724060 774492 372296 374367 979247 895072 525777 725134 220172 72496 28070 976787 775736 630629 833112 999018 161933 663612 841368 952706 746841 56721 109998 769545 620775 703043 967388 
1408.38
58
760859 109141 41799 402869 535728 789063 158770 6031 289669 425057 844967 88724 547318 700942 324419 898169 828410 661482 54407 78161 173805 386115 70859 521610 106445 285948 696290 819065 460776 699828 696317 227084 991909 229859 868633 9285 570887 959490 307244 853475 475727 131680 507552 469008 766860 240467 966475 103099 133566 547975 776655 218201 911685 774127 951602 257601 389143 475097 
1031.72
55
756079 488537 873764 497677 7803 736397 412662 152260 990128 164932 31505 766813 419576 152915 359284 824348 139390 365008 704169 957535 837094 738791 268802 200101 203320 452692 521073 227841 855418 77994 938323 172312 297255 471445 218313 657428 481943 771331 742792 680399 684023 650687 214496 959243 239320 498608 476371 4595 476424 70693 776834 865077 422109 60341 894256 
1503.23
45
876313 354584 102651 828152 655110 914652 993225 211392 416077 739979 404611 987171 750516 334051 207171 770325 748328 461606 524034 225148 108838 808782 197397 505310 783 472025 312669 604511 895981 503290 732132 137949 366465 750361 39831 283062 252869 657336 200424 43098 780888 466280 386006 264224 512670 
616.59
62
461064 746873 296180 315120 123272 793484 618648 771288 863871 170100 873607 904398 267866 872483 819203 437586 985451 457059 501542 593311 282630 800045 924964 979328 257430 605836 487352 859545 839794 221998 27999 223220 809992 157637 41900 790371 396005 925664 206245 765389 224387 59861 202128 784361 171499 497175 296191 300855 758520 24410 395823 58850 435994 532130 660218 896392 506218 364016 491576 92157 464084 709217 
722.031
61
622066 914196 380913 835388 570649 392829 658340 646011 157345 834857 16483 726914 382 887447 965405 795292 727057 280243 346172 212573 353629 505534 492998 612050 971832 895947 190738 321335 132163 687579 941886 72889 980832 334813 918656 808437 546501 398636 930568 45824 531877 558820 497712 336198 750876 381505 289752 12169 889212 513257 711380 546065 68388 572217 483665 744689 730236 717469 32138 198525 495245 
349.801
59
115084 535627 752747 701052 955414 550381 761821 12111 122196 851370 241345 61507 145825 316876 870521 259132 362939 770652 208075 500922 421387 316760 476430 352835 318598 947727 72597 310504 221931 408922 67919 649303 424567 531527 211805 650357 239801 463241 305413 301788 257930 682970 759229 213849 480040 248944 911585 522427 451083 765117 789761 865426 574111 230289 80676 29706 452789 738270 839432 
1244.17
51
352401 13719 677625 933063 434032 278140 685662 530642 839325 540515 814934 159764 54025 925661 659496 387080 45288 465020 832466 524621 728602 654784 453834 748990 169635 838152 894490 322982 416925 938796 962657 769882 884813 177877 192900 116448 169399 117689 102618 508161 299777 352446 17017 582286 62638 608164 738318 519159 37395 75 452153 
1013.49
62
493753 389370 83995 61742 707784 146453 614009 963290 406045 531100 101321 52766 778591 74841 771484 840665 213268 162863 933255 458192 454754 739990 886325 626039 892516 187708 911809 489495 186093 869300 834374 955151 983132 108648 598887 471691 703358 724509 930227 279463 59540 18364 456901 82777 883557 887512 984308 742709 229162 910262 819324 119636 802359 727732 530114 503125 601150 542656 183799 899529 300875 685075 
967.045
51
96859 523764 491181 481585 923749 619130 329170 300668 705647 679433 789024 650685 508884 580820 129761 642301 727208 695522 757353 294297 9959 305971 539607 859745 423277 626863 334653 987435 515302 170099 401400 339621 860075 986710 300632 987144 697421 555761 267039 632518 335389 328047 742219 490277 132935 615063 468371 116760 253591 41999 773912 
679.593
66
313559 221470 444474 743453 631349 180924 944746 999697 199046 735126 762287 846837 940751 166523 169615 753637 716858 953242 693437 47338 472677 632859 431172 267222 237179 455653 729100 843700 515846 343017 125100 113677 386203 68926 824910 306472 742723 173665 293609 72117 444068 768854 694461 526967 864555 529060 603080 274679 412551 28173 679963 817932 524865 793609 201720 368399 195998 739934 411410 770527 164434 398508 806967 978802 161166 854634 
977.5
50
215419 681930 615779 977114 815902 584298 147397 559976 946675 61784 154871 43486 963863 769464 885225 786224 20955 346006 752141 487789 337361 566750 330853 689483 451738 857338 698950 733949 835181 155309 698910 779341 948598 718347 397335 982645 155605 385761 448588 327726 981877 515082 61095 258633 713138 102069 440131 668490 54703 696490 
620.73
49
223649 540139 588784 678362 68830 751403 59428 505008 902944 749778 962999 666447 441835 5078 897891 800600 170816 31208 374806 89631 55253 881746 120707 163174 801792 717024 920907 921716 543634 495779 234554 857930 677219 860075 236562 731379 695373 38146 131723 606989 75280 463399 385050 915804 645026 267917 515899 89721 646004 
597.111
57
452997 113160 930462 584553 371185 700476 901205 512292 847837 52919 381991 741050 384867 223000 565691 568938 360274 345688 646218 717181 343464 570404 601158 613720 729139 645133 156437 737753 647603 934314 846256 821410 691345 202776 228957 443744 231622 415413 948159 344460 657623 777797 633467 208378 637496 693819 676304 362064 310165 350925 107586 327453 139117 563998 965494 431224 519816 
577.388
45
779089 590753 560825 615444 307820 57494 562899 337125 576509 987268 108987 267491 273406 514187 988419 200666 832295 838 923493 951121 708701 666805 573856 77883 377401 262441 306618 124921 29760 367015 420600 380406 71010 845153 908299 713489 874339 47012 397770 870528 474540 285385 453021 119195 466778 
370.806
53
570065 319787 11815 525642 721185 625075 428675 70853 548807 273741 41184 151664 556087 140128 457979 946731 841806 659363 194403 114798 166950 16064 450465 827504 581554 911152 371654 567713 586121 672399 316432 349901 458130 413007 671975 246992 311543 820259 868130 185727 206156 446939 778095 56602 942033 573776 379618 865689 424010 512700 898881 166997 187129 
716.056
52
895234 147343 572905 751018 178508 309887 22295 810955 291928 836992 117514 635283 439434 906719 874895 202119 779906 835906 610908 90382 69475 934251 750730 221862 228615 927849 148784 328460 574890 791033 532331 578275 784531 883048 134904 117614 7543 504583 655393 476520 996175 482755 274656 75278 680676 508894 341663 931121 438732 105698 781965 916444 
1044.72
67
600648 758452 580950 750235 766504 344247 991604 489181 202182 622998 883658 898668 183876 577914 688295 142564 997658 976359 688045 497198 218448 365704 799198 706801 469229 108553 62100 243075 994948 308277 774898 156599 842440 819081 310814 386540 279167 254428 312355 450387 470695 193707 651436 284552 311991 224563 772764 221446 46842 288561 731346 178107 676188 732954 886108 884631 681032 935658 405985 83351 5760 242757 618318 305628 302341 839045 863560 
1046.11
49
575120 186373 954430 381272 47962 739456 93529 218708 484831 39835 125277 501777 465008 4428 763758 228080 259206 905152 582460 833578 4681 14671 2253 295293 827790 54824 361295 167552 231486 166517 791396 219200 839644 357673 811721 94340 780857 234060 59099 667233 798383 973010 442610 152771 447847 662377 564456 22606 848679 
425.864
54
94465 68086 499213 6858 420557 49114 227840 933606 146513 706956 130080 834721 825989 467810 800646 322233 587143 50452 875777 820125 67948 856711 247990 492545 610253 669437 185360 632410 742936 846830 973037 409280 61938 365835 178964 833247 833610 516185 234839 249823 643679 60425 148748 356744 41180 968058 934261 369245 934529 841501 8629 978987 222923 286401 
324.83
63
686913 753454 697316 101062 117507 212266 642000 734126 728056 807773 537953 226644 850458 820412 389929 816347 6953 668663 304860 344852 615427 550746 12410 152958 961788 336860 175838 936923 380427 859917 39360 255582 346860 800088 504580 469864 509475 639235 961370 497498 97805 146523 869253 928069 209067 866095 126468 153691 279998 777496 304699 301278 807606 614602 499533 539464 853082 674474 634970 724172 836488 287537 529270 
894.03
55
433276 268977 577462 1808 566325 750694 387212 757005 810495 779253 394115 114889 306350 85985 204699 41057 274174 203474 429729 768766 584899 214798 704815 172499 596744 785566 908619 118557 524502 73782 623490 497474 666658 576479 120774 579071 682540 845150 629776 555114 25119 305953 956205 731758 151072 109680 885293 273383 465837 319724 117011 256071 196941 576201 679607 
1238.08
41
832000 865094 987252 160897 518715 874520 233290 329044 758196 540815 769180 157551 124091 545365 169728 428360 365878 792149 924940 44869 300832 895914 705603 512004 788760 198481 398475 162817 16203 31603 553855 139255 983872 416644 916162 654961 124434 164458 694517 3717 157416 
931.335
50
931569 821023 602697 328901 193167 318426 964527 997806 141081 467961 12483 17744 104537 484572 373704 705549 945993 651422 627770 756476 944061 724919 602227 868071 969163 483267 616544 571411 60848 905465 753147 20947 875925 613662 646422 57110 1388 140159 486124 136823 216483 217127 464907 609644 880171 611388 722351 446828 102524 851332 
1084.59
53
739272 65388 327075 341565 385274 450972 977514 517405 887237 793638 752654 132682 546522 120743 406602 954258 326969 26377 675063 235745 897266 529691 586782 376525 947470 352933 3005 771461 212980 278028 331282 267340 355801 389319 146957 71166 560039 738904 780540 29509 298403 374542 424252 668124 792731 391599 191787 732361 175296 264433 54076 131992 987676 
1009.34
49
821344 583021 16495 812643 74130 546691 27065 699514 629377 720881 458401 857550 627763 273245 560292 760064 680983 86889 896451 450439 444648 226644 633208 188929 858383 955977 449149 16166 507880 509837 767726 564576 951660 868083 711697 93133 487612 676947 849968 997560 277088 933148 765694 26506 401509 444342 494621 150476 955690 
871.393
57
60454 725826 428436 866343 719937 143620 393948 391478 394418 341986 895662 372565 992382 480365 314410 145409 729720 10171 252836 360754 181348 476024 970112 353 69612 39562 727258 601894 997193 928657 875864 334708 423256 558989 552947 766348 666229 579215 709135 341410 315066 769076 202442 675847 295230 130923 365927 940659 917619 891814 191909 514494 984324 755678 580532 67190 895695 
1028.07
48
732606 390791 279638 380853 791964 853536 149017 476106 30403 204490 463506 708804 748414 92187 644654 744538 55785 328785 523930 861085 487179 892681 257081 967460 815921 304579 10523 496948 748121 515939 234637 212202 299639 990901 680831 866807 525363 190182 647062 321397 317843 706665 568271 905564 755634 933427 362510 864684 
1404.54
60
227286 578970 277226 686675 741477 797195 376051 775513 815613 754022 810674 375075 96361 869404 13478 338750 290184 19657 668140 4188 246773 357448 385618 43392 518931 957134 249999 143529 789757 338754 296320 396149 157046 360353 713365 531331 576102 506989 879353 94265 263902 268266 19181 871707 145268 192662 61801 234311 244407 905018 411883 122034 491794 942531 894870 382266 193357 468377 169328 962348 
1030.33
58
242971 757535 528193 778574 264269 977659 95621 749665 49639 713832 139834 374408 602718 91589 489570 935973 416074 829057 445968 973876 398446 890886 279995 81562 489647 263721 505322 403538 225301 999170 813705 565928 494757 346009 794645 458056 237932 794293 848296 267465 385050 321042 762270 488779 314682 643538 464369 674473 334956 376564 551684 391444 5907 587478 399198 567374 834823 932706 
823.747
54
422644 262934 15336 501807 57793 350919 902689 273522 638424 978034 582510 942349 789011 913192 522182 470289 463601 977189 70348 433884 762550 466738 308899 549118 85324 957850 779170 428812 59112 221229 485539 206756 98367 816988 898020 756475 278565 506499 64597 448899 572874 210176 936931 882317 102540 761800 593458 315437 345441 267049 865687 818384 45839 647766 
1623.47
58
906431 382191 532269 202017 192028 203677 227478 426180 412081 460677 245573 588988 703812 838948 257898 147102 476928 556368 395809 176460 296826 338036 364488 408664 246653 529813 385520 400835 481264 152055 198871 108009 491756 663360 593605 273395 272709 367707 908077 369030 617401 329794 201688 735280 483699 340452 693972 755831 387945 75896 701407 152411 755453 163794 916675 360636 141883 313583 
1132.75
62
469991 41406 217828 530684 535661 433068 800003 626390 414522 156382 235489 297882 87261 562987 289060 924158 944986 669461 834 85414 411064 39834 22971 749285 458552 394274 811683 287062 985298 948252 177409 141141 153677 217057 127069 900955 413764 793983 705625 685420 467115 891745 248975 286618 699717 427811 934426 266022 603258 823895 248579 877409 258219 439546 863019 818130 240988 764553 603616 173282 660147 833209 
657.799
50
106916 189335 826519 824860 448809 821522 843407 244308 197099 340979 183306 340610 374866 249062 391951 846712 667223 926598 226413 37622 938040 573208 423002 956755 543533 109956 611496 617475 115713 395649 628546 489681 553390 577011 494338 792161 555740 194591 560179 375025 232717 559977 942597 917177 807671 118842 591315 358059 191092 554384 
1256.89
50
933440 898349 520352 513652 898690 872537 883652 738826 614818 980634 630482 136002 467849 476586 638285 20728 349960 641214 615989 470847 401794 997881 711383 689010 60616 174451 959343 978730 207393 849118 248786 893180 89925 311797 410983 932004 863010 692812 497160 458117 89151 614693 488098 466925 34448 299820 572213 965957 31686 48106 
1247.3
60
799343 240543 672919 105443 577682 784112 712901 405866 502438 313802 753290 89474 374965 891517 484594 986480 981806 385045 464926 380161 903436 816729 953645 432803 625804 906025 673636 342284 946797 102011 516841 424237 333035 482168 219942 789885 650287 691296 386083 926529 959721 590452 803382 180562 764204 763956 493798 933160 409786 122829 197845 617003 599487 780481 652671 248856 375832 436030 50383 979821 
107.377
48
666019 857602 842207 215312 852203 733352 508088 110447 819219 15934 959226 169108 946830 461398 770771 730044 263148 442661 753276 674173 949387 54370 400025 405888 937486 702614 506760 546763 848674 903739 61727 180870 46335 809100 75813 702081 930723 875462 932758 843304 38122 650149 332755 612470 844666 188181 6289 241278 
623.818
57
947223 669458 561255 722816 680160 902518 884560 746987 964857 307050 250577 579679 381327 375795 583008 965310 141577 357599 494672 77780 826945 316933 871456 44687 870091 335121 247702 415747 614281 555041 701460 934679 705038 798175 329150 47082 725100 618853 778130 723259 880521 599780 148438 93983 926619 838112 165683 290705 789620 484770 156662 424085 391004 764115 56729 127792 974793 
1408.9
55
259152 605004 245094 636874 523105 545513 375898 102398 281986 714918 366610 119108 319704 140630 999111 37873 297487 75400 409053 568852 249718 164645 962253 898400 759968 1182 658850 24460 795513 883240 574991 160672 504546 845127 557802 686699 896134 725197 682987 700909 653342 209967 250964 982798 74468 931748 133078 448047 834852 915488 707543 549798 131562 513713 995229 
1492.25
54
540695 992558 132119 121851 603472 812607 218950 62473 964843 509393 936650 43379 577351 332052 469213 714831 371827 701609 964554 798108 34931 367979 317603 699734 773692 963875 605286 264139 886592 763095 149600 426713 574125 329088 631221 633219 67603 793784 856009 38992 895926 853694 579908 442872 582025 968790 705324 529122 820379 469103 2782 357166 377620 600885 
1593.79
65
464989 32108 856329 339068 107855 949845 78597 511331 774656 148896 221503 503638 116236 777412 672961 695271 990442 462965 283840 967823 211417 284949 353602 511665 966956 348053 962418 117411 511076 282978 441178 485176 540925 946779 185611 470092 68974 136381 642412 759399 444286 296255 859904 925799 465652 545522 834656 73849 641511 821971 980591 744801 438423 598429 347636 620031 589033 846088 121264 245923 758235 551695 935477 233191 769396 
1452.94
49
959865 910549 811400 417816 564459 181198 340673 871118 117969 352765 577019 215401 32608 468373 720210 493584 573005 471571 484353 330491 748635 311353 449262 580091 778962 264209 22373 727981 38541 888281 278711 843310 516922 190011 91907 524576 364699 712457 328957 442402 401231 305885 338634 590843 355132 480842 394908 85158 441976 
863.978
61
284086 78228 779457 64928 221447 139765 982231 355278 106782 761134 576707 187362 362463 61335 367838 462095 264363 749665 844245 888361 675136 202642 279343 103522 637231 282693 220360 711999 790458 712321 430042 53157 266509 772903 882966 940491 373573 365072 616979 501794 656902 616182 802101 892421 761058 965039 506043 840925 3314 443872 703023 49905 435448 730471 713871 69720 605558 784747 622390 30417 245278 
1880.68
62
380724 380553 740565 709329 432497 598860 566260 447978 38607 81196 247960 25611 815946 673143 256143 878837 454726 996828 854503 889401 878532 428074 946257 833744 783690 160167 523106 75798 210990 507828 494336 293019 936262 423348 248801 249858 532104 449604 378637 764090 818813 855667 975173 331559 94272 460550 724613 197031 845610 75871 19940 908708 261229 114106 936871 676985 458228 426137 645466 863925 270575 577119 
2230.1
51
396958 278782 881558 800834 519778 907547 615477 267996 40959 402139 415712 117221 819711 881097 957293 998216 154598 922244 74445 97913 821955 704247 926495 245588 699613 183479 445341 638223 660935 837519 722586 109768 564716 751351 226868 759761 42995 914764 831365 840511 299030 146026 56525 490990 728848 428938 699788 227086 383128 84118 797688 
1249.18
68
766267 880987 430102 718540 713237 351473 876175 830006 961770 630229 851576 292355 68661 917904 475884 787621 417704 498830 825145 586517 611328 286511 261502 202724 709670 329549 746658 784996 658249 482763 875317 361734 810730 201174 269123 299042 18531 764393 905387 678253 479874 696529 912313 91587 954183 53523 901161 327207 973704 460190 130418 528015 780322 721587 473455 427514 640117 859767 109816 690489 193049 933183 665735 533150 146488 190518 313444 824997 
2048.49
57
479501 547443 969283 568481 907972 941873 323924 528473 377575 1664 997538 527585 71288 466635 978751 986304 225561 222393 839545 364076 921525 349404 562468 529122 75036 708578 303548 538228 549912 17772 652090 40597 125645 397797 769296 49832 870077 412268 874961 49067 262772 108178 93741 769005 840243 220458 568885 560708 878962 467683 775375 61982 490376 609876 135030 44039 597875 
1055.22
68
502723 724911 870792 470475 849611 543249 610554 727708 914838 377302 32662 18339 614896 954342 957489 536194 179868 518342 52169 777453 354607 696900 762518 919278 107786 94525 491350 331111 175864 875541 328855 307798 988295 722015 335265 917080 740794 961914 456960 786127 948346 287607 152351 48415 181223 683264 798221 259012 54731 869812 38279 715571 350956 985550 19860 479622 264396 499865 338453 975714 387789 666594 905289 556699 602160 983339 428931 856717 
1387.01
56
943364 558939 593205 695644 46606 159365 33574 520376 833739 982731 67634 438542 990836 20357 676669 815521 122786 750106 231485 800872 457229 513623 173862 388248 564901 824929 102102 248166 592808 36750 276218 162450 721386 576539 480285 433018 782346 130700 583790 909452 810102 8351 207041 708835 940084 543905 964382 495442 683034 959581 51926 746838 655231 741865 341953 755078 
1007.4
47
992218 43785 914412 641458 760433 862914 754578 286962 560308 490616 545109 968863 499646 850007 258588 763148 736316 98337 634393 878845 727110 19093 842953 28227 51534 140403 988761 317689 330904 744356 928219 345808 930114 839991 472229 342957 57155 795291 621521 138005 464686 87115 520446 438277 234069 623853 952323 
1023.46
65
886155 62599 293746 916266 750944 344241 697862 919173 754516 45796 296897 980547 810159 3371 968913 264069 819856 936 712886 809609 400621 239292 413611 836238 872179 261282 475355 512019 690259 325118 72153 747318 667279 469659 920415 444436 58881 260924 20106 566894 154806 649454 752450 795166 133658 148748 926292 650015 581963 110460 834076 311364 808489 707861 309023 853526 301432 28127 475953 137185 541864 845482 707689 142975 320663 
1095.46
50
1283 389584 706928 106332 204285 348650 609690 654627 14781 527652 18953 51099 116497 979678 377250 217064 569996 163713 50764 486842 478380 780736 119155 927116 369625 531643 814072 724621 450153 347190 191042 237834 737235 464178 174873 113259 761427 283232 820917 68049 827591 639526 655231 133844 241066 406783 128610 632628 249497 251297 
749.97
58
846173 552269 372290 689346 470597 529213 712286 502022 389231 453443 922687 815386 223204 971799 643470 910988 96874 17351 92240 464030 109752 390029 523451 913024 380627 732416 634660 127012 103861 110036 550406 750553 151439 52431 658016 257065 262500 896371 150217 828416 812696 992649 773089 78356 292907 405819 980022 666377 764760 843732 238894 575432 45233 793095 26404 318949 83395 247611 
1182.22
51
67143 475904 100984 683568 81419 351886 461622 122972 518293 609354 508745 407586 532964 521384 24188 198496 339545 846239 339089 991893 611126 757436 608421 440019 704257 272929 462096 208758 701844 265957 814166 721693 513003 330927 242054 998498 316720 601865 576848 215787 576679 714462 106542 514117 864620 733549 430327 380444 591240 403787 848125 
1290.37
73
704140 395317 359351 537400 199568 301966 136084 349152 454557 546541 788782 638192 140756 572795 910396 89341 730465 830408 427067 572761 707355 604164 900845 583582 343934 77053 360042 596055 546784 758013 723478 217436 294189 606406 375283 970211 102396 697849 134176 518727 709921 150672 132081 776010 682118 493682 958966 313572 311397 314624 982742 61667 305137 770993 276973 865925 262971 625017 46665 348457 191352 53573 200200 828670 313882 725645 546106 631062 451834 90037 459595 356542 362424 
2198.92
59
155402 405319 888184 666549 12661 741928 645801 372109 109592 905371 368441 776337 425624 569812 636692 346197 702824 611270 543799 16654 601171 960504 721288 581349 750390 960284 523271 80659 89053 556281 582421 969172 843765 74976 860291 732295 711849 197218 668753 227148 631438 503198 488891 561347 720325 943194 69585 242366 435798 545507 747184 20375 144400 716650 214750 9880 364994 83825 288670 
608.815
51
812975 384907 397227 901726 138059 979309 904862 870544 339838 843839 60742 346977 783765 20919 747239 316974 275626 641801 200542 432554 776443 949386 653494 278715 806702 62897 371643 618155 147126 97628 322259 439242 684727 129047 433636 851511 842441 557520 473762 750693 105027 384768 519883 100537 429883 415531 223873 75705 136181 914290 540705 
453.328
44
42117 544230 86900 396452 633356 235752 335220 377253 675012 124442 165378 497697 712426 600327 180325 528193 905269 128893 558185 670468 963150 781684 580350 803411 960592 284685 380330 944264 194808 35581 742060 842170 470753 610799 220668 690476 30964 841942 332337 130579 523205 38382 6570 347030 
705.066
63
742911 70428 39573 632984 283232 613979 877901 123984 414311 921524 549667 7543 708256 527186 941811 985344 810942 696618 614661 882998 155147 574686 876841 619510 650843 597647 920840 6787 826449 262303 746385 829299 723639 228790 18075 312457 878387 812465 701579 268335 433843 638540 121257 819789 309851 1963 37520 5356 140130 628573 971641 170780 990544 194620 313244 825983 572454 968509 242676 949469 313939 94926 533536 
953.454
56
568892 981279 525092 609803 949209 339145 6585 812549 421091 21486 443558 383365 276816 273533 321007 678249 459370 892048 600995 839852 81098 442129 469278 432742 427972 404568 931457 645214 563329 323765 856764 235391 54891 745154 261463 897276 552425 130966 497686 609447 313725 111323 733246 118064 229998 368892 679201 305603 748835 616305 438008 267736 604823 667501 67038 236591 
1238.49
50
300134 704465 512649 968240 10161 884331 203679 346027 35788 320055 803112 23165 914583 165486 157678 163805 710444 867163 631412 883476 248600 309567 89624 468825 250784 411864 257017 307551 255339 683506 992293 744271 507731 611624 44213 781764 754398 262536 606154 797735 459864 184313 328281 252052 452021 540936 887227 865663 85359 540747 
667.549
64
489129 892496 795453 413700 561451 512894 172118 376617 693892 520665 281729 812677 51270 613475 114645 687325 527796 175498 269591 326402 708668 909330 829697 801471 570663 616585 777629 250395 462717 695716 14480 918371 81253 838201 482818 495162 818612 851711 406447 240170 252699 840010 830754 662777 38671 246152 114510 161908 547806 964093 537056 581700 322103 61366 86441 715703 201503 369179 125369 304029 407198 898387 204106 457830 
1565.07
65
154862 288263 309582 86002 558603 168004 913537 532073 242650 188791 402012 636046 1280 429755 729568 29156 818230 706437 886936 357905 506900 481431 175627 573257 819334 383889 966482 156797 907682 706310 447523 914532 69763 407462 863797 342058 825294 333265 787102 479677 785971 601517 170261 551736 997968 414206 772914 871117 414877 339168 658023 864632 421581 129696 559015 121133 675660 999682 369295 744879 240233 892712 364924 23094 917186 
1371.57
63
120253 298182 852233 321419 404378 478341 290527 833669 73421 310978 303930 226764 486436 268992 742650 221772 759573 746247 640175 583843 925847 948970 303449 607585 52212 907025 636422 445968 779308 841565 221032 850239 6454 498369 999506 599178 940789 507966 536605 930064 938264 341334 181008 277748 844653 120607 194166 598237 891444 284360 85468 151326 567849 347560 126218 291809 679793 537557 308225 11981 565099 485952 909807 
1643.95
64
324656 3985 654723 707764 889820 275304 107871 129090 139801 41162 513787 849228 989337 146859 80437 876806 395623 121847 832425 911700 354353 296132 186281 11854 923214 982276 507193 534017 704715 82965 31859 276519 754770 877253 22920 65695 160084 693354 80729 958313 33285 14449 856619 995537 59440 554831 892800 198562 867156 252276 228374 96359 539378 544422 769753 942974 328809 328144 390305 520489 638746 313433 382975 935549 
1241.62
64
675850 999260 937716 365276 340805 54655 694203 611610 590662 561485 152826 284509 629882 480318 699354 11703 948266 358364 690591 96639 680828 63291 2619 145430 163857 320862 909325 805996 482173 768238 453849 917353 875021 145587 551713 755547 654354 434382 921658 600801 324246 874244 227395 223871 289831 748687 822780 917628 143339 661449 383214 776532 705780 884657 31046 327087 485260 773042 879681 497678 469831 742287 500085 793484 
464.725
46
130579 731940 277630 21463 345092 987483 780717 8784 942952 718194 445360 557685 328949 935772 239229 600713 52010 683869 508801 841741 417782 25833 846818 731503 877616 723418 171601 910676 232152 593102 779089 357138 133847 23303 122944 411755 749878 540328 905484 238401 899682 563504 333733 159680 71565 728780 
1375.98
64
141093 12996 241515 478459 933763 768842 581804 251388 264461 139107 232167 609575 428954 41143 483154 548457 438121 892437 714258 993817 336778 418795 712648 843469 67488 488761 1983 380750 107034 562630 488007 661180 448383 863907 574268 373956 928245 351483 102263 363894 936105 383907 723700 30646 813364 270879 611400 625929 932224 853760 923839 47889 370893 799956 289659 465231 961352 619124 474746 34878 794897 568707 626204 968589 
864.251
60
807064 95871 150586 367677 395862 344426 964356 144282 224130 920200 223900 814647 303851 594894 732215 910368 903865 749271 861992 557536 837153 549673 622487 459306 870777 343950 492271 615909 794071 269446 142507 375295 70179 571350 405841 143255 973831 666568 542043 568765 396443 141525 237434 642177 516404 232895 91765 697604 589311 136560 341606 580672 788658 162971 900209 511800 722088 23993 117098 900578 
1019.37
61
833585 870314 671882 791905 239523 371944 347404 305373 237274 537971 765224 587949 939917 803719 881419 495860 154452 627570 293943 955577 131559 217831 969240 135787 77023 344977 411383 332404 766431 930367 732280 543530 165898 763032 287703 282148 479863 915245 326343 831869 834729 180616 594081 514549 496267 703469 189689 218164 56759 626342 213628 649711 545901 866076 598579 680481 616573 969183 962351 169699 277746 
1265.83
61
808124 316988 691318 211559 861825 672859 673579 718072 698869 220872 617656 409145 416879 886074 167956 225790 5099 326327 676899 66677 198289 236284 490007 824220 259489 28125 439435 120955 738294 745675 400554 645754 436126 121746 859808 217052 990156 731496 448515 107871 327486 963069 858049 414604 569562 973035 92617 485161 632787 541365 705928 320606 610582 613721 556990 946315 269223 495185 962038 35258 703261 
1340.89
61
416446 739079 131895 843323 550236 805841 813353 259848 274918 605545 509827 482101 938250 332240 644735 824905 441732 11647 66044 978345 175287 776088 567615 701112 226703 853637 388518 9174 461189 427534 732710 715646 77097 776286 298750 448170 840565 512656 724622 394089 382283 292869 243730 85231 298188 527814 293411 329162 965484 950408 263419 329323 337201 652891 341750 660456 150150 449476 602167 659926 937175 
1510.03
69
355105 393836 611167 213456 934187 679737 678887 580879 201216 492291 967129 400857 81685 760129 276193 522613 21585 921265 215037 465712 833874 503556 604234 195248 608532 959171 57681 910808 396423 702706 641882 585385 642611 284829 706365 942839 534341 963213 58622 136183 134099 365569 355700 912583 869174 484656 232219 543320 199994 533687 885510 120257 222201 763266 4792 464033 178701 274684 782191 66691 874449 65682 581656 701684 319432 207732 313416 4873 868541 
2129.9
60
857844 688192 756878 992902 591583 715705 175150 477150 84796 687747 72145 22390 157081 979494 914929 177058 377392 591015 165208 493906 856568 311347 351987 598978 504210 204907 29587 312706 63757 892123 992613 68360 160160 78187 100614 462467 562286 899243 817801 363635 995459 636223 29787 491330 812105 919593 153011 995523 842573 580565 392394 70931 88966 937938 989281 214852 938118 883234 376173 943771 
928.379
60
114182 275949 869605 876976 419086 553603 938266 232677 472657 972578 355446 196906 592617 589580 878329 440167 483956 155271 895490 482500 607302 950904 895389 128665 58990 255883 544286 548677 732544 459858 529240 246478 755555 366186 255345 367973 518230 353375 604224 556727 371939 572536 882980 132011 116237 539802 15609 699213 664715 931525 174415 794527 656818 476776 502476 943288 105616 164326 11805 645153 
775.979
