30
85540 14497 53771 5491 80051 45906 85733 42391 76309 77175 58721 19670 53981 48309 80537 48190 62780 66292 3792 73687 48213 70450 47427 65060 81796 33161 24455 8808 28627 53768 
9.068
37
39937 68853 69494 35312 57938 72343 24507 15851 16108 14364 92811 64858 91354 455 27683 96483 71296 28521 49139 82048 93868 68986 55056 68018 74813 71507 41524 584 71481 75641 44010 62570 47207 87810 92154 23515 93935 
7.013
33
73557 3594 69450 72238 98778 1097 95572 88382 69936 16036 65075 89242 34038 77137 82609 71274 81805 58014 17071 24404 16389 60571 97142 73881 97620 85150 46449 87170 67925 30723 53353 58205 85761 
8.343
31
3023 49879 69827 95899 78607 26242 69327 19658 48394 99984 22144 81898 53661 93779 48445 2620 6955 27242 69120 65480 8098 35742 68340 92580 75824 2994 55069 47973 80579 65162 97668 
12.453
28
63598 12161 32385 14536 57412 92818 89159 81004 31369 8796 11858 92659 22831 96138 21838 22327 21739 49053 6278 81835 92595 64679 49044 37857 37799 42454 12609 44532 
7.581
26
50237 24260 69469 55057 76604 28165 86056 27207 89770 35276 52804 98853 88715 12546 81454 60641 63689 90568 6044 20898 66777 41098 81611 65866 67619 80840 
8.754
40
91706 38045 67954 16314 82605 86323 42204 29932 61250 65268 82882 90849 27355 7878 54328 52191 72709 63074 21562 58605 16098 38649 69935 211 19086 73564 16060 49388 51868 58578 77103 74700 7623 86612 33585 17827 60718 48248 82763 90503 
7.36
27
62364 56029 54664 34649 98824 12415 27371 31775 61113 20158 29484 2943 58404 10 15411 10666 5734 57271 9117 66752 29327 23302 16326 35102 75334 14179 62522 
13.449
41
82677 5305 31972 12766 93188 71591 76363 70379 16743 66635 4253 13080 12592 59867 52211 33146 19432 52296 37416 92050 57292 64369 33264 91585 26406 69237 29110 68183 45245 26775 81866 85440 33100 77576 31799 98517 44721 93055 90477 50591 60308 
8.763
38
49709 73133 86848 91225 3833 84645 31402 63142 3171 36787 28911 85485 65892 32353 63762 26725 12255 64259 94996 62775 35323 8115 55808 6100 48750 513 31821 6514 90762 30407 17095 7326 28656 87106 38099 12987 75638 81257 
8.016
39
60248 620 2885 1277 26237 12670 63741 12315 98248 51132 67131 42130 58878 96418 34140 85904 6328 96450 2198 12665 39131 90494 49189 28922 73781 77810 91509 48366 85726 27257 3850 95782 74741 96649 65268 4549 69267 24386 79044 
5.897
38
39415 63789 31340 89901 40731 81519 14956 55803 39858 18112 94158 57380 97828 96335 93247 68376 8756 25494 80490 48314 56201 35884 49584 87643 94622 74994 96173 94120 88551 99825 26713 54964 60918 56478 55146 22816 45036 55900 
7.211
44
31995 90591 22028 19637 6748 10308 19944 21251 95852 60528 96948 74028 34800 81755 97661 97341 86465 13788 87913 13346 18669 58729 23508 53898 1342 72323 89663 65949 61757 76531 6893 41906 63318 60827 70437 51476 58365 58459 14674 42507 69555 14285 73313 79050 
8.426
30
89997 76886 37422 18328 28161 64606 46204 50917 59774 11843 53119 37289 22796 74358 79365 86939 84565 53090 76533 58821 79004 15066 3221 80564 26012 62038 83723 54897 70704 84430 
7.919
28
77106 59878 12176 53968 15249 98154 80027 55861 57090 38508 12080 65590 30050 52684 39313 33434 90537 17504 10065 2362 21483 93518 39083 12206 59001 95873 79860 90353 
8.468
39
62621 14310 79450 45501 7087 51495 84054 17523 89667 16276 28259 76184 47161 1347 66378 33199 68824 2873 61085 57600 99894 97606 71492 29222 67352 84414 3265 61348 71381 91433 41242 66103 62532 74577 51708 30254 74270 10909 73425 
7.792
35
34810 24375 81472 64914 40960 6453 90237 18724 57 53708 70852 99884 24659 68426 27874 63114 44633 43131 57339 75494 867 95202 64124 35292 7285 81434 85936 10595 54475 68980 99936 19691 22283 17739 42570 
7.307
31
20711 39507 65079 222 46381 31255 55475 67231 23537 51767 84829 20343 44863 7065 30839 63127 80202 57692 35046 12112 34667 39256 68068 30053 98469 17090 74457 51564 82815 67733 92289 
7.101
32
62088 92319 60145 54326 89441 81709 14033 81078 96777 84592 45414 66113 87344 66011 69563 23480 54605 4323 65358 70625 17110 3593 16109 40462 22052 59629 91966 30965 44303 59250 64874 73917 
8.439
36
84863 69218 5572 79946 59845 29317 53229 62989 41497 44010 27686 74922 87937 44206 97869 75845 67493 35587 42405 62176 43312 60077 59395 87175 84250 45814 17126 22387 75997 91946 61060 58610 53439 66121 8837 32982 
6.955
30
58940 38663 51340 75591 91076 19483 89459 78270 30879 58897 31018 22710 55237 51330 8377 47534 89478 31061 63055 57934 40 20985 25696 59501 79353 7644 95613 15700 8397 82270 
8.266
43
44179 64499 98144 71689 69079 40980 91850 69452 53314 32714 64934 93546 2530 1245 72763 84262 31684 45729 98403 95295 16318 4241 74980 3456 11353 80392 87913 4711 68765 38975 25228 96388 2772 99586 39477 95325 1483 61590 58113 49433 84599 7813 94270 
7.823
36
50117 23648 38589 6607 30736 84402 49534 76602 64577 92911 36094 55523 5378 89999 36347 18392 81192 51460 1232 3799 60128 84852 23395 76563 85023 33689 92269 85810 60422 69278 58128 51569 52514 2368 15832 35746 
7.427
30
93585 91725 14049 15777 54440 42117 47410 90656 53590 44955 83484 60770 65683 50659 37879 50825 29321 16307 92515 38554 23865 5850 315 30738 47655 65341 59379 25701 21099 40429 
7.086
31
5588 20944 50841 83513 14462 59070 57103 95165 13718 8987 10344 35600 43791 56749 7543 53402 47537 71260 56492 69217 94162 93266 3730 17880 12776 87424 38007 98349 33069 15119 68570 
9.631
30
33154 75536 88474 24845 63503 78541 9374 98531 70953 19773 68412 894 26442 29761 52786 8853 49563 58175 64022 91950 25751 10377 46276 52092 73600 77591 38046 46865 88233 88531 
7.374
40
28362 17421 73773 1040 67885 77988 11524 25665 77611 64886 21299 60988 28012 59005 64138 72959 76426 2444 7122 47087 98234 35915 62365 36201 66029 77677 17142 63430 32306 3013 43274 2726 8707 99940 27284 42866 10872 11444 91623 93492 
6.337
37
86056 90295 92253 50821 18308 4691 74450 76012 60123 84191 21778 36310 46349 68569 51003 21372 41319 58851 4943 91716 75760 57309 49778 4221 91259 77992 62530 20806 78992 89194 74103 95847 86338 91899 38840 1608 66849 
7.889
30
84073 47307 27918 84752 95585 5499 81957 48142 96824 67116 96439 20226 3299 35344 13932 17333 71494 11626 99883 6977 48030 87776 48697 54142 12334 16625 9112 48687 8584 98076 
7.242
37
65244 67735 54955 65986 89464 14303 50718 19965 82635 18107 884 81417 40227 68658 13900 69224 54592 86479 61242 68021 36246 54449 23226 81676 52361 51548 246 84390 21018 2243 11460 88937 77015 69450 34759 85557 7276 
7.027
31
3123 78150 59567 21589 79611 91314 72462 75729 3888 34559 89141 81336 86694 41966 26988 88288 76580 96570 91860 8816 71463 44851 13767 86629 83969 5092 22761 30709 87744 30479 89066 
9.135
38
22514 77315 3962 45219 61922 31769 78110 61282 49522 831 36085 33464 6120 40612 45599 35611 26196 9750 91639 50617 3932 26901 4072 98996 2899 93381 27174 69746 99960 74775 38168 37293 55933 2701 45917 99913 11472 84029 
7.809
40
76357 14956 60687 7465 70740 17453 3940 73457 30154 86049 94653 56895 7787 11693 95409 69511 67350 2318 73822 14225 44066 16576 62004 31027 86455 34158 33557 59834 40159 65061 17258 92811 69401 70803 28134 42035 35141 42682 70451 75685 
7.012
37
2556 63100 19661 91530 92066 80719 94030 27520 61935 73383 61039 48434 55908 45670 17813 37599 62308 7423 56890 52772 31181 4938 63973 1167 62928 12548 38113 14720 76762 8367 93974 55804 48659 50697 13432 67929 70644 
6.246
36
39815 23532 5517 89953 53561 50995 19695 94625 21932 39303 87486 47754 76898 46066 80574 20513 42947 583 94068 41943 66820 15982 33033 7118 46694 1881 90149 97583 92327 92848 88756 21891 1112 64258 55771 92277 
8.011
29
95691 21924 53136 77636 63323 90656 44848 89609 58163 31834 38798 75005 86934 54296 1674 24250 3229 19919 51250 70683 45304 60963 33331 37617 10538 54945 70604 43621 52582 
8.344
35
16015 15540 36243 5473 52237 68024 32753 11940 86186 85170 60583 34970 95009 8221 34986 97141 66889 57493 40212 79407 40776 72981 95884 75899 42605 25563 64878 67684 54657 38425 5433 84880 83139 50613 93804 
9.492
35
19418 79269 22134 24398 23957 59432 18116 92357 65863 8174 36487 98687 42329 97860 37751 1505 11595 1933 26022 6231 62848 65752 81402 27707 43794 7155 96268 94773 76490 25442 32429 58095 8710 29937 58036 
6.549
42
93544 99605 1270 16024 92219 86155 3723 84423 87605 43932 31385 51475 16941 85071 70893 70515 14902 88960 6368 33067 90221 9343 20910 49283 36944 76653 32331 29033 17506 95683 40060 59468 43213 33492 47199 28281 64194 82109 57618 20955 24109 31832 
7.808
34
54268 20727 18127 70715 58818 67520 60 99588 52367 9423 8796 98419 81128 57360 68127 95390 48094 52599 85501 78657 73189 96645 27489 77210 32618 92953 61857 83328 60239 48995 33899 48464 48445 48634 
8.261
33
96795 50444 73916 86097 70682 54574 26856 41286 2008 92271 68785 82096 45265 44738 91799 66244 84042 89062 85297 47901 38157 57254 23183 28572 84301 36257 22550 45844 76225 67192 95911 1461 38143 
11.897
34
35442 6942 52628 28891 11483 21483 41159 18936 68194 37465 42667 8146 11684 28949 23185 63832 51258 97776 38467 96647 71561 80306 12585 99740 21560 18860 6945 59367 54308 23643 85759 44632 18389 87492 
7.505
31
58639 22591 75596 81320 44064 18201 71973 30823 88952 42392 96642 19294 47213 27978 28090 54386 38939 15565 9834 67107 13391 17477 2022 67570 59101 97152 51163 92499 75172 16092 19301 
6.499
39
83563 1198 95958 48792 9569 97900 2181 8866 94468 25170 97948 50396 51000 35180 15494 58381 76737 51454 61902 65748 60180 23604 91164 93696 20661 54622 10539 95520 70102 98583 17471 64207 56818 15465 28965 17288 46874 25130 43047 
9.238
32
2434 27539 83257 81182 64443 37277 46620 21730 33866 79784 30506 17012 22402 89812 12508 28063 56090 34208 29562 61599 80769 22655 64773 46986 45125 93858 25379 20240 81294 73266 84934 1188 
6.953
41
12510 6327 14985 20906 8612 80472 32552 47820 42238 18229 34266 83605 64601 18532 12300 77346 94013 40825 34796 63119 96969 36068 1121 22772 6375 42958 5314 89552 27630 99451 11737 88869 53153 63425 13104 26759 382 76857 34171 28203 49240 
8.727
33
3397 60561 70728 39009 56701 45554 89424 90538 425 86179 26380 79220 96524 47081 80432 35014 86895 6932 71851 29285 70606 38194 11484 32695 58547 38846 53247 85446 38237 65165 68059 11763 74372 
6.902
30
25205 71413 94257 80696 62796 35739 318 70020 46499 75858 72732 59377 30476 5349 91264 49099 70483 84530 98464 89739 41713 91633 29389 73671 94650 28414 93596 96018 8783 71518 
6.778
34
82542 29129 63850 93065 76306 34076 76207 48112 19828 11211 62242 62945 50159 59863 33485 80096 14664 93411 37716 4143 3571 71375 64479 38702 5698 46572 74923 92176 61389 19180 58486 52572 7878 46983 
7.427
29
1628 78580 41615 79795 74627 2779 14706 65596 39176 76535 74488 79845 46355 30378 12299 95609 92583 69807 32203 76244 74177 98408 82319 91443 65425 38931 3934 4423 92774 
9.85
39
472 1548 60856 55514 21783 26068 59031 30749 98921 94353 72552 17302 43307 62727 28447 34099 37879 42649 75779 52227 93290 36051 56733 49578 17301 99005 12096 99444 9368 40795 56135 76881 46737 53853 1437 80106 92062 29052 95207 
10.669
32
56156 23831 23096 13043 7162 47813 96917 53583 28323 10468 95582 63330 61947 33504 30933 46843 95258 66025 59282 54175 80745 91331 93014 84543 45043 81258 2420 36397 8428 31491 5071 43973 
7.482
35
14030 35104 78126 87920 72216 29566 73245 66853 55940 81509 24585 70823 57736 98468 34531 72368 32243 62421 81901 61727 31830 47998 61226 80137 3799 60461 35267 43986 61125 26949 4679 21425 59065 29432 74748 
8.487
27
30377 34550 81026 36049 47240 93163 42326 5089 76599 71805 98322 63379 76343 48249 10619 40915 98255 47652 60844 3410 21058 9899 17112 74785 24716 33656 97696 
8.592
41
78719 29477 25739 66187 57617 70848 19735 77084 37480 26152 63696 74497 55376 24423 95831 13112 11965 52996 31864 925 49385 6673 76513 42209 59979 72229 30455 22130 64720 95301 44889 26862 31774 54461 73130 88924 11683 90812 20663 2444 58888 
8.87
39
74990 9911 4917 55336 70502 90772 86608 8679 69504 83995 62816 24063 77892 86191 57393 42480 91865 80457 88916 6040 84010 968 57627 92272 21098 37952 49110 92011 50795 11817 75421 54451 31219 70919 70355 45957 13917 17449 56787 
8.166
33
47390 30044 77210 85229 44046 21357 84006 21512 98654 57835 85580 96901 48582 8454 33921 13108 92505 64740 54173 56216 8451 30309 31432 98479 79344 82943 27460 48735 24420 14543 83875 28854 76717 
7.304
29
26591 8126 73989 81319 86005 15201 65440 95548 95189 21913 29221 19169 38723 92533 16462 89842 47449 39497 60551 17458 84678 3347 72194 55732 97841 76422 44036 14689 76415 
8.772
28
89924 41695 42161 91928 7284 38024 68472 88237 66623 6783 10992 4089 56288 65907 65533 4661 85216 49179 61176 19581 91593 80140 27032 15465 45788 82864 2687 97483 
12.108
28
81236 2005 4718 80248 16187 77811 76555 96553 76121 81539 53511 81797 73886 31536 15160 23926 75514 47268 99638 35599 63842 57808 80484 41539 64940 28020 32639 92301 
8.127
28
47592 77371 76118 39059 45972 52364 82506 46278 3291 96393 42809 62742 41349 98580 72594 43347 53748 33540 2701 54201 76988 93763 88794 2253 56838 26807 46335 59063 
8.702
40
38418 8511 55799 11356 11965 69535 62435 50635 77852 96005 49929 24288 66528 80110 36242 80909 73730 66475 71754 68040 24856 39070 33613 92757 80757 25889 5118 18329 70639 29501 56287 78625 66936 34805 19140 94875 68850 418 19708 29247 
6.419
32
26017 30956 35838 44279 69392 22702 29467 22880 87317 54852 56864 2615 19617 51557 12046 55481 18551 40619 77113 40717 52466 24733 70107 898 58160 14025 90045 77862 91791 42269 85843 91472 
12.208
35
73130 98713 77214 69663 52469 31944 80131 46513 17373 42506 36960 19724 12336 38179 87567 26274 40405 3753 15204 72766 18322 48299 21641 94340 18956 62824 48619 81515 22717 67885 79959 96860 17144 16261 29769 
6.933
35
55976 17985 36637 20520 33061 46341 89981 83955 82858 93005 10584 56356 20328 72284 55754 73534 2110 25854 29606 81394 13364 22017 21411 20532 24714 50953 82414 41228 22069 14443 83853 35742 64267 67725 89564 
7.937
33
84818 82448 35153 95333 26997 29930 91340 48816 6918 84192 66730 90293 53414 58010 17815 46067 79584 83181 17567 43266 27017 41425 44359 34425 37412 39028 93450 10456 57654 69079 36426 14081 25580 
8.184
45
2063 81182 79150 81426 52397 41101 23736 83553 48233 72778 81311 13010 30704 32458 71226 79389 96663 84816 7700 67838 75624 77048 78355 75462 42553 85405 88212 21829 88744 70291 5057 18794 60954 96379 68512 28672 87998 26456 89708 63098 24800 51524 11045 33210 45109 
8.203
29
54968 59240 61416 91753 9234 2680 94818 16604 19228 62806 31960 51027 23433 84644 56926 91084 87523 39570 37396 32431 53535 29232 38833 4199 42136 60975 47316 38411 95185 
9.509
35
54707 41495 24374 49375 16148 17709 50650 41299 45103 22257 60317 99777 43123 34113 63976 82876 3112 45341 30067 91007 46647 85036 39426 18918 96418 4623 86871 83572 73488 98774 11321 49542 65277 88077 89879 
9.606
36
60159 54139 63859 72104 19748 21554 67494 71740 32128 97959 40068 51150 93899 91272 93583 73812 9291 58570 24441 83114 39787 56019 43270 62268 54690 67750 93093 80093 5624 72952 44209 83956 35384 36170 96734 51445 
7.973
34
30879 91898 33177 97456 42761 92618 78339 7967 28243 72256 11921 48784 49693 26343 92214 7898 54470 26751 39638 83560 47730 33969 37596 31208 308 28911 69864 29858 47455 31477 17113 37623 43536 61688 
8.649
33
32999 8 28611 85705 18108 6283 25310 98423 40742 95933 72996 27920 10617 3133 84523 58899 85110 95249 33260 49371 80283 38329 13704 78911 49900 73817 86551 52882 22519 83498 66210 60842 97728 
8.201
31
34467 26668 88795 90815 18649 30812 29636 14217 88976 22034 97126 57117 98977 83848 52997 46573 37894 3455 43437 47610 85641 48485 47763 36753 99544 4721 71557 99636 33980 55363 74239 
8.514
36
11136 13867 35017 10440 31652 42166 96729 7990 81498 44220 3070 35740 53001 68193 66317 57349 7073 948 7793 56199 12280 11335 78633 23788 95196 82222 40788 73328 169 48544 13361 91083 11797 46716 47597 91067 
7.717
30
21633 71539 24062 37183 30541 59851 30459 82787 6390 34967 24413 13848 82870 59884 83639 7765 68165 83500 17168 6491 42092 30644 67614 2187 13219 2020 22515 3709 37969 59752 
9.741
33
98175 6590 14861 70057 93341 25753 68453 40881 13017 78720 87393 3949 49636 34591 60823 43206 65263 88392 74086 76025 84876 74896 49927 93414 54 81311 93294 14684 63092 99868 56151 7745 25462 
7.726
31
68871 74038 66706 1466 10937 18007 75532 97931 82224 90391 97634 83927 40568 81236 11656 98582 54586 56631 61966 3546 32701 31961 80648 59407 95631 87767 79713 88581 80822 85703 85899 
8.233
36
97229 21696 85817 76970 49381 88491 32975 1002 69759 39915 59721 36993 91747 44390 18300 62508 60240 36690 2186 67924 72187 45682 4407 78175 27750 35836 87169 13644 54021 83849 43769 43542 71689 64015 2578 91906 
8.023
29
44012 46208 87436 88615 81596 65588 57698 78451 25285 78069 6795 20313 32232 57940 70991 3268 53845 22522 96233 74490 8724 26231 57301 59069 33805 87317 17948 33885 44063 
9.129
31
78208 7893 21529 39033 83587 43170 90594 69064 2852 60950 81365 25617 92131 15606 87767 98846 97261 74397 20511 99501 75544 13365 8681 46708 94977 67954 50421 44217 9434 34677 68789 
7.283
41
29958 52346 82329 12476 20801 72730 13589 74810 40882 60994 17648 80641 77584 21073 52933 49280 97311 6632 56859 77677 39246 44684 37328 56291 99345 91664 5463 41835 42288 97386 15405 85361 26587 78813 42373 34197 85474 76087 94756 43655 70322 
6.947
38
63593 46200 1654 82783 37588 60935 39248 70746 85885 5009 51837 18840 85616 36122 35533 34381 86644 47519 37334 80929 24127 44774 69633 2206 25497 20283 84664 56952 33451 76046 13892 96274 88731 97451 13254 76506 70993 95583 
11.884
35
9942 98578 65320 19230 57543 69639 40975 11858 21340 11328 42856 493 66343 7146 15268 28836 9521 85079 23819 42522 1297 20403 32383 20508 79979 11364 33274 43651 77408 61272 24323 41941 47969 6799 24621 
10.09
38
14512 84255 57999 63134 43333 21378 92546 72379 47310 46073 13731 65160 36816 91763 12562 18333 39029 73894 81928 16093 35093 59851 7817 64510 9438 8017 81803 70795 96934 45847 74037 6294 48487 1446 24124 26011 45028 72125 
7.612
34
24376 38961 57713 48397 87758 91584 15808 12321 33716 33072 91840 88749 20659 39747 34042 50692 51762 1322 50575 80033 17048 54781 20497 87291 42768 60303 53212 15784 71739 92153 10367 72457 9722 92662 
9.121
34
26632 7397 95056 7828 63025 41510 37254 65922 2164 34072 22255 67998 32246 25175 36792 55673 61279 78918 47082 56357 65989 19475 45054 49371 52117 53246 62314 74159 17838 97855 68331 69530 76773 99496 
7.023
39
6117 29786 43428 50234 82508 51873 41867 51615 28949 64894 60648 86639 72076 62240 47963 16843 80813 66631 2820 21555 79977 9220 43101 75386 25069 31264 37397 92618 40316 64468 37012 81768 8779 36345 67671 238 68587 46667 67294 
7.075
38
666 79385 2178 46368 92799 78880 10897 79533 62397 22093 39771 74653 24359 41901 11296 69328 20261 33227 54548 11334 13370 3004 67973 95626 73859 97889 59994 12190 32662 11310 75352 5212 87821 27938 22005 89820 17840 57087 
11.01
34
64383 9011 40344 22080 75274 94858 36587 605 43152 59345 78832 39477 11472 11042 87763 76764 24828 46374 23373 30917 63228 42300 86243 54203 17876 18258 21175 85099 8972 1113 25482 42166 34146 36678 
9.984
31
51411 50048 56493 98091 72785 82899 46386 97098 89674 49115 55564 86096 268 22546 21246 47384 2956 28185 48510 92738 40356 37010 94650 33520 29804 60019 57270 50507 80238 83917 99095 
8.688
37
38902 10040 38033 14864 6403 24117 66292 90889 25037 90305 20236 78528 22692 48935 29183 24733 60730 3074 70793 53099 41308 21503 18939 38606 38953 32992 92472 14212 47778 95026 96208 64955 23344 40423 76712 70135 77795 
6.538
36
77666 82025 24266 98949 92228 68992 12837 75446 60837 87356 22265 59212 20823 10785 40164 35153 48877 59226 85885 17058 57794 68527 68430 17859 67163 42781 53708 71841 24743 3742 29508 63943 50257 77451 10573 44550 
10.497
36
30987 64161 17351 15665 93659 73781 64441 63326 37253 72054 11002 22556 49816 11653 53411 5773 7191 35283 44212 75181 1620 91538 9928 8540 51008 73623 77827 85095 52105 34538 19533 22824 90167 96220 42612 59944 
6.988
26
91257 9283 57239 89113 353 80806 90084 37835 13397 98543 11471 63342 58639 90550 21085 62826 32723 31547 19038 14082 90924 79149 6274 27791 19516 32778 
11.673
30
64266 11360 6605 13537 49516 14971 41327 73723 74462 1052 84081 87883 67616 26084 76049 18918 24372 64622 40952 26191 61551 74310 96835 21387 64987 84339 67956 27293 697 60046 
6.594
30
2966 99231 10409 84574 12564 57269 47129 16458 3071 43539 78622 27901 40193 27874 16211 84152 88697 56180 94251 98281 45897 82476 38175 79758 76021 67082 60594 42921 14976 99641 
7.942
33
44666 14765 97088 97892 25948 59354 2609 69866 68775 4997 29832 23617 74363 90637 18680 94747 51114 38843 10446 33619 68544 39234 94028 2049 86199 31341 34858 53783 26572 5102 81970 23861 39685 
7.944
29
55219 25130 61097 31418 99016 37456 42698 50738 62946 72381 96360 21182 63145 59406 54568 41007 73646 43604 95846 88403 15376 31309 43536 51508 25254 19478 76058 18105 18279 
9.221
32
49502 89793 80500 3902 79775 13487 35943 30180 21187 41156 53365 13335 20874 31246 10955 79188 55848 52471 10585 71179 2284 48790 20933 2741 89022 12958 73051 84456 17114 99505 99134 72329 
6.168
34
66506 56692 96110 51138 51568 15022 81157 22249 81880 5124 51213 17505 28753 82575 90770 18366 80319 95123 44220 94713 43206 99824 29741 63140 35762 67401 12485 59438 74775 15857 73417 63709 82980 88256 
7.407
