23
1282 6877 7389 4317 9519 266 995 9492 948 6398 1516 5474 4444 9440 7441 3977 8036 9361 2550 2757 4160 3615 7825 
0.827
22
1853 6376 9455 4447 128 5721 7420 2655 9863 4687 7664 5660 3465 2626 7036 1280 8723 1064 784 3181 218 3468 
1.578
19
5872 3266 5373 3452 9099 9997 2746 5087 6552 64 1022 502 2633 9485 6868 1363 8411 6894 8910 
0.525
24
3001 1232 4110 2279 3886 9413 8134 1484 9969 8405 6100 3216 6321 6222 2760 8581 7999 6421 9257 7212 693 4699 2435 5246 
0.719
20
9116 4059 8477 5414 3933 534 5454 4938 3781 3698 9812 8641 5566 1218 33 1110 3002 6083 6818 8062 
1.906
23
4578 7189 7666 6680 9278 2001 7163 9094 5161 1925 3538 6997 456 6889 8106 520 6304 3407 1652 5914 5652 5498 8820 
0.664
24
9112 3126 5418 4886 3857 5701 4460 9271 2887 2906 5725 2165 3046 5690 7069 9542 1841 3802 4203 7277 1465 5651 6299 7326 
0.88
22
2567 8500 4150 8414 1496 22 1062 890 6265 8718 5720 6580 8295 1505 9234 809 7239 7595 9771 4605 5506 4112 
0.526
20
1981 3927 3976 4090 8032 2123 7855 7605 8602 168 2051 6511 3950 4557 5059 9437 3508 8371 695 7505 
1.005
24
6585 3600 9186 5324 1735 194 9745 1043 7006 3260 7950 7731 2635 102 5720 1650 7684 1187 8199 3872 7270 2488 2057 5608 
1.067
19
2495 7188 1696 6366 781 104 1638 2106 8247 8341 257 9928 5529 853 8816 3050 9769 3006 4872 
1.329
21
8130 8785 4784 209 5047 1659 165 6567 7370 6731 6789 4368 9042 1379 5350 6355 7084 7414 3627 6323 9756 
1.488
22
7883 667 5546 4920 608 768 6844 5098 5503 5964 4337 6723 4011 2974 8501 7759 1414 2537 2023 4450 4876 7305 
1.042
22
8243 2657 5741 5354 7002 5006 2644 4610 8090 3828 7199 7042 2292 1992 5069 2287 9205 7515 739 2846 7262 7475 
0.871
18
6420 7661 1062 5518 3485 3481 9452 64 203 6477 6552 9094 6172 6503 2549 8307 6050 8804 
0.85
22
9503 6314 8915 8422 5010 8436 5068 4541 6085 3727 4033 5952 6757 2903 8129 6198 9304 4450 7973 9259 380 8823 
1.183
22
5798 6937 6686 7273 8754 4361 3448 3745 776 8925 7518 5890 8231 5579 5764 3116 9503 6046 6929 7451 7916 8694 
1.302
28
78 2943 1991 7449 7827 4784 1090 4147 4578 5391 6047 9141 484 3054 6490 8283 9431 9938 6544 2447 5782 3747 4886 9389 205 2605 2059 2677 
0.729
18
8375 5618 3742 8169 2118 5151 5138 8126 6062 471 7271 2994 7895 6155 5910 2705 4682 9326 
0.553
19
2408 4516 4948 4565 6894 2564 5834 2413 9322 1632 6839 4138 4198 6774 5175 1159 7416 618 3290 
1.339
19
7914 2987 2885 3821 4911 4975 1923 4292 9912 9561 2586 8176 6015 6510 1834 7065 5205 5673 9590 
1.134
22
6803 4113 6630 454 1784 2844 5574 8102 4782 6067 113 8224 6369 8794 5557 785 2533 259 2850 2679 6297 6987 
1.08
17
6378 4820 8723 5954 4002 4663 5251 8159 8319 1056 4450 1057 3059 4731 3776 7728 6777 
0.6
19
5662 6916 8294 8469 8319 7906 7659 1898 3913 5051 4651 3598 5626 1179 659 8635 8137 1570 7129 
0.767
19
6352 661 876 7138 7313 8885 6001 928 5630 530 779 7689 7744 1830 7922 7476 3782 71 7064 
1.023
23
3278 6388 9962 8363 7489 4246 8264 7448 6530 9600 8418 419 861 7692 4878 8361 7269 388 2894 8390 7 828 6663 
0.777
19
2629 5029 9799 8273 4259 1281 1575 6612 578 5103 7690 7470 5562 1611 8868 169 5261 6609 9820 
1.114
19
3931 4186 1862 4381 2126 5654 9558 8354 8475 9298 6388 775 4718 3550 6296 1800 8065 435 1145 
1.003
25
5840 1919 8134 2917 5021 5944 9149 3573 4389 7299 7081 1825 4581 1979 5720 9623 4468 8124 3183 3116 8488 8420 3570 7724 8450 
1.298
18
105 7390 6570 7052 1343 2838 4263 4432 9215 715 264 569 523 817 1099 8959 4171 9087 
0.993
20
6809 748 6953 2517 1551 5161 6217 1852 2011 1952 1077 9012 6142 9259 6471 6585 2207 1825 2468 3192 
0.61
24
1832 3150 277 5333 8930 7274 7224 4969 4575 2575 5181 4367 5503 2257 25 6425 1056 532 5959 2625 9039 4703 491 7392 
0.828
22
7003 8998 9032 9659 5935 6084 1230 4743 4570 8388 6733 1376 2897 977 6085 7019 3994 6352 83 300 3733 7193 
0.586
28
4834 6330 238 351 8051 3189 4778 4450 6319 619 5439 2352 5782 9914 3263 2900 3862 1476 8268 4042 6374 7525 5539 3068 5482 9011 2998 4902 
0.895
23
8787 9688 6499 5062 627 672 4885 9518 6225 7694 3134 8797 4474 4080 2307 2222 5874 9431 5123 6925 8660 8408 9328 
1.101
22
9686 3621 4489 1040 9212 3132 3045 405 6837 7558 3687 5248 2157 7191 3115 2636 1468 8162 4744 3986 2171 4704 
0.864
25
7277 9905 1014 1549 44 5264 1253 4864 2297 5191 1797 6708 2822 5593 8303 40 5888 1644 146 2936 6448 5363 5312 756 4568 
0.676
21
2800 2100 8249 4584 7898 3194 4862 3978 6459 867 299 204 6646 2079 7850 4348 3738 6684 1631 761 5033 
0.596
21
3238 12 6762 8238 58 832 6030 1326 7558 4447 2274 9808 6353 9476 3913 5844 2396 5951 923 3773 8894 
1.148
23
4436 7489 3834 8045 6144 5440 1059 6135 2447 8638 4098 9392 4761 2467 2190 901 3766 5577 5747 1670 6436 1263 4812 
0.899
23
7716 2865 9452 7241 4947 85 3720 5669 2070 8116 6996 8927 3069 3942 3344 6110 233 1458 972 2258 2843 4664 8431 
0.815
23
348 3511 3227 3262 3787 2536 7538 5650 3379 4159 3576 4392 5504 4868 9548 9973 8688 5983 3478 9494 9012 6374 8694 
0.842
22
7671 4444 3996 1639 2882 4491 2363 6302 2032 8016 5122 1305 4497 4365 5359 2997 6107 7429 5291 515 2425 4015 
0.667
22
5446 903 4930 6820 2843 7246 8829 7563 6024 4914 929 4418 8230 7224 9444 3152 1527 660 9541 5768 311 1705 
0.671
24
4726 3207 7277 8648 9779 8963 8150 9004 3279 3838 3959 5762 2668 6905 1248 9172 1623 1456 1357 1575 6989 9749 7639 8222 
0.84
22
7195 8761 2858 1668 933 4713 2364 9263 3696 5589 8811 7531 474 1778 9157 5347 2814 2092 3759 4125 7359 8590 
0.795
20
1839 4825 589 8975 4926 3214 9877 6530 6938 8044 9695 3393 9299 1098 2649 1084 1554 5579 4469 7472 
0.842
24
8761 55 8796 3042 7432 4357 5656 1212 9508 7928 8026 6318 8599 8954 1562 1351 4609 6941 8847 3854 620 1968 1358 4683 
1.32
21
6715 5881 7324 2068 3349 2750 821 5518 2442 2843 9307 4849 6987 8609 7968 4550 9034 2379 7752 951 6876 
1.111
21
8214 5398 2417 5929 2826 6534 5912 7413 9779 2440 2178 8041 6238 9044 5848 3614 2782 3305 2182 1 821 
1.183
20
2519 699 6568 7156 356 4329 4836 2108 7879 6108 6298 5845 585 7470 1186 4609 2641 1706 4765 9109 
2.296
17
3773 259 1956 4409 820 7692 4092 6855 7565 3650 4104 7895 8645 1692 2403 2198 4902 
0.879
19
7254 6085 9132 6175 4843 5 9189 3331 1660 3476 8591 7129 5948 3548 3180 2799 289 1499 5630 
1.783
19
1545 8201 9752 7122 6699 1623 9123 6109 9975 7938 8482 8103 3880 9402 4144 3973 4704 3815 4885 
0.941
22
7462 745 4846 5153 4792 3151 1427 5998 1926 9997 8437 5671 3150 6285 3204 3759 5209 2925 8159 263 7085 9452 
0.743
17
8063 5273 903 8093 2922 6239 2874 7253 9673 9727 2221 8322 9925 8966 2028 2096 7589 
0.854
20
265 5437 7692 4384 420 287 9314 3042 7840 4053 4710 6805 6546 3075 2634 3421 9411 7350 4132 4211 
0.608
16
1941 8369 3016 5992 6004 3158 7992 1987 8288 7439 4159 2768 2722 3115 4831 6458 
0.763
22
4335 9476 5784 6985 3266 5220 8744 8578 1074 1810 357 4647 4141 2901 5154 2312 5291 2587 3566 5818 7371 8174 
1.558
17
7298 2967 9588 6991 6661 54 5736 427 8182 6273 7936 9813 37 2998 7857 2750 5737 
0.988
25
5547 5171 5528 8202 5647 6815 4818 8412 1008 6685 9228 3433 9679 5044 5813 1688 4899 9560 6396 3353 9930 8538 6116 2607 3059 
0.887
21
8492 4624 732 3351 6720 5899 6995 1881 1656 2125 1536 9552 2432 1618 5759 708 761 7836 6830 4085 7606 
0.776
21
4116 3150 611 1522 9869 7624 6821 2674 3140 446 7249 2662 1648 9591 5878 2207 825 9366 3952 5417 9593 
0.695
25
3162 1136 2176 5088 1103 9724 2465 1489 7541 1835 9412 2775 5704 8168 4944 3803 1877 5996 5518 9102 878 3487 2794 3070 7739 
0.896
22
5500 9241 4999 9396 1836 8092 5860 7564 6224 582 2993 2050 8632 497 7654 5029 4228 8430 5286 1447 1762 2150 
0.919
20
8319 1523 9781 5898 9089 7386 2854 3794 1313 932 7121 1178 807 4521 8156 264 8410 3070 2495 4024 
1.125
18
8422 3202 19 7256 4779 2593 7411 9746 4510 5583 7685 8165 1074 6134 1972 1317 6759 9154 
2.184
21
6385 8347 6104 5689 4462 804 8209 1712 795 2334 9927 8668 5917 6116 2973 7039 4822 9151 5629 6206 9421 
0.953
25
89 5024 9653 5072 7543 3286 2721 3128 6942 6165 7453 1301 2650 5314 2923 5855 168 4688 2921 3762 6656 3710 7472 540 7518 
1.533
19
5506 3791 1534 9850 7722 5634 9495 4862 937 7058 939 996 3075 5283 2062 6973 7066 2671 4623 
0.686
25
5651 103 9680 1649 7254 7391 185 5577 9180 5596 4134 2824 2409 6814 7396 5348 8517 4041 2946 7835 2253 5798 6334 1698 8641 
1.291
20
432 4772 6470 670 1818 8800 8755 3896 1327 6171 5918 721 8491 4846 1889 7166 2167 2611 3032 6598 
1.141
20
6778 4191 9620 1333 5233 834 5608 7026 4287 2042 7433 3906 2590 6462 3411 9563 8870 4626 1027 5342 
0.78
25
2285 201 9761 3931 1998 7064 1144 3675 895 8442 2788 8667 5 3615 2154 9072 7498 577 606 1099 116 1121 2602 2099 8074 
0.999
19
2443 3182 3427 8498 7327 2104 7658 3622 6371 1597 3311 3117 8381 6067 5930 4799 6324 491 3041 
0.841
20
405 5869 5993 5 4230 3439 4738 66 5093 2228 1156 2166 3274 3831 4212 5020 2003 3597 3338 7622 
0.556
20
3532 4106 734 851 3185 2947 7795 9454 9851 6817 5792 7020 8117 1902 5178 699 8728 9836 6353 9463 
0.924
24
3804 2045 1339 1275 3865 5150 4971 8713 5430 5642 9838 2468 6029 2900 5850 1772 6171 7063 584 3254 274 4676 6181 6499 
0.902
22
7989 9971 7235 8580 7069 3688 4422 9202 5946 3595 5191 1591 5365 5666 9446 3791 8917 3406 556 6244 145 3083 
1.124
25
3552 5888 3589 1084 9593 9451 2232 8632 5820 9477 9490 6972 9941 3316 3141 2265 6369 3882 795 3713 566 1739 2867 60 7183 
0.809
22
367 1714 4100 9526 255 7403 4635 3203 2246 4526 2470 1269 9387 896 4700 9436 6197 1311 9827 555 913 5823 
0.826
23
7537 8771 894 8308 2785 7311 2890 3226 9069 1395 1159 9926 4433 7489 6435 2495 9977 840 2854 164 4966 1510 7158 
1.56
21
7719 7969 3119 1615 4557 5658 5156 6608 5902 9496 9290 5248 6009 6826 3054 783 3590 5412 7421 650 4628 
1.065
28
883 9090 4005 6450 1337 5504 2076 200 2558 2014 4314 2970 3576 2484 6061 3506 7173 4150 6105 7652 6765 5880 8312 9358 5508 377 4387 9024 
0.793
18
6223 2995 3082 7788 1591 9773 182 1413 1801 9212 7626 9247 4792 1578 5630 2794 2274 6346 
0.899
23
1187 6997 8359 4396 8296 6263 6477 1246 2138 6010 6848 3856 7803 6844 9253 8066 8033 7980 3408 6072 7947 1872 2362 
0.88
21
1520 8629 7695 3429 6451 4048 5294 9200 2531 7637 7539 1708 1357 3807 6534 2348 6467 8058 9393 4825 7531 
1.186
21
1542 5023 1940 6429 5175 236 1961 3016 3468 2946 3650 1467 4085 6377 2048 2572 1715 5219 2492 2593 4410 
0.831
24
9949 8501 7909 5891 4619 4659 5213 4161 8863 6050 1016 8050 635 3467 2048 3012 7984 2202 411 2179 274 9107 530 2526 
0.953
21
5132 347 7989 4054 9508 6447 4749 1233 2201 1360 5140 9663 4507 5573 3063 4139 5130 7700 3970 1284 8356 
1.376
24
5610 7903 9513 8239 7268 2181 2751 5059 6170 7820 7003 1387 4071 8259 4343 1681 4357 1806 1704 3939 1978 4028 5725 8702 
0.948
20
8091 2999 7694 2110 2377 138 616 8171 2322 548 116 1548 9909 3730 262 3821 8569 4796 4235 6346 
0.985
22
472 4149 3017 2152 330 3005 411 3103 606 5779 7487 1447 4909 8116 8743 4931 9811 8235 8090 9958 3219 6309 
0.706
23
169 9147 7771 3759 6219 444 3100 685 6189 3303 6651 2866 33 2687 970 2193 5476 393 9184 4259 1074 2949 7727 
0.591
21
8919 9465 9471 4355 2081 5146 8588 2857 6525 6724 3795 9543 7057 3534 8781 2654 9179 1143 9304 8420 8492 
0.61
19
9386 6022 2210 8101 9350 2481 3250 1681 8237 9541 9317 4006 6799 712 9283 2593 9575 6210 8060 
1.964
20
7751 6113 5352 5988 8498 7866 7132 9010 9667 9291 7729 9591 6378 5103 4045 3802 6254 8089 8485 9682 
0.828
22
1926 2844 7494 5674 5522 4193 5726 4216 2786 9088 7487 9746 826 2123 3200 35 4128 6639 3231 274 6108 6801 
0.868
17
9670 6900 1973 7647 9912 9080 1581 5013 3399 4730 5200 4493 4338 5123 441 1788 6977 
1.341
20
4601 1854 5069 4425 2827 589 4670 1269 1248 7623 4286 3374 9479 7896 9225 3136 6503 1023 7020 7690 
0.578
