12
109 677 63 342 594 763 874 276 530 442 79 436 
1.554
13
998 71 772 737 360 688 486 8 88 420 261 162 436 
4.678
11
782 436 159 163 282 406 134 214 552 49 673 
1.18
12
778 782 610 160 290 594 647 363 787 936 107 335 
1.656
21
522 695 20 475 677 520 450 535 723 240 682 6 100 495 16 735 960 470 656 203 751 
4.745
12
778 425 231 568 358 47 703 5 978 652 33 75 
0.423
12
223 674 615 42 883 918 403 670 881 428 64 319 
1.458
11
900 955 881 151 886 987 494 753 928 14 252 
1.166
15
626 451 583 826 504 928 569 543 629 718 769 355 230 375 615 
1.551
14
90 557 788 54 207 881 734 265 972 237 444 299 96 171 
0.647
17
774 85 348 317 934 169 531 556 87 38 938 74 704 52 181 490 784 
2.957
11
609 846 484 973 621 41 317 454 463 524 716 
2.227
15
82 816 278 890 353 679 171 124 905 974 908 407 454 707 822 
0.594
11
583 427 511 514 722 453 22 90 421 469 932 
2.784
14
288 452 259 885 532 355 776 945 664 345 247 884 235 994 
4.663
12
268 767 894 828 668 775 969 359 603 714 238 489 
1.464
13
228 273 579 853 488 345 611 398 607 926 21 248 823 
2.725
14
828 143 567 887 790 976 297 335 888 121 233 187 41 906 
1.655
14
705 68 663 151 653 962 7 954 71 651 556 795 603 117 
0.059
15
603 844 574 565 253 129 582 459 145 240 268 594 487 515 743 
2.687
13
304 78 569 924 719 7 812 480 651 58 778 627 676 
0.942
15
374 631 137 81 840 677 865 451 486 561 933 184 485 398 843 
2.274
13
280 808 366 455 7 660 102 85 556 48 634 192 835 
0.24
17
720 672 872 707 350 745 300 24 793 828 443 726 335 599 826 175 922 
4.258
17
425 770 183 325 619 831 358 490 907 118 143 350 438 576 903 246 4 
0.061
13
552 777 209 661 781 526 159 108 142 888 936 723 911 
0.341
13
264 468 367 73 723 317 758 633 84 195 333 192 480 
0.056
14
586 804 886 79 585 751 531 593 787 134 802 183 280 866 
2.736
18
779 908 458 235 917 981 664 198 283 307 845 901 17 632 425 374 83 626 
5.363
18
716 935 132 325 560 519 183 607 203 981 626 437 608 66 688 319 505 987 
3.696
14
220 85 818 182 704 204 635 41 948 774 452 907 31 916 
0.619
16
637 714 848 171 797 890 360 825 875 430 847 877 439 828 98 859 
2.256
16
399 189 823 250 981 604 230 440 322 323 878 732 782 405 113 647 
3.36
14
770 640 119 41 313 596 975 462 684 804 950 733 712 853 
2.194
19
151 213 604 204 262 542 739 82 132 115 639 45 780 239 59 435 727 71 611 
5.272
15
286 672 277 168 50 175 311 392 867 503 352 651 907 309 876 
1.321
14
293 397 318 863 176 264 676 262 775 223 493 756 194 667 
0.843
12
347 949 193 850 199 612 130 803 488 836 48 929 
4.185
19
915 27 716 938 424 907 877 573 621 966 744 687 989 377 223 437 705 271 992 
0.061
14
576 553 40 220 634 635 148 872 530 415 889 311 122 247 
2.952
13
546 707 435 675 671 644 587 638 74 904 721 363 627 
0.943
14
946 670 198 673 508 96 433 382 813 578 410 810 181 838 
1.455
12
311 716 372 551 581 240 602 414 932 244 82 199 
3.461
15
517 638 345 789 63 608 903 398 756 499 519 750 908 37 72 
2.122
14
437 6 751 967 334 337 542 685 693 995 9 532 210 622 
4.462
13
910 922 619 907 416 258 510 231 782 96 944 40 230 
1.107
10
290 39 666 745 258 755 996 734 50 107 
0.981
11
666 973 253 440 965 6 992 79 855 377 694 
1.856
12
797 645 656 915 801 281 433 605 992 894 164 886 
2.549
13
339 851 621 815 538 894 983 530 767 726 852 159 869 
0.56
12
537 116 554 871 13 244 261 608 97 615 44 410 
4.33
11
509 512 207 771 934 492 733 789 693 607 756 
1.348
15
499 747 337 663 775 46 56 143 894 113 486 942 768 668 709 
1.575
14
69 655 293 934 533 289 90 698 607 789 837 112 257 474 
4.551
15
540 43 921 448 478 240 573 308 212 197 865 340 620 451 234 
0.059
15
116 227 285 579 514 598 825 421 658 771 251 154 577 518 18 
0.065
13
651 869 402 864 27 64 387 409 915 922 444 945 405 
0.062
12
603 133 548 193 401 367 608 837 48 596 36 267 
2.518
16
132 56 759 764 677 27 281 510 789 351 723 39 672 352 67 864 
1.71
18
597 341 954 907 466 869 96 208 908 46 169 815 167 911 254 629 155 928 
2.017
14
24 180 993 784 169 735 337 961 62 727 133 170 143 817 
3.404
13
258 170 325 87 232 967 488 827 962 208 444 91 790 
0.924
14
735 14 315 368 873 947 547 383 336 89 837 842 77 218 
4.077
11
157 561 58 895 435 1 100 721 448 250 752 
0.325
10
796 174 260 309 599 877 21 120 19 440 
0.492
13
636 918 791 532 921 644 89 96 280 643 484 64 509 
3.417
13
626 604 495 857 993 995 955 314 679 982 786 7 288 
1.245
13
59 463 660 722 580 849 303 347 848 930 518 280 426 
3.177
13
454 754 650 241 873 363 395 624 957 82 751 163 326 
3.784
13
839 370 480 538 629 677 620 2 30 491 487 102 812 
2.047
12
760 644 609 882 987 37 162 298 694 802 186 524 
3.106
13
173 893 588 190 4 936 27 185 195 458 443 587 367 
0.055
16
410 372 455 419 751 509 352 709 655 417 325 183 378 752 639 929 
0.059
14
183 9 499 866 525 249 103 554 540 310 574 202 346 295 
0.06
14
873 203 698 344 353 811 144 329 419 744 777 182 146 566 
3.536
13
328 897 155 440 587 75 118 102 726 226 833 9 770 
3.225
13
947 536 258 193 924 81 769 453 659 154 196 218 745 
3.903
11
541 653 770 575 715 785 527 222 45 29 553 
1.927
18
356 671 741 697 284 441 598 709 885 403 156 148 795 116 66 868 81 102 
0.304
13
292 566 298 935 146 489 769 880 96 151 543 59 744 
1.197
12
753 812 311 218 647 278 52 102 274 665 468 654 
0.061
14
157 271 280 196 120 906 702 683 614 263 738 608 50 913 
0.485
15
726 792 287 134 278 364 291 527 672 671 561 246 253 314 438 
1.199
13
489 436 354 516 24 566 709 977 989 240 609 196 807 
0.514
12
489 189 122 990 530 689 803 734 568 446 127 160 
1.138
15
969 114 260 505 943 908 785 799 625 390 721 267 827 458 878 
0.915
15
837 291 669 670 847 135 136 802 355 643 272 788 939 260 297 
4.061
15
477 126 158 324 932 640 68 620 952 827 759 503 20 157 569 
1.544
14
397 429 622 809 345 488 497 89 330 129 915 775 51 852 
1.489
11
723 691 117 706 149 470 684 790 124 75 119 
2.139
14
539 573 421 176 82 187 330 677 974 79 821 411 144 840 
3.415
10
531 542 691 168 444 302 485 297 41 497 
0.858
15
715 82 267 209 738 578 496 936 124 3 568 287 573 777 727 
0.056
10
33 586 227 107 257 471 743 483 31 722 
1.291
16
178 293 925 400 47 797 823 153 264 456 72 59 185 716 46 614 
2.581
11
346 294 992 142 980 815 79 834 953 768 836 
0.056
10
163 946 296 618 738 154 770 957 30 984 
2.383
12
541 96 192 649 135 974 202 271 480 245 171 998 
2.461
11
525 967 998 958 174 994 675 301 842 346 120 
0.057
13
290 434 609 868 537 208 211 272 120 250 323 38 922 
3.477
