30
70450 8808 53981 48190 3792 33161 73687 85733 5491 45906 42391 24455 65060 28627 81796 80537 14497 85540 53771 66292 48213 48309 77175 58721 62780 76309 53768 80051 1051 47427 
114.497
37
24507 14364 455 64858 92811 15851 68853 92154 27683 71296 96483 49139 93868 82048 28521 91354 16108 72343 39937 68986 74813 55056 71507 87810 584 75641 71481 68018 35312 57938 69494 41524 62570 44010 47207 23515 93935 
137.566
33
82609 81805 34038 65075 95572 16036 89242 67925 97620 46449 69450 72238 77137 53353 60571 73557 73881 97142 58014 71274 69936 1097 98778 3594 30723 85150 87170 16389 24404 17071 88382 58205 85761 
113.229
31
3023 75824 92580 68340 55069 2994 80579 47973 69827 78607 95899 26242 69327 99984 19658 69120 53661 93779 81898 22144 48394 2620 27242 65480 48445 6955 35742 8098 49879 65162 97668 
231.29
28
12161 92818 73867 31677 18518 87119 65154 23991 63997 8796 57412 63598 21838 49053 81835 11858 96138 9289 37799 92595 45964 37256 50154 23961 61613 48875 4905 37857 
104.324
26
88715 98853 87255 3079 91978 12546 55057 35276 81454 72872 22947 86056 76604 90568 6044 41098 71720 69469 63689 24260 81611 66777 27207 89770 10312 50237 
110.939
40
38649 91706 72709 27355 90849 19086 73564 16098 69935 58605 211 58578 16060 17827 60718 74700 86612 49388 77103 51868 7623 48248 33585 67954 21562 63074 82605 38045 42204 52191 16314 86323 65268 29932 61250 54328 7878 82882 82763 90503 
123.322
27
27371 34649 74057 60162 62357 96040 48007 22824 75347 49133 62846 95222 34352 9854 20158 77434 38354 22710 10217 78419 84381 23840 59893 98824 54664 2796 56029 
252.303
41
82677 5305 31972 12766 93188 71591 76363 70379 16743 66635 4253 13080 12592 59867 52211 33146 19432 52296 37416 92050 57292 64369 33264 91585 26406 69237 29110 68183 45245 26775 81866 85440 33100 77576 31799 98517 44721 93055 90477 50591 60308 
227.802
38
12987 55808 26725 62775 65892 31402 49709 3171 6100 6514 35323 32353 28656 38099 48750 17095 7326 30407 63762 36787 85485 84645 91225 90762 12255 63142 28911 513 87106 94996 31821 73133 86848 64259 8115 3833 75638 81257 
112.61
39
60248 620 2885 1277 26237 12670 63741 12315 98248 51132 67131 42130 58878 96418 34140 85904 6328 96450 2198 12665 39131 90494 49189 28922 73781 77810 91509 48366 85726 27257 3850 95782 74741 96649 65268 4549 69267 24386 79044 
5.992
38
63789 40731 55803 39858 25494 81519 14956 56201 49584 56478 26713 99825 96173 94158 8756 94622 96335 18112 94120 74994 55146 22816 60918 54964 88551 87643 35884 48314 93247 80490 57380 31340 39415 89901 97828 68376 45036 55900 
97.535
44
74028 81755 97341 34800 97661 31995 18669 86465 13788 87913 96948 22028 19944 95852 19637 90591 21251 13346 53898 58729 23508 72323 76531 6893 41906 1342 89663 60827 61757 65949 14674 42507 58459 70437 63318 69555 58365 51476 10308 14285 6748 60528 73313 79050 
170.282
30
84430 76886 18328 37422 89997 37289 50917 64606 11843 53119 74358 58821 76533 28161 46204 22796 84565 83723 3221 59774 79365 53090 70704 26012 62038 54897 78843 66633 15066 88215 
92.411
28
15249 77106 55861 57090 30050 39313 2362 90537 21483 17504 39083 59878 53968 93518 95873 79860 59001 52684 38508 98154 65590 90353 80027 12080 33434 12176 12206 47438 
101.488
39
16276 68824 45501 84054 2873 99894 62621 51495 28259 66378 61085 62532 74577 30254 89667 76184 97606 29222 61348 7087 41242 84414 79450 14310 33199 71492 51708 66103 67352 3265 17523 47161 1347 57600 71381 91433 74270 10909 73425 
166.085
35
53708 44633 85936 24659 24375 867 64124 57339 6453 81472 27874 68426 90237 99884 63114 43131 75494 95202 19691 81434 99936 64914 18724 22283 54475 40960 34810 57 70852 7285 68980 35292 10595 17739 42570 
109.705
31
20711 35046 34667 92289 222 55475 80202 39256 98598 20343 63127 12112 68068 30053 17090 23537 67231 30839 65079 44863 7065 57692 51767 31255 37857 90334 46381 39507 84829 60263 98469 
73.646
32
92319 60145 96777 89441 54326 62088 14033 81709 81078 66113 66011 45414 87344 23480 4323 17110 69563 65358 70625 54605 22052 59629 30965 59250 44303 64874 91966 3593 40462 16109 47995 73917 
118.887
36
79946 41497 53229 74922 44010 27686 69218 44206 97869 75845 62989 29317 5572 84863 59845 87937 87175 60077 59395 84250 62176 35587 42405 67493 91946 86900 66121 75997 61060 58610 22387 17126 53439 45814 8837 32982 
96.119
30
89459 38663 31061 40 63055 47534 20985 59501 79353 89478 8377 51330 55237 95613 15700 7644 57934 25696 91076 51340 75591 19483 31018 58897 30879 58940 22710 78270 8397 82270 
89.059
43
64499 44179 69079 40980 98144 84262 32714 53314 69452 91850 72763 95295 16318 31684 2530 93546 71689 64934 4241 3456 38975 4711 80392 68765 11353 87913 74980 98403 45729 1245 39477 1483 49433 61590 95325 58113 84599 99586 25228 96388 2772 7813 94270 
129.708
36
1232 49534 76602 92911 51460 85023 84852 76563 36094 30736 89999 18392 85810 60422 58128 23395 60128 81192 5378 64577 38589 50117 23648 6607 2368 69278 52514 92269 51569 10361 3799 36347 55523 84402 15832 35746 
114.954
30
38554 47410 14049 90656 60770 47655 5850 23865 29321 30738 50825 65683 50659 16307 37879 54440 53590 83484 315 65341 25701 59379 92515 44955 42117 91725 15777 93585 21099 40429 
50.477
31
98349 50841 53402 10344 47537 35600 56749 56492 93266 17880 12776 7543 15119 87424 20944 38007 57103 31884 13718 14462 94162 8987 3730 24466 69217 71260 95165 43791 33069 5588 50373 
175.13
30
62870 98531 75536 63503 78541 70953 52786 19773 26442 24845 91950 64022 894 58175 73600 49563 8853 88474 33154 77591 46276 46865 10377 20148 88233 52092 25751 38046 9374 81865 
89.633
40
60988 28012 21299 66029 36201 98234 76426 64886 67885 17421 73773 28362 25665 7122 62365 35915 8707 2726 63430 17142 42866 27284 43274 32306 3013 59005 2444 77988 11444 10872 99940 77677 47087 64138 72959 77611 11524 1040 91623 93492 
65.098
37
21778 36310 86056 75760 57309 91259 58851 18308 76012 51003 78992 91899 86338 4691 38840 20806 74450 60123 50821 74103 95847 4221 77992 91716 49778 21372 46349 92253 90295 84191 68569 41319 4943 89194 62530 1608 66849 
160.095
30
5499 81957 96824 47307 95585 27918 9112 71494 48030 11626 99883 17333 20226 6977 48142 12334 16625 67116 84752 84073 96439 3299 35344 13932 87776 48697 54142 48687 8584 98076 
80.129
37
65244 67735 54955 65986 89464 14303 50718 19965 82635 18107 884 81417 40227 68658 13900 69224 54592 86479 61242 68021 36246 54449 23226 81676 52361 51548 246 84390 21018 2243 11460 88937 77015 69450 34759 85557 7276 
107.253
31
34559 78150 81336 88288 72462 26988 91860 96570 8816 3123 59567 21589 91314 89141 86694 61002 44851 71463 13767 30709 86629 22761 83969 87744 75729 79611 3888 41966 76580 30479 89066 
142.676
38
78110 31769 831 69746 45599 26196 50617 6120 45219 3962 61922 3932 36085 91639 38168 99913 4072 9750 33464 49522 22514 84029 2899 27174 37293 55933 93381 99960 98996 26901 40612 35611 74775 45917 77315 61282 1301 2701 
114.154
40
65061 42035 69401 17258 92811 28134 42682 35141 70803 7465 17453 73457 14956 3940 56895 2318 67350 7787 70740 76357 60687 30154 11693 69511 44066 33557 40159 31027 73822 14225 34158 59834 62004 86455 16576 95409 94653 86049 70451 75685 
88.859
37
19661 94030 63100 38113 55804 48659 13432 61935 73383 48434 37599 4938 7423 62308 63973 17813 55908 61039 80719 92066 91530 2556 27520 45670 31181 12548 8367 14720 76762 50697 93974 62928 52772 1167 56890 67929 70644 
26.915
36
20513 53561 46694 90149 7118 94068 92277 39815 5517 76898 66820 1881 89953 80574 47754 23532 33033 42947 21891 46066 94625 41943 88756 92848 583 21932 50995 19695 39303 87486 15982 97583 92327 51630 1112 42709 
124.752
29
54945 38798 33331 1674 60963 51250 21924 89609 75005 58163 90656 44848 70604 95691 37617 45304 10538 54296 77636 53136 31834 70683 24250 63323 3229 86934 19919 43621 52582 
96.541
35
36243 66889 40776 42605 75899 25563 5433 39433 5473 16015 11940 32753 8221 34970 15540 85170 97141 33815 66622 60583 86186 68024 52237 79407 95009 72981 93804 34986 57493 40212 95884 64878 67684 3795 83139 
158.648
35
79269 59432 92357 8174 19418 23957 29937 25442 76490 43794 1933 37751 18116 58036 36487 6231 26022 98687 24398 97860 29687 37538 81402 94773 58095 27707 65752 62848 11595 42329 22134 65863 1505 8710 93988 
56.125
42
84423 43932 70893 70515 3723 92219 16941 87605 20910 33067 90221 49283 6368 14902 76653 36944 88960 31385 1270 20955 57618 82109 43213 64194 28281 93544 16024 86155 32331 9343 29033 33492 95683 47199 59468 17506 40060 85071 51475 99605 24109 31832 
185.429
34
18127 20727 61857 81128 99588 60 70715 54268 58818 52599 77210 83328 96645 98419 9423 67520 52367 8796 95390 48094 27489 48995 33899 32618 92953 73189 78657 60239 85501 68127 57360 48464 48445 48634 
145.886
33
70682 54574 44738 76225 85297 89062 45265 41286 36257 38157 92271 26856 86097 73916 91799 28572 22550 66244 95911 67192 45844 23183 57254 84301 47901 82096 68785 50444 96795 2008 84042 1461 38143 
258.365
34
42667 12585 80306 99740 11684 8146 23185 51258 71561 38467 96647 97776 63832 28949 21560 59367 85759 23643 54308 6945 44632 18860 28891 52628 35442 11483 6942 41159 68194 37465 18936 21483 18389 87492 
110.767
31
44064 96642 28090 47213 18201 15565 22591 42392 13391 51163 92499 67107 75172 97152 16092 11164 59101 17477 67570 19294 54386 71973 58639 30823 88952 38939 27978 75596 81320 2022 11257 
52.189
39
2181 15494 97900 8866 51000 65748 60180 91164 51454 23604 97948 25170 58381 70102 98583 56818 28965 95520 20661 61902 76737 35180 50396 83563 1198 48792 95958 9569 94468 54622 17471 17288 46874 64207 15465 10539 93696 25130 43047 
192.491
32
2434 27539 83257 81182 64443 37277 46620 21730 33866 79784 30506 17012 22402 89812 12508 28063 56090 34208 29562 61599 80769 22655 64773 46986 45125 93858 25379 20240 81294 73266 84934 1188 
82.091
41
96969 89552 42958 94013 36068 40825 34266 6327 18229 34796 6375 27630 63425 63119 77346 47820 20906 11737 22772 88869 382 13104 76857 26759 53153 99451 5314 1121 12300 42238 32552 8612 12510 64601 83605 34171 14985 18532 80472 28203 49240 
116.191
33
79220 38846 71851 11484 86895 6932 35014 38237 53247 85446 58547 68059 65165 32695 70606 38194 80432 26380 29285 47081 90538 39009 45554 70728 86179 425 96524 56701 60561 3397 89424 11763 74372 
82.319
30
25205 89739 98464 75858 93596 73671 96018 29389 28414 94650 41713 84530 5349 46499 91633 62796 94257 49099 91264 70483 59377 72732 70020 30476 35739 71413 80696 318 8783 71518 
55.677
34
29129 11211 80096 48112 34076 93065 82542 63850 59863 37716 5698 71375 93411 33485 14664 50159 19828 62945 76306 62242 92176 61389 58486 52572 19180 64479 46572 74923 38702 4143 3571 76207 7878 46983 
69.111
29
92583 82319 3934 32203 12299 95609 76535 65596 14706 74627 1628 78580 79845 39176 74488 98408 38931 69807 30378 79795 2779 46355 41615 76244 65425 91443 74177 4423 92774 
164.566
39
1548 21783 56135 1437 98921 94353 17302 62727 28447 30749 43307 37879 99444 75779 56733 36051 472 55514 49578 93290 53853 76881 46737 12096 9368 42649 34099 72552 60856 17301 40795 80106 92062 26068 59031 52227 99005 29052 95207 
219.504
32
53583 7162 96917 33504 10468 23831 63330 84543 59282 8428 54175 80745 47813 61947 46843 93014 36397 81258 28323 23096 13043 95582 30933 95258 91331 66025 45043 2420 31491 56156 5071 43973 
101.115
35
73245 81509 66853 87920 57736 78126 70823 81901 47998 61727 14030 32243 26949 35267 72216 55940 34531 60461 29432 59065 61125 3799 61226 98468 21425 4679 43986 62421 72368 35104 74748 29566 31830 9747 24585 
158.243
27
3749 51917 56586 97566 34550 93228 76758 65832 4544 52987 8971 15781 28399 30058 98512 70708 71180 17075 56027 11092 77093 39072 33802 13220 32447 29896 40940 
135.372
41
63696 55376 26152 74497 59979 76513 64720 26862 54461 95301 88924 11683 20663 70848 90812 19735 42209 31864 49385 72229 925 52996 95831 24423 57617 77084 25739 66187 78719 37480 13112 11965 6673 22130 30455 44889 86732 52250 29477 2444 58888 
169.275
39
74990 8679 83995 86608 9911 91865 80457 57627 6040 84010 92272 968 24063 86191 69504 90772 70502 4917 88916 37952 92011 75421 49110 50795 11817 21098 42480 57393 77892 62816 31219 70355 45957 13917 70919 54451 55336 17449 56787 
168.226
33
44046 48582 13108 56216 48735 27460 33921 30044 30309 92505 85229 96901 79344 98479 64740 85580 84006 77210 21357 31432 54173 24420 8451 83875 57835 98654 47390 21512 8454 82943 14543 28854 76717 
81.19
29
26591 73989 86005 19169 76422 89842 3347 38723 92533 8126 15201 65440 29221 47449 16462 60551 17458 95548 21913 97841 44036 72194 84678 55732 39497 81319 95189 14689 76415 
143.527
28
88237 89924 6783 66623 65533 82864 49179 10992 68472 4661 19581 4089 65907 91593 15465 27032 45788 61176 80140 85216 7284 41695 42161 91928 38024 56288 2687 97483 
231.979
28
80248 16187 96553 76555 53511 76121 77811 2005 4718 81539 73886 81236 15160 35599 31536 81797 47268 23926 63842 57808 99638 75514 80484 28020 64940 41539 32639 92301 
96.515
28
76988 42809 62742 39059 77371 43347 53748 56838 93763 54201 72594 47592 82506 46278 76118 45972 98580 26807 88794 33540 41349 96393 2701 2253 52364 3291 46335 59063 
137.319
40
25889 96005 66528 33613 78625 29501 418 18329 19140 94875 68850 50635 49929 8511 24288 71754 24856 66475 11965 38418 69535 80909 80757 70639 68040 73730 39070 66936 5118 80110 11356 55799 62435 77852 36242 92757 34805 56287 19708 29247 
64.801
32
77113 24733 898 22702 26017 30956 69392 51557 85843 90045 77862 58160 56864 70107 54852 55481 42269 29467 35838 52466 40717 18551 19617 2615 44279 87317 12046 40619 14025 91791 53606 91472 
201.34
35
98713 18956 62824 69663 36960 12336 38179 80131 77214 31944 52469 48299 94340 72766 40405 15204 21641 46513 17373 42506 26274 19724 87567 79959 22717 67885 81515 48619 18322 3753 73130 96860 17144 16261 29769 
72.111
35
50953 25854 29606 83955 89981 82858 73534 27471 35742 67725 56356 55976 13364 20532 72284 2110 81394 22069 21411 24714 10584 46341 20520 45174 33530 64267 82414 22017 20328 33061 17985 93005 55754 14443 22579 
150.413
33
35153 99493 31801 95333 84818 29930 91340 6918 48816 84192 25580 82448 53414 90293 17815 58010 66730 26997 42190 65894 79584 17567 46067 20587 17089 74792 81167 55997 92016 17238 6127 4847 83181 
157.522
45
81426 81182 48233 7700 79389 84816 24800 68512 88212 71226 75624 41101 23736 32458 60954 87998 51524 70291 21829 77048 96663 5057 96379 28672 88744 13010 83553 79150 72778 78355 67838 30704 81311 75462 63098 18794 2063 52397 42553 85405 26456 89708 11045 33210 45109 
138.948
29
33040 55846 19228 2680 80076 97637 12746 60443 84644 91753 61416 59240 94818 62806 51027 95185 93811 9234 56926 31960 16604 23433 54968 20788 56356 43571 37734 7105 48107 
170.001
35
99777 63976 45341 24374 54707 45103 30067 4623 83572 96418 34113 82876 17709 39426 46647 86871 65277 11321 49542 85036 91007 60317 41299 41495 50650 98774 73488 18918 3112 49375 16148 43123 22257 88077 89879 
170.456
36
60159 54139 63859 72104 19748 21554 67494 71740 32128 97959 40068 51150 93899 91272 93583 73812 9291 58570 24441 83114 39787 56019 43270 62268 54690 67750 93093 80093 5624 72952 44209 83956 35384 36170 96734 51445 
160.504
34
92618 78339 97456 26343 54470 37596 308 31477 28243 11921 72256 7967 47455 17113 37623 48784 7898 83560 49693 33177 31208 33969 42761 30879 92214 26751 39638 47730 28911 29858 69864 91898 43536 61688 
135.509
33
78911 22519 10617 58899 33260 40742 28611 18108 25310 98423 84523 13704 66210 83498 38329 6283 32999 95249 80283 85110 49371 27920 95933 8 85705 3133 73817 52882 72996 86551 49900 60842 97728 
96.736
31
29636 26668 57117 22034 97126 14217 18649 90815 34467 88795 98977 52997 46573 3455 30812 88976 99544 37894 47610 43437 4721 36753 85641 77586 71557 33980 55363 84008 83848 19966 48485 
114.764
36
11136 13867 7990 57349 11335 23788 82222 48544 91083 11797 169 46716 13361 3070 35740 66317 10440 31652 96729 7073 7793 12280 95196 35017 42166 68193 53001 44220 948 56199 78633 73328 40788 81498 47597 91067 
126.549
30
37183 24062 6390 24413 82787 21633 13848 34967 30541 59851 71539 17168 2187 2020 22515 30644 83639 6491 59884 82870 30459 3709 67614 13219 42092 68165 83500 7765 37969 59752 
144.805
33
68453 34591 65263 49636 14861 98175 25753 13017 14684 93294 49927 81311 93414 84876 6590 78720 60823 88392 76025 54 74086 3949 87393 93341 40881 74896 43206 70057 56151 63092 99868 7745 25462 
95.761
31
98582 56631 87767 66706 10937 75532 97931 32701 90391 11656 3546 88581 80822 54586 97634 80648 79713 61966 95631 81236 40568 82224 1466 74038 68871 18007 83927 31961 59407 85703 85899 
119.909
36
44390 76970 97229 4407 67924 2186 36690 91747 32975 18300 45682 72187 13644 87169 27750 43769 78175 88491 25555 36993 69759 83849 54021 71689 43542 35836 60240 59721 62508 39915 1002 85817 49381 21696 2578 91906 
72.171
29
87436 19162 96233 8724 26231 3268 70991 23184 81596 25285 78069 83232 65588 88615 44012 15736 69354 72292 57940 20313 6795 78451 57698 46208 44063 81575 24031 10918 22522 
119.225
31
43170 90594 83587 2852 78208 60950 87767 74397 99501 97261 69064 39033 21529 81365 25617 98846 20511 46708 4139 7893 68789 15606 92131 75544 9434 34677 44217 67954 50421 8681 62228 
72.633
41
82329 52346 12476 13589 52933 97311 21073 77584 60994 49280 39246 37328 56859 6632 77677 74810 17648 72730 29958 70322 20801 40882 80641 42288 56291 99345 26587 15405 41835 44684 92201 78813 85361 42373 34197 5463 85474 91664 97386 36470 43655 
79.585
38
70746 37588 85885 60935 5009 76506 13254 84664 96274 86644 37334 34381 46200 63593 1654 33451 25497 47519 44774 13892 76046 88731 2206 69633 56952 85616 51837 18840 82783 35533 80929 24127 20283 97451 36122 39248 70993 95583 
261.237
35
69639 85079 7146 42856 23819 11858 41941 61272 11364 79979 20508 32383 20403 9521 11328 98578 40975 28836 47969 33274 65320 19230 9942 57543 21340 493 66343 15268 42522 43651 77408 1297 24323 6799 24621 
149.547
38
63134 47310 72379 12562 16093 7817 6294 74037 9201 48487 1446 24124 73894 36816 39029 91763 18333 81803 32591 26011 45028 21378 59851 35093 46073 65160 9438 81928 64510 45847 96934 13731 43333 14512 84255 57999 8017 80931 
110.345
34
34042 51762 91840 20659 39747 50692 88749 1322 92153 60303 42768 71739 15784 54781 20497 50575 87291 17048 53212 80033 10367 72457 48397 15808 24376 87758 91584 12321 38961 57713 33072 33716 9722 92662 
122.011
34
95056 7828 37254 65922 36792 61279 32246 63025 22255 67998 7397 26632 99496 41510 34072 25175 65989 45054 56357 19475 47082 78918 52117 49371 62314 17838 76773 74159 69530 68331 97855 53246 2164 99407 
76.248
39
82508 28073 50234 33974 29786 41867 16843 21555 80813 51873 62240 2820 9220 43101 79977 31264 37397 75386 92618 66631 47963 86639 60648 28949 51615 6117 25069 40316 72076 64894 67294 43428 57540 31661 38154 21861 15881 41078 66296 
111.769
38
92799 62397 10897 87821 5212 22005 59994 75352 97889 74653 41901 69328 24359 57087 78880 666 39771 79533 20261 54548 33227 73859 3004 95626 11334 11296 46368 79385 22093 67973 32662 12190 2178 17840 27938 89820 11310 63077 
252.201
34
605 68542 83959 28100 98620 96959 31921 66716 39477 24828 87763 76764 64383 59345 67945 21079 55855 77630 60700 93343 66089 69687 82814 23373 78832 11472 46374 42300 54203 30917 18258 22080 18987 85099 
216.062
31
64936 29804 16253 57270 80238 46386 89674 51411 98091 53277 18649 29712 40238 21246 48510 2956 268 49115 82899 97098 86096 22546 40356 94650 92738 37010 72785 56493 50048 13965 59540 
150.238
37
38033 25037 29183 48935 90889 6403 38902 14864 20236 66292 3074 60730 78528 85837 77795 22692 90305 24733 70793 21503 38606 92472 38953 32992 53099 18939 41308 24117 11128 33385 454 14212 95026 96208 10040 27559 47778 
64.93
36
83923 22265 20823 10785 95830 30027 30002 32455 35153 48877 40164 85885 59226 63342 154 27948 17197 85521 39887 82025 77666 24266 92228 31663 68992 12837 60837 87356 75446 69522 32958 44550 98949 59212 5323 20691 
166.678
36
17351 73781 72054 15665 22556 63326 64441 93659 30987 37253 49816 35283 5773 7191 85095 19533 77827 1620 57765 23201 7195 41845 13551 78767 4934 59944 11002 11653 53411 44212 91538 75181 9928 64161 8540 67797 
93.592
26
89113 31547 90550 57239 91257 90924 79149 98543 90084 80806 62826 14082 11471 63342 6274 27791 32723 58639 9283 13397 37835 21085 19038 353 19516 32778 
217.286
30
41327 14971 73723 67616 1052 13537 84081 76049 74310 21387 96835 64987 67956 26191 84339 27293 24372 49516 6605 74462 40952 61551 18918 64622 26084 87883 11360 64266 697 60046 
47.971
30
57269 40193 60594 38175 67082 27874 16458 78622 94251 27901 43539 12564 47129 42921 82476 76021 45897 88697 98281 16211 84574 10409 3071 2966 99231 56180 84152 79758 14976 99641 
112.645
33
18680 68544 10446 38843 5102 81970 86199 39234 68775 14765 23617 69866 26572 90637 97892 59354 74363 2049 31341 33619 29832 44666 25948 97088 4997 94747 94028 34858 51114 2609 53783 23861 39685 
132.095
29
19478 51508 62946 31418 59406 76058 43536 15376 95846 72381 25130 55219 50738 42698 41007 63145 96360 61097 99016 21182 73646 88403 37456 31309 54568 43604 25254 18105 18279 
172.347
32
49502 89793 80500 3902 79775 13487 35943 30180 21187 41156 53365 13335 20874 31246 10955 79188 55848 52471 10585 71179 2284 48790 20933 2741 89022 12958 73051 84456 17114 99505 99134 72329 
27.21
34
29741 12485 67401 95123 18366 28753 66506 63709 73417 15857 59438 44220 43206 94713 51138 96110 90770 5124 51213 56692 99824 35762 82575 17505 15022 51568 81157 22249 81880 74775 63140 80319 82980 88256 
66.96
