12
109 594 874 442 63 763 276 530 342 677 79 436 
0.136
13
737 71 688 486 8 360 772 88 998 436 690 295 420 
0.335
11
214 552 134 436 163 282 632 406 782 49 159 
0.159
12
936 782 778 363 787 647 290 160 594 850 335 610 
0.175
21
240 20 495 475 735 677 682 16 960 522 695 723 535 470 6 450 100 656 520 203 751 
0.197
12
425 358 703 5 231 568 652 978 778 47 33 75 
0.083
12
403 428 883 615 42 881 670 674 918 223 64 319 
0.209
11
955 881 753 987 151 900 886 494 928 14 252 
0.13
15
769 543 629 718 355 230 928 504 626 583 826 451 569 375 615 
0.118
14
54 734 207 265 881 972 444 299 237 90 788 557 96 171 
0.116
17
317 87 774 181 556 74 38 52 934 85 704 348 169 531 938 490 784 
0.223
11
454 973 609 317 463 484 621 41 846 524 716 
0.379
15
171 82 908 278 974 407 679 890 454 124 905 816 353 707 822 
0.09
11
511 453 427 22 90 583 514 722 421 469 932 
0.439
14
884 259 452 885 776 288 345 945 247 664 355 532 235 994 
0.334
12
894 828 359 668 775 969 603 268 714 767 238 489 
0.12
13
228 488 853 273 579 611 398 345 21 607 926 248 823 
0.332
14
233 187 143 567 976 121 887 828 335 297 888 790 41 906 
0.149
14
705 68 663 151 653 962 7 954 71 651 556 795 603 117 
0.058
15
253 129 565 844 145 582 268 459 240 603 574 594 487 515 743 
0.19
13
812 719 78 924 778 58 569 7 651 304 480 627 676 
0.108
15
137 840 677 374 631 81 451 486 485 865 561 933 184 398 843 
0.134
13
808 48 455 280 366 660 7 85 102 556 634 192 835 
0.085
17
672 300 720 793 872 24 350 707 745 826 335 599 726 828 443 175 922 
0.354
17
425 770 183 325 619 831 358 490 907 118 143 350 438 576 903 246 4 
0.061
13
108 552 526 142 777 159 209 661 936 781 888 723 911 
0.084
13
264 468 367 73 723 317 758 633 84 195 333 192 480 
0.055
14
787 886 751 804 134 585 79 802 531 586 593 183 280 866 
0.267
18
664 845 307 458 17 908 779 632 235 626 425 347 374 520 912 680 877 901 
0.226
18
608 437 981 203 626 519 716 325 560 132 183 607 935 66 688 319 505 987 
0.258
14
704 635 182 774 204 41 948 220 818 907 452 85 31 916 
0.102
16
637 797 439 828 875 171 877 714 430 848 847 890 360 825 98 859 
0.193
16
878 823 732 399 981 189 604 452 647 848 250 171 155 889 179 323 
0.17
14
733 804 313 41 119 770 640 950 684 462 975 596 712 853 
0.29
19
213 727 639 115 780 45 239 262 204 132 151 739 542 82 59 435 71 76 604 
0.387
15
168 672 175 392 277 286 651 907 50 503 867 311 352 309 876 
0.116
14
176 397 264 293 318 223 493 262 775 676 756 863 194 667 
0.104
12
347 949 130 803 612 193 488 123 528 836 199 565 
0.496
19
915 27 716 938 424 907 877 573 621 966 744 687 989 377 223 437 705 271 992 
0.062
14
122 576 311 635 872 415 40 530 220 889 553 634 148 906 
0.255
13
587 675 707 644 721 638 74 435 546 671 904 363 627 
0.117
14
813 382 810 410 578 96 433 508 673 670 946 198 181 838 
0.145
12
311 932 244 414 372 716 581 776 551 199 602 969 
0.28
15
519 750 499 638 756 398 345 903 63 517 908 789 608 37 72 
0.142
14
334 685 6 751 693 542 337 995 532 9 967 437 210 622 
0.282
13
258 231 782 96 944 910 619 907 922 230 416 501 510 
0.108
10
808 90 990 450 107 682 549 731 54 738 
0.118
11
992 965 973 666 253 6 440 79 855 377 694 
0.253
12
474 645 958 32 6 594 227 817 929 733 347 799 
0.262
13
530 339 538 851 983 621 894 767 726 815 852 159 869 
0.101
12
97 615 244 13 44 116 871 261 843 493 214 537 
0.297
11
985 904 3 102 799 300 679 199 260 676 941 
0.182
15
663 775 499 894 768 337 46 143 56 942 747 486 113 668 709 
0.142
14
533 698 934 293 289 837 90 69 112 607 655 789 257 474 
0.299
15
540 43 921 448 478 240 573 308 212 197 865 340 620 451 234 
0.058
15
116 227 285 579 514 598 825 421 658 771 251 154 577 518 18 
0.066
13
651 869 402 864 27 64 387 409 915 922 444 945 405 
0.063
12
844 72 548 48 70 523 151 763 193 596 298 632 
0.22
16
510 723 789 677 672 764 39 281 56 351 132 759 27 352 67 864 
0.143
18
597 629 907 96 954 341 466 869 908 911 46 815 169 167 208 254 155 928 
0.115
14
180 337 961 169 735 24 62 133 727 784 170 993 143 817 
0.315
13
488 827 967 232 170 87 962 444 208 325 258 91 790 
0.113
14
837 842 547 947 383 89 14 315 368 873 336 735 77 218 
0.255
11
157 100 58 721 1 448 561 435 250 704 895 
0.08
10
120 796 260 309 877 599 21 174 19 440 
0.109
13
636 484 918 791 89 280 96 532 643 921 644 64 509 
0.487
13
993 995 495 857 626 679 786 604 314 982 288 308 955 
0.18
13
660 347 59 303 849 930 848 580 463 722 518 280 426 
0.287
13
241 454 650 363 395 957 873 82 751 624 326 598 754 
0.392
13
487 491 480 629 839 370 30 620 538 677 2 102 812 
0.147
12
644 162 37 694 298 882 987 802 609 760 186 524 
0.466
13
173 893 588 190 4 936 27 185 195 458 443 587 367 
0.055
16
410 372 455 419 751 509 352 709 655 417 325 183 378 752 639 929 
0.057
14
183 9 499 866 525 249 103 554 540 310 574 202 346 295 
0.062
14
873 182 144 698 329 777 353 744 419 344 203 811 146 566 
0.211
13
155 587 440 104 9 337 410 20 336 779 270 828 833 
0.233
13
196 769 193 947 536 924 453 81 258 154 659 218 745 
0.318
11
653 541 715 575 45 222 527 770 785 29 553 
0.37
18
116 795 156 148 868 403 356 671 885 741 284 697 598 709 66 441 81 102 
0.103
13
566 146 292 935 298 769 880 489 151 543 96 59 744 
0.147
12
753 812 311 218 647 278 52 102 274 665 468 654 
0.058
14
120 196 271 280 157 906 702 614 263 683 608 738 50 913 
0.103
15
364 287 671 792 726 278 246 672 291 253 527 561 134 314 438 
0.112
13
566 240 354 516 709 24 436 989 489 609 180 196 807 
0.095
12
446 489 122 189 803 530 734 568 990 689 127 160 
0.151
15
799 943 785 114 969 260 721 390 827 625 908 267 505 458 878 
0.101
15
355 643 272 136 135 670 291 802 788 939 847 837 669 260 297 
0.288
15
324 620 503 827 68 158 20 952 759 932 640 477 126 157 569 
0.163
14
622 429 488 497 345 129 89 397 323 809 330 915 704 852 
0.127
11
723 124 691 684 790 470 149 117 706 75 119 
0.355
14
330 176 187 82 821 974 539 421 677 79 573 411 144 840 
0.269
10
691 485 168 302 542 531 444 297 41 497 
0.119
15
715 82 267 209 738 578 496 936 124 3 568 287 573 777 727 
0.061
10
586 33 107 257 471 227 550 629 180 743 
0.162
16
59 293 72 153 925 400 185 178 456 47 823 264 797 716 46 614 
0.26
11
346 294 992 142 980 815 79 834 953 768 836 
0.055
10
946 163 738 618 296 957 154 770 30 984 
0.322
12
271 245 480 541 202 974 649 135 192 96 171 998 
0.202
11
525 967 998 958 174 994 675 301 842 346 120 
0.057
13
609 290 434 323 38 537 868 272 211 250 208 120 173 
0.251
