10
16 17 12 21 32 36 68 97 19 39 
1.205
8
29 56 14 42 7 52 8 95 
0.753
8
17 79 90 2 15 49 16 84 
0.634
9
62 71 88 5 6 73 96 13 20 
1.15
7
65 62 16 24 87 5 29 
0.624
9
17 8 58 96 41 93 5 15 60 
0.947
9
94 13 57 31 15 67 41 10 22 
1.195
10
16 57 79 85 33 94 90 93 42 88 
0.785
8
35 65 19 69 76 84 3 91 
0.771
9
26 28 81 64 75 85 98 21 84 
0.503
8
24 56 40 82 97 30 69 95 
0.383
9
18 42 52 70 88 43 63 15 76 
1.032
10
10 24 68 53 65 35 5 73 12 16 
0.481
9
8 2 70 81 54 94 11 64 84 
1.035
8
53 58 62 33 95 29 11 57 
0.771
9
45 47 25 56 83 93 4 7 31 
1.534
7
78 91 52 82 33 12 73 
0.471
7
76 69 2 43 62 13 55 
0.69
8
37 41 50 3 10 84 6 70 
0.629
8
24 45 51 63 92 21 4 78 
0.407
9
77 32 20 1 96 5 3 45 62 
0.734
7
42 14 32 3 6 1 52 
0.568
9
16 23 71 72 68 49 4 41 55 
0.795
8
6 62 64 71 18 75 42 84 
0.46
8
64 74 29 32 18 24 3 46 
0.519
8
71 55 60 18 17 36 7 84 
0.644
8
35 8 61 46 68 80 0 21 
0.649
12
20 94 53 34 58 8 9 48 73 88 61 79 
1.349
9
80 86 14 26 21 13 42 11 57 
0.597
10
36 10 75 62 77 84 38 43 16 96 
0.752
9
56 8 80 77 7 26 37 66 97 
0.91
10
7 34 2 77 19 54 69 38 35 42 
0.703
8
43 15 16 49 51 63 9 54 
0.948
10
82 20 83 73 89 29 63 87 14 28 
1.457
9
37 41 8 11 92 5 84 4 95 
0.81
6
93 19 40 62 8 53 
0.229
10
58 29 54 89 86 22 96 68 15 33 
1.796
7
33 24 66 56 92 21 28 
0.532
7
91 17 56 82 60 2 44 
0.514
10
19 72 13 21 82 50 52 97 9 73 
1.099
10
42 18 23 74 82 66 79 50 13 84 
1.426
10
7 26 78 81 65 74 93 94 15 17 
0.825
8
76 99 11 47 86 74 7 54 
0.516
8
74 70 78 42 57 87 18 56 
0.777
7
90 40 85 33 79 14 66 
0.649
14
65 12 33 15 49 21 69 14 67 93 47 23 9 46 
1.693
9
42 56 58 18 86 76 25 52 68 
0.607
8
54 43 50 12 21 82 0 97 
0.754
7
56 72 50 54 76 35 91 
0.409
7
54 71 97 59 87 0 37 
0.502
11
2 55 56 10 23 51 95 5 36 24 85 
1.533
7
18 56 2 34 66 0 60 
0.694
10
52 56 75 42 83 31 41 48 19 29 
1.54
7
16 25 31 52 57 4 88 
0.395
12
7 59 82 84 4 30 3 68 17 35 0 89 
1.943
8
72 50 82 37 16 60 19 73 
0.496
7
42 47 25 14 66 10 44 
0.402
7
20 90 11 83 29 19 87 
0.471
7
85 83 93 23 96 1 92 
0.506
8
0 34 11 9 57 40 1 29 
0.99
10
60 89 49 21 58 51 67 14 42 78 
1.302
8
53 60 76 37 28 93 8 57 
0.65
10
19 30 57 45 82 53 69 13 9 63 
0.963
8
19 68 38 20 0 90 17 91 
0.782
8
90 75 73 76 43 54 4 49 
0.664
8
20 78 81 75 91 8 48 65 
0.683
10
57 74 50 51 71 95 67 29 6 93 
1.687
10
32 63 87 54 69 98 21 30 39 71 
1.412
8
92 50 5 47 78 77 41 85 
0.603
11
84 62 1 80 49 18 92 27 24 78 85 
1.952
7
75 38 57 12 19 39 60 
0.495
11
94 38 31 25 55 79 93 7 14 49 56 
2.066
7
10 68 59 61 89 41 47 
0.483
10
47 63 1 74 55 3 61 94 12 96 
2.264
8
6 93 0 34 32 83 27 98 
0.772
9
1 62 37 94 16 39 81 20 99 
0.937
8
78 56 79 28 3 86 21 99 
0.682
7
69 86 38 22 37 27 30 
0.737
7
12 88 14 35 86 51 61 
0.483
9
49 61 86 9 24 19 64 20 56 
0.883
8
23 91 34 4 25 47 11 48 
0.831
12
13 70 79 6 15 43 55 65 72 8 14 48 
2.677
10
69 8 35 87 64 2 21 56 39 62 
1.067
7
45 68 79 90 91 8 29 
0.58
9
52 26 35 11 54 44 38 5 57 
1.705
9
99 1 31 15 49 61 0 26 45 
0.749
10
71 42 85 3 76 29 84 77 6 67 
1.133
7
43 4 98 76 80 15 56 
0.632
8
52 16 95 48 6 11 8 15 
0.667
9
79 86 24 47 35 58 65 22 32 
1.156
8
14 62 17 55 72 34 7 39 
0.869
7
78 5 35 84 87 26 42 
0.354
6
48 67 78 17 0 68 
0.354
7
43 73 38 27 91 10 70 
0.336
7
91 33 26 3 7 4 44 
0.635
11
57 76 89 49 64 38 14 20 85 7 94 
1.595
10
19 85 53 76 22 49 55 92 10 91 
0.646
6
7 30 91 15 14 25 
0.343
7
79 24 52 93 36 25 55 
0.628
8
36 82 61 78 15 27 9 18 
0.828
