10
32 36 68 16 21 17 97 12 19 39 
0.079
8
56 29 14 52 7 42 8 95 
0.01
8
15 17 49 2 90 79 16 84 
0.026
9
62 88 71 96 5 73 6 13 20 
0.03
7
62 29 24 87 16 5 65 
0.01
9
17 5 93 41 96 8 58 15 60 
0.033
9
27 67 94 22 57 41 15 13 51 
0.069
10
33 88 90 93 16 57 42 79 94 85 
0.009
8
75 65 84 76 17 36 79 63 
0.01
9
85 75 28 98 26 21 64 70 81 
0.043
8
56 30 24 40 97 82 69 95 
0.035
9
18 88 52 43 63 70 42 15 76 
0.03
10
35 73 10 68 53 24 65 5 12 16 
0.064
9
8 54 70 94 2 11 81 64 84 
0.077
8
29 95 58 53 62 33 11 57 
0.034
9
83 93 4 59 29 47 20 45 23 
0.01
7
91 45 61 88 17 36 53 
0.01
7
94 20 74 2 76 69 13 
0.01
8
3 50 84 41 37 10 6 70 
0.067
8
21 24 45 92 51 63 4 78 
0.129
9
5 20 32 77 96 3 1 45 62 
0.029
7
58 23 13 94 11 27 30 
0.062
9
68 23 72 16 71 49 4 41 55 
0.04
8
71 64 75 6 18 62 42 84 
0.056
8
74 32 64 24 18 29 3 46 
0.025
8
20 6 45 31 89 71 24 30 
0.048
8
8 35 68 46 0 19 5 61 
0.045
12
8 34 20 94 58 9 53 73 48 88 61 79 
0.048
9
14 26 21 13 42 86 80 11 57 
0.031
10
77 16 62 75 10 36 43 84 19 38 
0.04
9
56 8 7 37 77 26 80 66 97 
0.073
10
77 7 34 2 69 54 19 38 35 42 
0.046
8
4 88 21 63 43 34 84 64 
0.01
10
82 21 84 70 42 54 65 83 20 95 
0.049
9
8 41 5 11 92 37 84 4 95 
0.029
6
40 93 19 62 8 53 
0.073
10
33 68 79 96 20 75 4 74 67 85 
0.012
7
33 24 56 66 92 21 28 
0.029
7
11 34 18 42 91 22 95 
0.059
10
50 97 82 13 73 21 4 46 48 52 
0.056
10
82 74 42 79 18 23 50 66 13 84 
0.041
10
94 81 93 74 65 78 7 26 15 17 
0.092
8
76 99 86 74 47 11 7 54 
0.093
8
53 37 7 35 74 12 23 68 
0.06
7
40 66 33 79 46 69 90 
0.042
14
21 49 65 33 69 47 15 23 12 67 14 93 9 46 
0.046
9
25 76 52 58 56 18 86 42 68 
0.009
8
0 74 82 21 12 43 50 24 
0.01
7
76 56 50 54 72 35 91 
0.066
7
87 54 71 97 59 0 37 
0.06
11
2 55 56 10 23 51 24 85 95 77 36 
0.011
7
56 25 17 66 18 34 59 
0.011
10
19 42 83 52 41 56 31 48 75 89 
0.052
7
2 24 16 8 28 11 13 
0.041
12
89 26 82 84 4 35 30 3 59 68 17 29 
0.083
8
50 72 82 60 16 37 19 73 
0.062
7
17 53 65 59 88 22 18 
0.009
7
87 20 90 83 19 29 11 
0.009
7
30 53 99 3 70 20 34 
0.058
8
37 28 92 98 23 57 7 91 
0.045
10
89 60 21 49 58 14 46 51 42 98 
0.011
8
60 76 37 53 8 93 28 57 
0.01
10
30 19 13 57 82 69 45 53 9 63 
0.058
8
20 0 38 10 59 58 93 56 
0.011
8
76 90 43 73 54 75 4 49 
0.034
8
78 8 75 81 91 20 48 65 
0.049
10
51 50 71 95 67 93 53 57 74 38 
0.037
10
21 87 63 30 32 54 69 98 39 71 
0.051
8
5 47 92 77 50 78 41 85 
0.062
11
62 24 49 84 92 27 18 80 1 78 85 
0.088
7
38 75 12 19 57 39 60 
0.033
11
93 31 14 79 55 7 38 94 25 49 56 
0.059
7
89 68 10 59 61 41 47 
0.076
10
68 53 73 74 47 25 93 1 70 90 
0.06
8
0 83 34 32 6 93 27 98 
0.032
9
81 39 37 1 94 62 16 20 99 
0.033
8
3 86 56 79 28 78 21 99 
0.033
7
22 38 37 69 53 30 86 
0.049
7
86 12 14 88 35 51 61 
0.025
9
61 9 49 19 86 24 64 20 56 
0.07
8
4 23 48 34 25 91 47 92 
0.067
12
79 13 55 65 72 43 8 6 15 70 14 48 
0.036
10
69 87 64 8 35 21 2 56 39 62 
0.03
7
45 73 53 39 24 68 81 
0.065
9
5 11 26 44 54 52 38 35 70 
0.094
9
49 61 99 15 1 31 0 28 45 
0.064
10
85 0 38 76 84 29 3 71 77 67 
0.011
7
5 96 43 92 4 75 31 
0.009
8
6 48 15 40 94 16 81 96 
0.066
9
35 58 47 24 79 86 65 22 32 
0.032
8
17 72 34 20 55 33 15 11 
0.01
7
35 78 5 84 87 26 42 
0.065
6
2 56 88 87 90 57 
0.009
7
27 91 38 43 73 10 70 
0.06
7
91 7 4 28 3 26 44 
0.012
11
20 57 38 89 14 49 76 64 85 7 94 
0.038
10
49 55 22 85 92 76 53 19 10 91 
0.032
6
7 91 30 15 14 25 
0.031
7
4 70 90 89 43 38 61 
0.038
8
27 15 36 81 18 78 61 82 
0.08
