10
16 17 12 21 32 36 68 97 19 39 
0.552
8
56 29 14 52 7 42 8 95 
0.011
8
17 79 90 2 15 49 16 84 
0.047
9
62 5 6 73 96 71 88 13 20 
0.064
7
62 29 24 87 16 5 65 
0.011
9
17 96 41 93 5 8 58 15 60 
0.18
9
94 13 57 31 15 67 41 10 22 
0.407
10
33 88 90 93 16 57 42 79 94 85 
0.01
8
75 65 84 76 17 36 79 63 
0.011
9
81 75 85 98 26 28 64 21 84 
0.205
8
24 56 40 82 97 30 69 95 
0.11
9
18 42 52 70 88 43 63 15 76 
0.033
10
10 24 68 53 65 35 5 73 12 16 
0.262
9
8 54 94 11 2 70 81 64 84 
0.461
8
53 58 62 33 95 29 11 57 
0.131
9
83 93 4 59 29 47 20 45 23 
0.011
7
91 45 61 88 17 36 53 
0.009
7
94 20 74 2 76 69 13 
0.011
8
37 41 50 3 10 84 6 70 
0.221
8
24 45 51 63 92 21 4 78 
0.163
9
77 32 20 1 96 5 3 45 62 
0.103
7
42 14 32 3 6 1 52 
0.261
9
16 23 71 72 68 49 4 41 55 
0.136
8
6 62 64 71 18 75 42 84 
0.169
8
29 18 24 64 74 32 3 46 
0.025
8
71 55 60 18 17 36 7 84 
0.235
8
35 8 61 46 68 80 0 21 
0.253
12
53 58 8 88 9 48 73 20 94 34 61 79 
0.418
9
14 26 21 13 42 80 86 11 57 
0.032
10
36 10 75 62 77 84 38 43 16 96 
0.251
9
56 8 80 77 7 26 37 66 97 
0.372
10
7 34 2 77 19 54 69 38 35 42 
0.243
8
4 88 21 63 43 34 84 64 
0.011
10
82 20 83 73 89 29 63 87 14 28 
0.359
9
37 41 8 11 92 5 84 4 95 
0.04
6
93 19 40 62 8 53 
0.09
10
33 68 79 96 20 75 4 74 67 85 
0.012
7
33 24 66 92 56 21 28 
0.048
7
91 17 56 82 60 2 44 
0.238
10
19 72 13 21 82 50 52 97 9 73 
0.531
10
18 23 74 79 50 42 82 66 13 84 
0.269
10
7 26 78 81 65 74 93 94 15 17 
0.407
8
76 99 11 47 86 74 7 54 
0.263
8
74 70 78 42 57 87 18 56 
0.276
7
90 40 85 33 79 14 66 
0.169
14
65 12 33 15 49 21 69 14 67 93 47 23 9 46 
0.06
9
25 76 52 58 56 18 86 42 68 
0.01
8
0 74 82 21 12 43 50 24 
0.01
7
56 72 50 54 76 35 91 
0.215
7
54 71 97 59 87 0 37 
0.195
11
2 55 56 10 23 51 24 85 95 77 36 
0.011
7
56 25 17 66 18 34 59 
0.01
10
52 56 75 42 83 31 41 48 19 29 
0.607
7
16 25 31 52 57 4 88 
0.12
12
7 59 82 84 4 30 3 68 17 35 0 89 
0.995
8
72 50 82 37 16 60 19 73 
0.224
7
17 53 65 59 88 22 18 
0.008
7
87 20 90 83 19 29 11 
0.01
7
85 83 93 23 96 1 92 
0.191
8
0 34 11 9 57 40 1 29 
0.207
10
89 60 21 49 58 14 46 51 42 98 
0.01
8
60 76 37 53 8 93 28 57 
0.009
10
19 30 57 45 82 53 69 13 9 63 
0.297
8
20 0 38 10 59 58 93 56 
0.011
8
90 75 73 76 43 54 4 49 
0.117
8
20 78 81 75 91 8 48 65 
0.241
10
51 50 71 95 67 93 53 57 74 38 
0.362
10
32 63 87 54 69 98 21 30 39 71 
0.25
8
92 50 5 47 78 77 41 85 
0.178
11
84 62 1 80 49 18 92 27 24 78 85 
0.931
7
75 38 57 12 19 39 60 
0.112
11
94 38 31 25 55 79 93 7 14 49 56 
0.675
7
10 68 59 61 89 41 47 
0.248
10
47 63 1 74 55 3 61 94 12 96 
0.476
8
6 93 0 34 32 83 27 98 
0.157
9
1 62 37 94 16 39 81 20 99 
0.163
8
56 28 3 86 78 79 21 99 
0.124
7
69 86 38 22 37 27 30 
0.252
7
14 35 86 12 88 51 61 
0.046
9
49 61 86 9 24 19 64 20 56 
0.395
8
23 91 34 4 25 47 11 48 
0.376
12
13 70 79 6 15 43 55 65 72 8 14 48 
0.122
10
69 8 35 87 64 2 21 56 39 62 
0.126
7
45 68 79 90 91 8 29 
0.291
9
52 26 35 11 54 44 38 5 57 
0.815
9
99 1 31 15 49 61 0 26 45 
0.36
10
85 0 38 76 84 29 3 71 77 67 
0.011
7
5 96 43 92 4 75 31 
0.01
8
52 16 95 48 6 11 8 15 
0.133
9
79 86 24 47 35 58 65 22 32 
0.122
8
17 72 34 20 55 33 15 11 
0.01
7
78 5 35 84 87 26 42 
0.145
6
2 56 88 87 90 57 
0.009
7
43 73 38 27 91 10 70 
0.102
7
91 7 4 28 3 26 44 
0.01
11
57 76 89 49 64 38 14 20 85 7 94 
0.23
10
19 85 53 76 22 49 55 92 10 91 
0.032
6
7 30 91 15 14 25 
0.037
7
79 24 52 93 36 25 55 
0.203
8
36 82 61 78 15 27 9 18 
0.371
