28
60172 102450 13627 77303 131316 64942 54405 81626 24479 1187 65873 71536 115637 56775 17497 80861 21773 45776 82079 48103 117903 110692 21702 85950 122555 108127 17729 30924 
12.999
38
62968 57568 94390 56861 58029 103001 62221 132428 45275 92665 27521 95390 105691 99021 94918 74418 2195 87993 51116 43209 12714 622 90763 46230 35738 123012 126278 24404 25961 49112 80629 59037 109 12973 91945 114254 24559 88379 
12.801
30
73875 40816 71790 82051 89832 7701 64655 21588 75062 7703 59400 64341 113324 51469 76199 18323 10670 101171 128236 82672 37125 89651 63987 61869 6608 91284 61681 4907 6577 68691 
14.302
38
17687 60963 21110 63768 54577 70098 84038 89391 57518 115765 76926 31443 92208 77577 120297 31331 70910 75075 114696 117885 87887 3671 122679 36296 130538 119768 28251 104798 93467 92868 41239 113722 6191 63254 38863 104517 28364 126162 
11.585
36
103760 47062 6440 84237 109091 31418 61629 1066 116143 62920 127440 68238 69246 34958 81834 98098 14053 8156 113348 79005 115932 64803 111122 24935 4795 101091 39592 75510 27194 102865 128715 125856 50816 50407 10579 111140 
12.142
48
9253 15201 1833 100708 28060 121209 43149 67311 112874 47180 9520 124371 67736 92846 55795 93082 100580 7726 121692 13043 112774 93985 52926 77221 117454 73608 126394 98117 10291 103692 41390 58798 12021 30795 62610 33004 3792 48214 11780 44593 62483 122775 125013 12263 17068 75662 10166 92615 
14.334
32
82807 17175 25743 60834 12941 107831 60580 128234 119020 89687 33505 44314 793 106547 33860 107819 102839 84653 53605 13250 120907 102708 48546 113396 4849 38704 64799 88189 96839 130817 8879 112176 
12.562
36
81826 67908 41519 98658 75586 23389 55301 106970 79795 37921 56384 68482 13495 35346 44196 65437 125177 25349 18538 44504 18517 84567 40757 98501 81150 108502 88883 33092 20236 13090 54606 3543 118241 77484 95192 105956 
12.506
34
13610 9091 101079 81935 72450 79563 18212 44821 43442 5978 54549 127833 24742 71919 65215 13948 83454 82677 42141 79062 97527 128739 32071 31332 70454 60770 118426 128172 59340 50126 48545 27271 6707 55567 
12.301
33
28002 87879 95735 110238 38642 53854 125872 68771 47177 127962 1277 106871 78261 12954 50721 93948 5234 40271 95499 54082 70513 31589 85380 38631 6117 119916 4296 59872 92026 92683 103232 76030 115344 
12.373
34
114211 125117 111711 65230 38374 121103 74254 4282 11937 9019 39477 30545 116864 74110 37786 28943 67327 65790 47323 27680 48984 44665 111593 76288 91075 38199 66091 55725 19006 9218 16042 8165 15474 76968 
10.998
34
29021 115519 83884 43825 49751 53372 72040 73452 9143 101035 16217 5035 97509 53913 122507 89837 104763 128851 67879 48216 49885 53360 11692 90271 13607 112604 892 30466 121830 6383 92511 104673 90996 93707 
10.89
35
16043 34935 113030 92265 94874 91961 78786 43067 56877 44116 7895 123626 130039 35965 45610 71792 80942 106590 12236 45215 52511 51150 1878 3809 120493 99665 115110 51942 115438 111997 96043 69098 73878 43660 67882 
10.949
42
125969 130494 79629 64764 63556 95886 50325 35813 10385 44004 86394 29599 20925 78778 23834 73210 63822 30179 7886 13183 25785 25958 21350 68291 36226 27723 68010 82884 98734 61661 9808 74574 123215 130482 102764 45106 13452 97528 88752 56741 42531 61268 
11.208
35
121341 111798 103667 36798 99264 15002 80970 95821 21597 69072 101452 64558 25793 71648 10225 96670 21303 409 18399 54092 24624 34665 103815 71284 367 65026 45551 9690 84115 17373 49025 96801 109950 195 52199 
10.176
35
16820 44248 81673 129412 30897 81046 38053 69540 21891 115498 4803 20100 90964 129951 809 75725 98997 79376 42011 122467 116112 7969 4810 27665 65928 96613 129251 101285 75376 12648 28171 49539 10063 9765 30682 
13.43
35
75398 64173 116742 119365 48859 26668 5438 74178 120435 75412 40624 114938 15107 75073 108207 98056 50790 77460 130776 43515 44220 123016 55612 109059 75222 131903 91166 75397 126647 39921 121264 14227 59139 96865 73030 
9.757
31
22509 2874 82821 131946 65728 120508 26939 64230 97700 6904 102385 22878 94405 98962 52886 129410 4949 110403 63509 61664 94028 52319 29559 102316 84422 33944 44060 61430 14577 23315 44783 
11.054
37
93028 78839 16041 114269 35045 5176 58475 37806 110281 19028 75137 86107 87683 53559 126754 31716 84431 16214 97183 1137 95182 121827 109724 15528 81497 131595 65609 24620 118894 52147 27055 43966 75166 116799 52067 17253 129798 
12.092
34
107057 85099 110256 68220 195 88768 73365 8590 107729 124333 25199 67577 84182 19086 105640 95148 23092 31704 55225 132235 11 90141 34677 36384 51547 36725 107783 77464 66138 4625 124566 72283 75393 105209 
11.884
39
83757 17041 110323 129533 3748 42583 57434 73140 102087 125561 121347 30962 32912 63682 127614 98306 6088 62649 124145 59327 60590 98879 66753 110385 132441 78610 82678 27686 20870 118832 106251 27979 132856 123157 113209 122875 104690 78010 108370 
9.596
32
78575 124159 104669 50945 111102 45245 15026 45194 99831 121571 113034 59510 48593 23808 27908 90661 3078 120683 60787 25668 66992 36361 70470 20561 107681 51265 60122 26771 92839 23634 17026 127577 
12.056
39
42711 4093 88532 10280 32489 118237 83726 31644 77724 124494 75251 39428 69224 20234 125489 23687 46217 19328 103768 32830 119693 69017 16196 129092 8823 95339 91197 105915 126116 49575 64419 11892 130954 130633 74070 29976 43504 74460 10926 
10.436
34
16209 44954 131875 41986 118918 5702 8229 72122 1705 63918 33272 119347 55473 114052 86924 58151 118404 98738 15171 59862 97834 23151 74075 119827 63764 77225 29263 25314 57967 110396 99824 66157 113905 120981 
12.108
33
27203 123385 17930 40302 21258 92538 90455 2528 121285 56616 95249 97772 14902 68062 18357 104549 13330 58659 130099 49662 95868 122206 116630 102544 62551 108290 102119 105388 119845 80432 79875 12203 120025 
11.973
35
101250 17365 30130 108347 3563 53413 80656 132127 51435 17201 39402 23670 120280 61447 118911 44475 42270 117676 77399 71048 21200 57427 95507 64937 78775 60134 38434 99947 67805 59837 105478 62769 52378 10331 31704 
14.397
31
128735 56000 81832 105776 85042 105551 80078 64848 126909 37968 105873 54923 127953 87286 124248 39223 42718 28037 46632 126710 46703 7641 80713 125060 21875 103754 44677 95225 129371 16742 108352 
9.45
43
90911 132522 105721 2914 17354 86011 50872 119070 48662 72267 128753 46295 55200 103999 116163 83338 91195 42596 74328 33125 54556 4795 52264 22415 61659 81496 52884 132653 490 128927 118371 39002 111527 51943 83624 91419 110595 81515 19347 4880 24415 46198 116900 
10.469
28
20005 50553 12057 107442 114259 2396 114167 122712 62103 67944 86107 22329 10867 70632 85164 12605 85069 61878 55472 75364 48722 103309 3609 76247 9597 111118 19037 20666 
13.614
31
74246 66395 101091 28876 19362 20878 1610 36747 1326 96621 69065 72466 59624 80137 82742 2034 112367 83089 1129 91199 1132 111092 59675 67753 42996 115817 67435 24161 77805 39972 124847 
10.601
34
17977 21269 61226 73803 42813 66906 26064 85965 47567 89724 86829 121512 61923 27333 30881 58719 31432 533 114758 52209 2984 87156 99971 114651 44456 19687 119394 21034 58585 96476 72636 83109 39395 128722 
12.125
40
106846 87995 91385 107438 57796 122546 61930 114160 45533 13798 39078 83805 47841 117250 124643 28085 24747 124982 130468 82714 90071 34131 33569 57414 815 124504 70933 132598 37755 3644 47094 30701 54722 108492 38113 4686 64650 31570 102609 127522 
13.141
33
120477 65282 48096 118496 23489 85037 9027 116380 19451 114007 96774 22074 55428 52010 62680 25085 78437 36846 71050 117265 32633 36445 34642 18409 108215 2381 109269 49030 13731 95511 54238 5110 120837 
13.618
39
100708 60090 16408 12250 18145 118299 68887 115154 127606 49307 92608 98469 100789 92133 130413 16967 73533 99266 67429 29462 112018 77427 89633 23583 31771 63118 113994 79102 50735 89829 34771 124852 40776 9268 63247 18788 99790 29887 56234 
12.069
31
120497 100285 26557 122963 112209 73649 63013 5340 10237 66158 130859 54744 35535 52303 14620 87784 53656 79374 47375 80671 132572 25390 38373 1299 68485 98067 100691 127682 31285 47185 121478 
11.425
39
81628 127315 67886 38382 483 102848 4718 99091 107244 58802 56394 46915 38712 42958 61997 69423 89447 44402 19744 131186 20713 85973 43096 60730 87909 54664 109718 132112 16511 5949 13936 68714 60478 8464 82440 92058 80362 7261 86401 
11.161
30
122190 128603 75126 45679 62838 36105 85566 45680 90535 8934 73042 110043 45745 70679 108231 34866 76355 28752 36929 129394 100868 53961 122764 90606 82127 76680 31078 59864 15752 81931 
13.087
34
40264 10730 64645 126198 83378 53763 63385 113102 113421 2799 35384 74043 57778 55154 43291 80476 13761 66428 100519 25869 113902 77893 78723 84283 33041 114919 93892 29092 26612 132999 48870 124760 86953 129355 
13.804
27
39377 94848 72518 32687 115681 2911 59844 1288 75281 24654 122297 32416 125732 129383 13615 105842 2488 9967 104694 63566 864 74246 2955 100979 75031 40141 103009 
14.727
36
127191 77496 93999 18951 56064 100343 90924 72344 64116 112838 674 61650 70304 5287 17814 95821 102239 125678 99391 32030 32269 5367 39996 74238 47410 111361 54212 5390 9550 12015 17960 34503 85096 1923 18637 18755 
10.764
31
121266 69302 119471 78125 85305 9961 73570 119120 72725 72067 45299 87451 69440 113033 54287 121936 108592 104475 51348 7374 17862 72275 112535 104865 60218 116762 70073 126762 54186 17780 124773 
11.486
36
45459 100534 78489 65407 37955 10033 44402 112621 46695 37618 117495 131128 89489 39136 81523 10394 81207 28308 58991 123730 94089 46257 55979 879 121510 19891 98611 130498 52217 69668 60053 18625 64965 15601 70879 95365 
11.769
43
68370 122705 117783 44118 91419 80005 24894 17917 26772 25826 114795 21433 114506 101573 47852 76293 57204 122970 94659 103923 32954 90496 8372 11745 40569 56157 85019 122089 71381 73671 63455 21004 42172 38353 46416 51921 99089 81218 66545 118298 120687 84896 113682 
12.328
30
67792 42500 118013 110757 78640 181 39067 76205 97484 113719 35579 121613 47543 95573 38704 12907 26513 96013 62190 100091 56981 37496 54964 42290 80959 16846 60965 98966 2267 50574 
13.375
43
34503 46470 32961 26653 104529 35957 70066 81688 23596 1854 37364 3038 114962 41431 32705 57708 61890 87097 76267 88839 45747 55903 82113 131183 59614 75271 105726 23151 57648 20651 85885 99270 29440 61334 109530 23848 43125 35316 72751 115744 92596 64521 98353 
12.812
35
123062 111962 66665 125069 95390 15141 28319 122784 97901 8884 12429 110136 16097 112970 63587 101658 64481 22108 116107 25661 47180 65852 38849 68282 76422 27531 64359 75563 113993 114705 14346 56940 12850 107954 66983 
10.071
52
130852 65925 77894 90711 23742 76748 114160 128111 66430 43064 109404 17507 68294 13914 24774 114478 15983 34470 37483 12271 112402 127266 86082 77440 75518 34270 56858 87817 14498 54093 76499 100531 117361 34133 88370 80746 89852 1099 82718 74611 17641 43087 66562 80006 21319 43096 87630 93544 83890 16896 8581 45669 
10.229
43
102589 48128 59711 96148 114902 127694 115116 59395 34416 96959 130963 26352 89707 24360 3719 117046 109346 120165 69120 71233 88937 78284 130031 111427 64219 105499 16290 45581 51277 129851 99143 122843 120852 50937 54843 29424 120448 87206 23968 82421 92095 13784 17654 
10.675
35
33911 18918 110487 96391 36007 20019 6511 49311 54368 22658 98290 74905 33097 114555 3979 26635 103644 12217 96854 44015 59108 13490 100655 68569 61057 94902 59031 132765 7785 36446 14488 27930 123828 112415 127048 
10.939
36
85213 64909 53028 28640 119805 86893 114030 85855 14869 32908 65857 88470 56418 120675 35222 7861 105214 71847 114484 95413 30886 77151 131002 22922 87454 71664 119321 308 33216 70195 93167 126987 42147 109389 41526 42473 
12.708
36
76811 95459 9074 129808 23067 101013 52664 124899 112186 78061 64885 54701 94417 121046 90507 112751 117894 26438 69432 48430 93949 81552 119609 53754 107425 59829 70295 29056 61012 53015 44441 124647 89959 24697 42663 92207 
11.792
36
121883 115231 19355 30239 3508 18352 45800 67812 48446 5227 116029 27914 9580 76677 89180 74692 44495 93714 104098 8301 125591 71266 119084 39910 13271 125575 83867 84961 70197 19958 7858 32891 118399 60984 74767 125834 
13.181
38
67334 83372 34256 64301 62316 50564 7875 80270 20233 23509 13136 55941 125814 122640 61590 46604 122524 32945 84193 62986 60959 65279 29671 97287 100723 124748 20128 32095 76763 113603 69302 11187 113426 131442 32234 10836 44910 105459 
15.721
32
50420 76325 91115 109898 90786 127948 20664 74578 23735 68849 16569 78855 104956 2756 65156 124698 88883 39575 118274 127553 75160 17017 126301 59129 58834 119066 101548 90809 16130 5914 50224 116449 
13.225
35
118273 76892 53974 56523 30575 15058 129056 8786 109017 21924 95035 81211 43758 50605 29403 112201 17013 48827 61132 68539 52253 75393 23055 127660 28211 38073 18333 130632 68175 12092 96297 73257 10989 15235 63658 
10.559
26
102747 112085 60642 70972 112503 114883 97680 57921 128799 101282 99874 114846 71301 88082 100180 22655 39430 101983 27235 9128 103026 96181 10838 58907 13428 110054 
14.797
40
13316 96645 65305 58870 104761 95830 82994 129880 82297 11539 114437 79946 44822 115415 113789 125430 2393 125680 62140 5795 93043 13538 90004 17847 105155 28250 59853 37647 122464 94001 29322 46371 27654 16682 58559 46823 47020 90373 39408 113454 
16.297
37
70783 20211 45861 47416 101568 43391 36028 70826 81688 109715 77213 69961 30557 102802 19019 60467 35779 14356 19687 37091 70048 27319 92218 30926 84182 92329 101362 11768 95131 11654 124239 129451 64915 71924 78725 38809 97505 
10.269
36
100764 44375 63331 41484 116474 25778 32350 112227 42874 21211 41395 49546 83171 72612 63480 59142 130358 31736 75223 85972 41597 725 59537 32487 104695 112655 59461 80966 31690 35119 48557 1870 52263 41860 61334 120160 
13.115
36
80021 64807 83261 21424 62460 73753 121488 36893 52749 47048 12113 127901 78907 17616 21100 119788 35853 28251 18755 89582 86642 57702 108351 68628 130567 76604 74811 70406 69449 59019 50856 60974 25694 68865 22620 77570 
10.946
41
117337 13656 131756 102381 119318 112988 96158 37722 12659 1876 102962 83681 89417 117334 29161 42263 48695 79487 39259 62435 128522 41633 38533 49114 59667 39307 64640 109470 122625 75771 64536 20231 58710 54774 34947 86698 52662 80456 62786 876 81928 
11.601
43
32257 93628 78227 38212 63126 45832 73011 72454 55095 72472 78391 5480 58564 51045 11767 42567 66626 109314 41713 118356 6703 1384 44543 109023 22765 124348 85733 93765 14789 101060 29152 60573 73058 92788 33321 60229 105307 1433 66081 13237 75261 87352 123444 
11.052
35
91608 35890 120758 102435 97667 37451 64523 21655 14699 67846 92086 52393 90278 117387 80360 113145 41063 2591 48143 58902 63131 24052 109457 293 108630 80338 70403 43758 71741 38624 56280 57139 6176 12638 84905 
14.311
32
109065 128306 80988 25817 117859 43434 88941 118174 45121 78578 88159 14416 12966 113715 35581 110962 111109 773 21999 57376 51051 79865 103710 94273 83377 79482 78713 68190 39794 110257 36589 83193 
11.549
35
46732 30477 129778 125229 42547 128602 60573 15797 69024 120548 18674 38387 84205 116313 131809 108948 112475 64235 68447 47498 14529 131008 95422 75116 113694 41677 22735 33002 111056 4245 122607 128407 111336 40919 121702 
10.961
35
73480 70066 62068 16424 48093 117451 32383 46067 73283 56823 68901 23934 116398 6149 40607 113682 110029 4757 111168 68612 90747 74769 3954 122889 81992 74132 33593 45837 87589 18582 122553 28004 108534 88984 128376 
11.595
35
28667 56827 119185 430 53868 61666 117500 22592 113409 117606 49380 61552 31996 60013 116948 119076 102898 81251 72424 120023 64092 32809 132462 23892 4108 94156 57083 38044 69314 63144 12312 52124 26482 6653 67671 
13.294
38
86330 20016 7665 103635 68758 13390 108042 99476 82472 117158 68032 89053 40802 104686 68179 34043 49241 118900 28445 42338 20007 120484 119632 11692 68468 73221 93355 113374 70498 65585 113268 121317 74617 8774 113028 128818 41734 60616 
10.314
45
39746 23359 56998 34678 60741 69678 61330 126513 127207 98251 105646 64115 109017 81738 80106 38597 35545 94576 1015 61573 88525 131703 67096 20542 62756 55478 85470 7801 51567 114415 129387 27546 5955 41935 32285 42232 107541 28091 28994 34653 46819 2630 3034 114731 123603 
14.618
33
12082 129259 10946 44483 120955 70047 70346 62179 26519 26684 94504 3774 24888 5616 75011 126267 107867 120338 100798 63453 11881 14424 11164 73691 33562 3783 45093 89915 102982 84485 102911 9116 111874 
12.945
34
76029 52878 21385 65567 40658 108869 4549 106250 81435 10085 20309 53154 75534 8863 4417 51275 24588 54040 86806 107493 2089 99999 75537 109905 9363 121360 79958 6651 19859 70772 27540 12542 4222 61740 
11.217
32
26749 48533 74949 79365 49439 100479 118885 5179 123300 11011 93329 132849 12817 112318 15384 37072 66944 96754 8993 68343 7283 121105 74603 81301 17517 125864 63688 68879 125590 94889 12116 47145 
12.228
35
95519 54095 131023 24157 29184 3439 78998 122032 848 77033 71247 81823 115748 109201 23560 128515 41360 122890 126056 84357 74100 29249 52459 29358 2692 42505 98499 120811 79333 28242 15501 37952 25467 77134 131557 
12.047
40
29962 88997 76765 131227 56046 11907 56761 30454 106632 78380 40276 9075 80740 19036 12012 32262 113341 98828 91446 13134 28595 6211 105411 87583 34470 96681 52195 85221 117651 93993 44198 115169 45819 76790 46021 12757 60267 17379 2318 88975 
10.538
37
110649 39917 109466 14804 76113 21482 27861 71270 17796 77959 9269 130792 122314 20471 83591 72152 61824 60663 62271 116693 110561 58677 111423 91912 78527 45159 84254 53351 90117 107084 6647 82158 38046 61649 22527 1575 69804 
10.119
35
79398 117134 8232 5885 116178 132944 29836 93806 9929 39770 45893 5130 64708 66639 81890 38059 129367 36427 100321 78550 79466 118766 83496 33250 119592 57076 3204 110122 11448 14019 104950 5296 129571 91500 120435 
14.789
37
96539 2970 34767 114249 78889 95789 39795 38665 782 67754 19030 107776 52163 24306 30631 15255 52140 36507 113064 129725 1032 106157 51167 82525 76542 109924 22929 90285 27915 32679 21950 106218 86545 18753 122789 75199 105673 
15.089
43
48284 51185 42665 44763 99334 98893 91359 102041 89616 93278 96984 83967 52375 110508 86515 112213 17969 124011 57210 104803 31620 51913 64986 10218 37970 5405 68791 88933 95411 35028 111911 76750 72417 66814 69303 101385 59624 94554 7370 114933 103909 13084 110435 
12.695
33
86320 34818 11445 79775 86432 76781 78068 100095 111036 48237 49820 8066 56391 38132 67409 65652 132501 107602 126077 29705 41638 77599 56756 104344 103611 99765 90339 19607 21433 114486 131601 88715 118831 
11.298
41
64465 6187 28641 117526 105267 75991 106457 60613 89569 88980 4153 81025 14602 118986 73602 5500 27955 60321 43417 72130 47999 111765 22944 19200 43276 51235 75730 113002 14755 56030 100130 58665 20314 120435 128397 93433 35065 108060 90445 68353 77803 
15.465
37
59210 114148 12871 92039 60907 112127 97965 40085 83227 109938 60183 18533 646 99573 3386 49171 3795 99310 73900 98285 67151 50167 75535 123106 6159 13053 85905 58660 29083 97195 104255 15677 12219 116559 93263 10534 127917 
12.019
35
59486 14231 3147 104462 26690 48960 123865 107869 70136 51738 125515 9121 131127 123859 69924 72520 72445 71368 65565 29069 92647 20353 29797 105108 74741 53563 17842 75050 95963 109705 8890 38368 49910 53101 63235 
11.97
40
27586 33441 69940 86319 93399 27668 99747 4844 99805 27338 13056 110561 7318 18524 11846 92621 58779 130559 87200 56758 116493 37550 127315 34513 69193 55442 116903 121750 130195 128902 79936 17379 20470 124918 72829 110751 52615 44183 88079 111210 
19.245
39
75208 23019 11687 117277 31117 92365 110858 81885 35250 70986 115547 65794 75783 110254 59808 69782 26637 9474 4553 101392 88509 57738 3445 104038 25437 111252 76354 73441 9174 95656 19903 34017 53259 77028 30158 86620 34452 54504 130782 
11.705
37
35489 47184 53057 66120 42460 54225 120522 55299 10024 106724 98752 105779 27327 34420 63986 48204 30612 27073 16155 47892 75784 1890 84811 72927 117089 123381 97784 122380 16320 14149 118141 23359 31527 70352 121880 25157 69786 
13.671
34
53652 45889 34801 39095 15394 94257 77234 7780 8411 129525 126388 95314 17828 37226 117302 12406 112330 45948 31768 34692 16124 117638 128300 47258 54908 63526 24809 109062 98378 47295 62590 55501 53849 82834 
13.901
41
40 129759 65922 99254 6314 93289 130736 81473 101212 75753 49975 56779 116357 67054 77575 24473 44267 128189 118792 120643 131673 26623 77375 90096 60832 68850 119830 70865 9804 22980 39067 70360 29759 76064 24250 58218 102520 66177 81033 14417 36219 
11.013
36
91507 97342 107828 48211 101210 113412 102056 43729 28587 45949 15863 41270 90176 76948 11392 44991 84250 115441 131855 42118 61051 130768 60267 112998 12376 61381 63334 10872 60864 31166 70720 30367 127641 66834 115939 122386 
12.197
33
7087 90339 65369 83117 27306 126380 19139 128735 60247 97393 30987 12260 85768 95343 61071 6195 13634 75124 20680 17428 1819 63812 97142 40573 76166 71312 41568 87307 15620 39186 111608 27730 17857 
9.796
30
82929 128013 55613 17137 128807 36850 62565 90274 2709 126380 45519 48941 32559 127197 21760 79729 30369 106243 50878 14036 107068 105522 94907 64081 92969 76474 74870 75504 15632 109757 
12.103
41
52980 43510 114652 98536 51332 22340 69872 83600 125943 42843 20770 70527 112749 52084 87231 23286 41450 110197 1175 118730 27051 68167 58652 103310 2402 90389 95924 96787 108362 46555 88837 1628 100792 120456 108052 36843 2763 106120 39119 100358 119148 
13.955
34
81328 114189 80727 14452 55756 26720 46348 80161 34105 38424 131788 44800 99879 25942 124891 73882 13077 11762 104224 119708 56004 76956 27723 25534 111350 16346 60415 115174 11449 125192 74341 113988 85669 87884 
15.218
38
89345 59678 42443 23074 131695 17785 84850 47750 120796 116396 81627 44629 92505 21410 36145 26944 73072 86033 33451 42124 99604 70456 34275 17562 66072 14666 17649 1040 5472 11866 28622 37210 19321 104496 21304 29331 11895 68200 
12.016
34
114637 91382 70281 32318 70466 63351 53630 64666 107726 103600 128391 388 41695 98255 52520 54267 18711 46857 72793 118558 66596 14669 53497 30236 114900 58872 49906 36171 19424 88934 84408 8934 7162 22243 
11.592
35
126393 92373 93968 47880 90150 66543 30209 9577 49607 41915 86704 46390 118666 129523 25555 4300 106335 88233 54787 74699 98682 42776 15088 129406 63910 74108 33886 72896 55928 57273 20501 6052 66745 67656 105457 
9.645
43
131580 52801 8398 43222 103625 122266 25050 46311 14237 94947 71554 92213 36327 2509 101108 96189 123067 15624 63341 76956 90329 89833 98377 127325 98465 95274 10068 53989 72161 1197 65582 89426 122216 41348 51016 97314 13709 108233 119003 105540 98860 28515 31252 
9.96
31
73740 50944 121120 111177 105457 34033 4021 48304 4293 108979 37039 102377 18836 91901 1467 439 71904 67041 97485 11646 80357 90489 82472 36934 56418 79509 109347 128315 52145 56650 93114 
10.638
40
129101 41210 83444 9412 56226 125874 113173 57206 88357 113780 59243 36553 132222 47948 123011 69544 117577 31859 59748 17418 6722 80412 62595 16590 45591 26891 108400 25110 36214 101175 102269 25905 68103 8447 68296 59699 20845 117499 52108 119457 
10.848
41
98950 22972 44639 46330 76029 99287 44288 54070 11003 9552 97516 42955 84757 66321 50835 17456 39902 77565 111180 1562 75346 109747 45950 116904 58733 11407 80223 111757 126074 88248 98856 112256 102166 23760 109669 102338 31926 29177 62183 128333 103590 
10.421
37
59329 1917 7435 122549 35635 101564 31948 48419 4916 116916 54076 65290 45047 24902 132276 88025 43783 37102 114519 114549 78794 69841 110778 77588 122610 18984 67020 27229 104286 44051 130572 35560 63291 60474 96069 27107 112991 
16.562
