28
54405 24479 60172 81626 17497 122555 110692 108127 48103 82079 21773 56775 21702 115637 77303 102450 71536 1187 65873 45776 117903 80861 85950 64942 13627 131316 17729 30924 
150.588
38
94390 103001 45275 58029 62968 132428 95390 74418 46230 35738 90763 43209 51116 99021 27521 57568 56861 92665 87993 59037 91945 109 80629 24404 62221 12714 2195 105691 94918 49112 123012 126278 12973 25961 114254 622 24559 88379 
154.541
30
64655 7703 82672 6608 63987 89651 61681 91284 61869 18323 73875 82051 76199 40816 7701 101171 128236 10670 59400 64341 71790 113324 89832 4907 37125 51469 75062 21588 6577 68691 
217.208
38
104517 21110 57518 76926 63768 115765 89391 87887 31443 92208 60963 17687 70098 31331 120297 75075 36296 38863 130538 6191 119768 104798 122679 28251 114696 117885 70910 77577 84038 54577 3671 41239 113722 63254 93467 92868 28364 126162 
150.702
36
98098 128715 4795 101091 14053 34958 69246 50816 127440 68238 102865 79005 62920 27194 39592 47062 64803 111122 8156 75510 125856 24935 81834 103760 115932 50407 113348 6440 1066 61629 84237 31418 109091 116143 10579 111140 
143.463
48
43149 92846 55795 15201 126394 52926 3792 11780 44593 122775 28060 100708 93985 112774 13043 67311 93082 30795 125013 33004 48214 62483 41390 77221 112874 124371 9520 67736 7726 100580 103692 10291 12021 62610 73608 58798 75662 12263 17068 98117 117454 121692 9253 1833 121209 47180 10166 92615 
265.653
32
33860 84653 120907 53605 107819 13250 102839 106547 33505 119020 128234 12941 48546 64799 130817 102708 4849 113396 96839 88189 38704 60834 82807 60580 44314 89687 793 107831 17175 25743 8879 112176 
128.353
36
81826 20236 33092 81150 40757 44196 125177 56384 23389 105956 98658 55301 37921 41519 13495 35346 75586 79795 18538 18517 98501 65437 67908 108502 54606 3543 13090 25349 68482 106970 44504 84567 88883 77484 18044 118241 
213.203
34
9091 13610 27271 118426 128739 60770 83454 65215 81935 5978 54549 13948 24742 127833 72450 101079 44821 43442 79062 97527 128172 50126 31332 42141 32071 82677 79563 18212 48545 70454 59340 71919 6707 55567 
147.102
33
87879 38631 6117 40271 4296 59872 92026 76030 92683 103232 70513 119916 85380 5234 50721 93948 95735 125872 78261 38642 127962 106871 68771 53854 110238 31589 95499 1277 12954 47177 28002 54082 80899 
141.492
34
114211 65230 121103 39477 30545 37786 44665 11937 116864 76288 91075 111593 48984 74110 4282 38374 9218 8165 16042 19006 38199 47323 55725 66091 27680 65790 67327 28943 74254 125117 111711 9019 15474 76968 
116.462
34
48216 112604 53372 122507 128851 53360 83884 97509 11692 121830 104673 6383 49751 5035 892 42310 13607 92511 29021 72040 49885 16217 9143 93707 90271 67879 101035 73452 43825 115519 112714 104836 27240 53913 
94.603
35
111997 48054 115110 51942 3809 1878 115438 96043 73878 35064 43660 123626 7895 44116 113030 71792 80942 16043 94874 78786 130039 69098 51150 120493 45215 52511 92265 43067 56877 45610 35965 12236 99665 23510 91961 
75.833
42
130494 50325 63556 61268 44004 35813 74574 123215 9808 61661 64764 29599 8338 38868 10804 60742 47398 125969 95886 86394 10385 20925 23834 13183 78778 63822 79629 30179 25785 27723 7886 130482 93587 66449 68291 59892 3322 26029 66632 102764 24459 25958 
149.824
35
69072 96670 64558 95821 71648 25793 409 18399 71284 121341 103667 24624 21303 45551 99264 80970 111798 101452 10225 103815 367 54092 34665 65026 9690 96801 109950 21597 36798 15002 84115 17373 49025 195 52199 
66.514
35
44248 69540 39070 122531 84058 21891 81046 129412 81673 20100 90964 75725 116112 809 16820 4803 98997 122467 79376 119279 111498 2790 94443 83268 109251 50324 65814 123197 30897 41902 30682 115498 38053 4810 98881 
211.876
35
75398 64173 116742 119365 48859 26668 5438 74178 120435 75412 40624 114938 15107 75073 108207 98056 50790 77460 130776 43515 44220 123016 55612 109059 75222 131903 91166 75397 126647 39921 121264 14227 59139 96865 73030 
9.581
31
44060 29559 131946 97700 102385 115453 49775 40365 72790 106115 12820 36006 56599 132937 26925 127014 64230 22878 52886 14577 98962 129410 120508 63509 52319 2651 23315 39533 30699 4949 78589 
93.696
37
37806 87683 86107 75137 24620 1137 84431 53559 19028 16041 110281 126754 109724 27055 121827 116799 75166 131595 31716 97183 5176 35045 78839 114269 95182 81497 15528 118894 52067 93028 43966 52147 65609 16214 58475 17253 129798 
144.627
34
85099 88768 68220 105209 110256 73365 77464 34677 19086 95148 36725 124333 107057 67577 84182 23092 55225 90141 25199 51547 66138 132235 36384 107729 195 8590 105640 31704 107783 4625 11 68073 45332 75393 
116.869
39
104690 106251 102087 42583 17041 3748 32912 129533 110323 125561 62649 98879 59327 127614 121347 83757 57434 30962 63682 6088 20870 132856 122875 118832 82678 27979 123157 27686 132441 78610 66753 110385 23922 60590 73140 98306 124145 78010 108370 
46.104
32
104669 99831 90503 11902 130626 30973 45245 20561 60122 113034 107681 45194 92839 23634 40795 78575 121571 126341 72169 64473 81073 83628 120683 111102 66992 25668 3078 51265 100722 31601 1542 94931 
158.518
39
42711 4093 88532 10280 32489 118237 83726 31644 77724 124494 75251 39428 69224 20234 125489 23687 46217 19328 103768 32830 119693 69017 16196 129092 8823 95339 91197 105915 126116 49575 64419 11892 130954 130633 74070 29976 43504 74460 10926 
129.315
34
5702 8229 119347 55473 63764 74075 86924 59862 118918 1705 58151 66157 29263 114052 41986 15171 99824 23151 97834 63918 16209 118404 57967 77225 119827 131875 72122 33272 98738 25314 110396 44954 113905 120981 
139.898
33
80432 79875 40302 21258 90455 17930 123385 97772 27203 92538 56616 95249 121285 14902 2528 18357 102119 108290 119845 49662 68062 130099 13330 62551 116630 105388 102544 104549 58659 122206 95868 12203 120025 
135.582
35
17365 44475 61447 78775 57427 38434 23670 118911 3563 30130 80656 108347 67805 105478 59837 95507 60134 64937 71048 21200 120280 42270 132127 101250 51435 39402 117676 17201 53413 52378 62769 99947 77399 10331 31704 
253.882
31
128735 56000 81832 105776 85042 105551 80078 64848 126909 37968 105873 54923 127953 87286 124248 39223 42718 28037 46632 126710 46703 7641 80713 125060 21875 103754 44677 95225 129371 16742 108352 
9.449
43
116163 46295 72267 42596 54556 74328 128753 132522 105721 103999 52264 4795 39002 61659 118371 19347 83624 110595 52884 17354 90911 119070 22415 48662 86011 55200 83338 91195 33125 132653 81496 111527 490 128927 51943 91419 81515 4880 24415 2914 50872 46198 116900 
118.715
28
20005 10867 12605 76247 52208 111118 2396 114167 50553 122712 62103 86107 67944 85164 61878 55472 3609 103309 75364 125091 86788 88710 65382 20237 87627 81153 12057 66114 
147.729
31
101091 80137 1132 59624 96621 19362 77805 112367 42996 67753 59675 91199 83089 66395 28876 82742 2034 115817 67435 1129 72466 69065 1326 36747 1610 74246 24161 111092 20878 39972 124847 
46.043
34
21034 96476 2984 30881 27333 89724 17977 72636 58719 114651 86829 42813 44456 19687 58585 83109 66906 533 87156 73803 121512 21269 52209 99971 119394 26064 47567 85965 114758 31432 61923 61226 39395 128722 
183.024
40
87995 61930 114160 83805 117250 90071 37755 3644 70933 3824 105972 58238 81337 64650 31570 102609 106846 122546 124643 82714 130468 124982 124504 33569 34131 47094 132598 54722 47841 57796 107438 39078 13798 45533 91385 24747 815 57414 26388 28085 
176.326
33
65282 95511 13731 2381 9027 23489 36846 117265 52010 78437 85037 48096 96774 62680 108215 36445 49030 54238 19451 120477 116380 55428 32633 18409 109269 34642 71050 25085 114007 118496 22074 5110 120837 
209.98
39
118299 18145 98469 115154 16967 100789 92133 68887 16408 92608 23583 50735 89829 113994 79102 31771 130413 127606 49307 112018 89633 34771 18788 40776 63247 99790 9268 124852 63118 77427 99266 29462 67429 73533 100708 60090 12250 29887 56234 
193.015
31
80671 47375 120497 79374 127682 26557 100285 122963 10237 54744 52303 14620 53656 132572 1299 5340 63013 87784 68485 31285 98067 38373 73649 130859 66158 112209 35535 100691 25390 47185 121478 
92.315
39
127315 8464 92058 132112 13936 109718 69423 56394 107244 483 38382 102848 4718 81628 19744 67886 5949 46915 42958 44402 68714 82440 16511 43096 54664 58802 38712 20713 60730 87909 85973 131186 60478 80362 89447 61997 99091 7261 86401 
102.829
30
75126 36105 100868 8934 45680 70679 90606 122190 45679 76355 110043 122764 73042 108231 28752 128603 34866 59864 62838 31078 76680 36929 53961 82127 129394 90535 85566 45745 15752 81931 
141.657
34
57778 55154 113421 83378 124760 33041 132999 80476 63385 78723 84283 13761 66428 100519 43291 40264 10730 126198 53763 2799 74043 35384 113102 64645 93892 29092 113902 26612 48870 114919 77893 25869 86953 129355 
247.981
27
2955 74246 864 9967 104694 2488 105842 63566 13615 24654 129383 122297 2911 125732 32416 75281 115681 72518 1288 59844 32687 39377 94848 100979 75031 40141 103009 
161.927
36
102239 17814 90924 77496 93999 100343 112838 70304 61650 125678 39996 32030 5390 111361 1923 12015 34503 9550 85096 47410 127191 74238 17960 64116 72344 674 5287 18951 56064 95821 5367 54212 99391 32269 18637 18755 
95.384
31
119471 54287 17862 104865 121936 72067 108592 69440 119120 69302 72725 87451 113033 54186 72275 70073 126762 78125 85305 9961 51348 45299 73570 121266 104475 7374 60218 116762 112535 17780 124773 
98.073
36
98611 60053 879 94089 121510 19891 46257 55979 123730 81523 28308 58991 130498 70879 15601 64965 18625 69668 65407 10033 37618 117495 46695 44402 100534 37955 10394 131128 81207 112621 78489 45459 89489 39136 32249 95365 
158.046
43
44118 80005 114795 76293 57204 122705 63455 91419 47852 120687 84896 56157 11745 25826 117783 101573 71381 73671 118298 99089 38353 81218 51921 85019 21004 32954 17917 12884 8372 90496 103923 75417 113682 68370 24894 26772 21433 114506 94659 122970 40569 46416 120225 
164.987
30
78640 47543 100091 62190 96013 118013 37496 16846 12907 97484 35579 42500 39067 56981 113719 80959 98966 42290 38704 95573 26513 76205 110757 67792 181 121613 54964 60965 2267 50574 
180.896
43
26653 34503 72751 92596 23848 105726 59614 37364 88839 57708 32705 41431 1854 23596 70066 104529 81688 55903 131183 20651 23151 75271 114962 35957 3038 57648 85885 99270 61334 115744 43125 35316 109530 29440 82113 45747 76267 87097 46470 32961 61890 64521 98353 
250.26
35
123062 111962 66665 125069 95390 15141 28319 122784 97901 8884 12429 110136 16097 112970 63587 101658 64481 22108 116107 25661 47180 65852 38849 68282 76422 27531 64359 75563 113993 114705 14346 56940 12850 107954 66983 
66.233
52
90711 66430 130852 45669 51486 15983 114160 109404 112402 14498 86082 34270 13914 34470 128111 76748 65925 23742 114478 37483 54093 17641 34133 76499 68294 24774 127266 12271 77440 75518 56858 117361 87630 89852 74611 93544 43087 66562 80006 43096 21319 1099 80746 88370 100531 87817 77894 43064 17507 94842 2423 82718 
131.557
43
114902 102589 130963 26352 34416 23968 82421 24360 96959 115116 109346 16290 51277 29424 99143 120852 64219 89707 48128 96148 71233 59711 69120 129851 120448 117046 92095 122843 78284 130031 88937 120165 111427 45581 54843 87206 105499 3719 59395 127694 50937 13784 17654 
174.413
35
54368 49311 22658 98290 33911 26635 96854 3979 74905 36007 96391 20019 114555 112415 123828 13490 100655 59031 94902 103644 44015 59108 33097 6511 110487 127048 18918 132765 27930 36446 7785 68569 12217 2078 61057 
56.842
36
28640 119805 64909 120675 56418 105214 14869 95413 22922 30886 71664 86893 114484 7861 65857 42147 109389 126987 33216 70195 93167 119321 77151 114030 32908 131002 87454 308 71847 35222 88470 85855 85213 53028 41526 42473 
207.226
36
23067 9074 112751 54701 61012 59829 53015 53754 94417 78061 52664 129808 95459 117894 26438 69432 81552 48430 121046 64885 124899 101013 42663 23909 95242 124647 47931 24697 44441 29056 70295 107425 93949 76811 20454 90507 
135.748
36
115231 19355 67812 76677 71266 125591 3508 117410 93714 5227 1439 9226 96992 9580 44495 74692 13271 122708 117031 97188 131413 45800 18352 121883 30239 48446 116029 104098 119084 7858 92740 32998 74429 89180 15556 125834 
171.445
38
113426 131442 113603 100723 124748 76763 65279 97287 32095 84193 46604 60959 122524 13136 23509 7875 20233 62316 55941 61590 125814 67334 83372 64301 80270 50564 32945 29671 10836 20128 62986 122640 11187 69302 66932 34256 44910 105459 
233.395
32
74578 62413 25616 50224 2756 88883 5914 92518 116678 10123 109898 50420 78855 92155 59129 124698 16130 20512 122672 119066 65156 104956 85132 97425 129949 63068 91176 17017 126301 130395 14923 39575 
197.811
35
109017 53974 112201 48827 68539 28211 43758 81211 8786 30575 17013 61132 23055 12092 130632 73257 76892 15058 50605 68175 56523 52253 10989 96297 29403 21924 118273 127660 38073 129056 95035 75393 18333 15235 63658 
75.161
26
102747 27235 9128 22655 96181 114846 71301 100546 112503 39430 88082 101983 99874 100180 101282 78212 110054 112085 127128 114883 97680 128799 60642 70972 10838 81484 
180.922
40
37647 94001 59853 122464 28250 90004 13538 27654 58559 125680 115415 79946 58870 95830 44822 125430 90373 39408 46823 46371 82297 104761 17847 29322 105155 5795 2393 129880 13316 113454 65305 82994 62140 93043 113789 114437 11539 96645 16682 87838 
223.787
37
77213 69961 109715 70826 102802 11286 81688 30557 19019 60467 19687 35779 81584 14356 37091 70048 92218 84182 101362 11654 95131 92329 30926 27319 83717 39221 45861 70783 20211 47416 36028 43391 101568 61162 97505 8262 11768 
82.588
36
44375 100764 31736 59142 42874 104695 75223 32350 63331 116474 112227 130358 25778 41395 725 63480 49546 41484 21211 112655 41860 52263 1870 59461 31690 48557 80966 35119 32487 85972 59537 41597 72612 83171 61334 120160 
184.072
36
80021 83261 21424 73753 12113 69449 74811 76604 59019 68865 25694 60974 50856 70406 119788 35853 18755 78907 17616 127901 47048 62460 77570 121488 36893 52749 28251 64807 21100 89582 86642 57702 130567 68628 22620 131479 
69.75
41
131756 117337 37722 102962 1876 83681 117334 119318 29161 62435 112988 96158 89417 49114 75771 109470 38533 128522 42263 102381 48695 79487 122625 86698 52662 62786 34947 80456 58710 64536 20231 41633 12659 39259 59667 39307 64640 54774 13656 876 81928 
147.307
43
78227 51045 38212 44543 66626 58564 72472 45832 73011 55095 78391 109314 124348 101060 93765 14789 29152 60573 6703 93628 72454 109023 85733 13237 66081 75261 60229 1433 73058 105307 92788 1384 22765 42567 63126 5480 11767 118356 33321 41713 32257 87352 123444 
174.633
35
91608 113145 63131 109457 97667 120758 37451 35890 293 43758 38624 80338 108630 71741 56280 57139 125218 12638 6176 24052 48143 58902 41063 67846 70403 102435 14699 21655 92086 90278 52393 80360 117387 2591 32659 
229.184
32
117859 45121 68190 39794 110257 94273 79482 79865 103710 21999 51051 83377 773 57376 118174 113715 111109 12966 88159 14416 78578 110962 35581 88941 25817 83193 109065 80988 128306 43434 15459 78713 
131.482
35
38387 108948 84205 47498 116313 18674 15797 60573 42547 41677 22735 131008 75116 131809 69024 46732 111336 122607 113694 95422 64235 120548 30477 129778 68447 112475 14529 33002 4245 111056 128407 128602 125229 40919 121702 
116.634
35
73480 70066 48093 117451 40607 73283 116398 62068 56823 110029 68612 111168 74769 3954 113682 90747 4757 122889 32383 128376 99288 16424 46067 23030 2620 100691 74132 87589 45837 33593 23934 68901 71678 6149 20167 
110.231
35
61666 119076 60013 61552 49380 38044 28667 53868 31996 57083 94156 81251 132462 102898 4108 22592 63144 430 56827 132418 72424 119185 117500 117606 113409 116948 64092 120023 32809 23892 12312 52124 69314 6653 67671 
233.256
38
86330 20016 7665 103635 68758 13390 108042 99476 82472 117158 68032 89053 40802 104686 68179 34043 49241 118900 28445 42338 20007 120484 119632 11692 68468 73221 93355 113374 70498 65585 113268 121317 74617 8774 113028 128818 41734 60616 
90.246
45
56998 127207 80106 88525 67096 98251 126513 105646 109017 38597 64115 39746 23359 60741 69678 61330 81738 1015 61573 35545 131703 7801 20542 94576 55478 92573 62756 114415 41935 28994 28091 2630 129387 3034 107541 46819 34653 34678 51567 27546 85470 32285 5955 114731 123603 
289.37
33
12082 26684 44483 63453 5616 120955 3783 89915 102911 84485 107867 102982 11164 10012 33829 3774 75011 120338 10946 26519 70346 94504 33562 129259 70047 62179 24888 100798 73691 126267 45093 9116 111874 
160.041
34
76029 21385 19859 27540 12542 70772 79958 109905 6651 121360 75537 99999 4417 8863 81435 75534 10085 108869 9363 52878 86806 24588 51275 54040 2089 107493 4549 53154 106250 20309 65567 40658 4222 61740 
78.676
32
48533 96754 11011 100479 118885 123300 26749 12817 5179 49439 74949 79365 121105 7283 66944 68343 132849 8993 63688 125864 74603 94889 125590 17517 68879 81301 37072 112318 93329 15384 12116 47145 
163.254
35
77033 128515 24157 131023 848 2692 29358 29249 84357 115748 81823 54095 122890 41360 71247 109201 23560 74100 79333 98499 42505 126056 15501 3439 29184 120811 52459 122032 95519 78998 37952 28242 25467 77134 131557 
216.509
40
88997 29962 11907 106632 32262 28595 6211 96681 85221 34470 52195 76790 12757 17379 60267 9075 131227 56046 113341 12012 98828 80740 19036 30454 76765 40276 78380 105411 44198 93993 46021 117651 45819 115169 87583 13134 56761 91446 2318 88975 
103.941
37
110649 39917 109466 14804 76113 21482 27861 71270 17796 77959 9269 130792 122314 20471 83591 72152 61824 60663 62271 116693 110561 58677 111423 91912 78527 45159 84254 53351 90117 107084 6647 82158 38046 61649 22527 1575 69804 
94.046
35
91500 129571 104950 11448 83496 110122 57076 5885 79398 118766 79466 100321 117134 39770 8232 9929 132944 116178 120435 66639 81890 5130 64708 45893 93806 29836 78550 36427 129367 38059 119592 14019 3204 5296 74259 
237.774
37
39795 82522 56067 60442 115450 122476 107776 78889 36507 19030 782 9549 13763 79706 76663 50637 114249 2970 95789 129725 1032 52140 130549 76810 5120 6559 51566 21869 96808 101416 102535 18725 74175 34767 106157 2690 14966 
248.593
43
44763 66814 111911 112213 99334 93278 102041 83967 17969 86515 57210 89616 48284 124011 64986 88933 110508 96984 35028 59624 72417 94554 95411 7370 68791 103909 114933 69303 101385 5405 76750 10218 51913 52375 98893 42665 51185 91359 31620 104803 37970 13084 110435 
251.769
33
56391 8066 111036 86432 132501 103611 126077 67409 48237 34818 86320 49820 65652 114486 90339 131601 88715 99765 29705 41638 107602 77599 104344 21433 79775 76781 19607 56756 38132 78068 11445 28141 100095 
103.78
41
117526 106457 64465 113002 100130 22944 89569 75991 28641 105267 118986 90445 128397 14755 35065 58665 75730 43276 51235 14602 88980 47999 111765 60321 27955 5500 20314 120435 56030 93433 72130 81025 6187 73602 43417 19200 4153 60613 108060 68353 77803 
321.317
37
99310 67151 13053 29083 104255 58660 93263 15677 116559 97195 85905 123106 73900 18533 60907 59210 112127 83227 99573 40085 109938 92039 114148 97965 60183 12871 646 3795 6159 49171 50167 3386 98285 75535 12219 10534 127917 
172.89
35
3147 109705 38368 29797 29069 74741 105108 17842 65565 71368 20353 69924 92647 125515 59486 104462 26690 70136 123859 107869 9121 131127 14231 72445 48960 123865 51738 49910 53101 95963 8890 75050 53563 12179 72520 
138.48
40
93399 20470 130195 34513 37550 127315 69193 11846 27338 99805 27668 27586 111210 4844 7318 130559 58779 121750 124918 17379 55442 110751 79936 72829 128902 52615 33441 87200 116493 69297 86319 99747 13056 56758 116903 92621 69940 18524 5607 44183 
314.446
39
77028 57738 26637 75783 9474 73441 9174 76354 25437 4553 69782 117277 30158 104038 111252 3445 31117 92365 75208 81885 53259 86620 110254 23019 35250 70986 11687 65794 115547 88509 101392 110858 59808 19903 34017 34452 95656 54504 130782 
193.479
37
42460 98752 120522 63986 117089 14149 105779 30612 53057 97784 16155 84811 72927 16320 47892 27327 66120 54225 75784 34420 55299 47184 69786 95141 35489 106724 27073 70352 25157 23359 48204 10024 123381 122380 31527 1890 59222 
180.678
34
47295 63924 63526 12406 94257 37226 45948 98378 112330 95314 39095 89894 67673 117638 16124 7780 53652 45889 17828 117302 47160 51279 54806 53814 68113 31768 40474 8411 129525 77234 126388 58958 18412 100911 
244.967
41
131673 77575 65922 9804 26623 60832 6314 49975 116357 120643 39067 81033 66177 58218 22980 68850 128189 40 67054 44267 70360 24250 76064 118792 75753 99254 129759 130736 56779 101212 102520 29759 119830 90096 24473 81473 93289 77375 70865 14417 36219 
157.657
36
15863 101210 48211 44991 76948 90176 41270 42118 131855 112998 60267 130768 115441 84250 45738 124553 19618 55638 31166 70720 30367 131894 115939 127641 60864 95994 103283 107828 97342 45949 113412 102056 28587 43729 61381 120872 
157.677
33
7087 90339 65369 83117 27306 126380 19139 128735 60247 97393 30987 12260 85768 95343 61071 6195 13634 75124 20680 17428 1819 63812 97142 40573 76166 71312 41568 87307 15620 39186 111608 27730 17857 
46.709
30
32559 14036 92969 128807 17137 128013 36850 127197 34620 55613 2709 64081 21760 79729 50878 30369 106243 25068 42974 66638 2180 69643 91849 103611 23119 88213 127513 31808 6957 120804 
127.41
41
22340 118730 39119 36843 125943 63402 106120 100358 69747 53149 833 4842 48248 96673 64152 108835 108052 126289 98536 42843 70527 27051 81130 83600 20770 110197 95924 103310 52084 51332 52980 87231 1175 90389 88837 1628 100792 2763 46555 67442 101709 
257.534
34
104224 25534 44800 80727 26720 46348 11762 34105 55756 13077 80161 14452 25942 38424 114189 74341 111350 60415 16346 56004 81328 113988 11449 115174 125192 119708 73882 124891 99879 131788 27723 76956 85669 87884 
260.599
38
37210 42124 26944 92505 84850 42443 73072 33451 99604 14666 23074 28622 21304 104496 19321 1040 17649 70456 86033 116396 36145 34275 5472 29331 11866 66072 17562 59678 89345 120796 21410 81627 44629 47750 17785 131695 11895 68200 
138.358
34
70281 84408 19424 54267 98255 53630 91382 70466 128391 64666 114637 52520 63351 32318 18711 66596 114900 72793 14669 49906 36171 88934 58872 30236 53497 46857 41695 103600 388 107726 118558 8934 7162 22243 
104.183
35
90150 93968 86704 46390 15088 63910 4300 9577 129523 118666 106335 55928 33886 42776 88233 41915 126393 47880 92373 66543 30209 25555 54787 74699 98682 74108 129406 57273 72896 20501 66745 6052 67656 49607 58272 
37.985
43
131580 101108 92213 46311 43222 105540 65582 10068 123067 36327 103625 52801 90329 25050 14237 96189 127325 95274 122216 51016 1197 76956 94947 71554 98377 13709 89426 98860 108233 41348 72161 53989 98465 89833 8398 122266 15624 2509 63341 124667 99113 28515 31252 
88.776
31
105457 4293 102377 108979 4021 121120 73740 93114 48304 2998 111177 71904 67041 113189 28771 36934 56418 18836 50944 90489 11646 439 91901 34033 97485 104323 119530 45951 72745 1467 50039 
68.817
40
41210 68296 132222 36553 31859 123011 80412 102269 59748 117577 113173 9412 57206 113780 59243 47948 69544 62595 101175 68103 25905 20845 117499 52108 59699 36214 45591 26891 25110 16590 125874 56226 129101 119457 83444 88357 108400 6722 11546 17418 
102.39
41
98950 22972 44639 46330 76029 99287 44288 54070 11003 9552 97516 42955 84757 66321 50835 17456 39902 77565 111180 1562 75346 109747 45950 116904 58733 11407 80223 111757 126074 88248 98856 112256 102166 23760 109669 102338 31926 29177 62183 128333 103590 
131.799
37
43783 54076 88025 101564 59329 20650 116916 7435 69841 114519 77588 44051 130572 122610 48419 31948 45047 13305 82731 100418 37102 38051 112991 1917 122549 35635 24902 18984 110778 16445 132276 4916 65290 104286 27229 14563 78794 
332.343
