19
1094 5599 7998 1117 1961 4099 4849 12869 9586 4879 3952 12089 12100 6075 8036 9751 8640 1690 2995 
22.237
23
1508 143 905 5036 6831 13208 9872 12321 7316 7211 3567 7468 691 10402 4211 2146 8255 3840 7443 5363 6183 1791 1933 
27.704
24
8458 7229 2060 2230 8869 3810 4131 3651 9995 9794 12512 2411 2091 12373 7398 9061 8148 12505 2795 4801 10406 10870 1556 8994 
5.996
24
8709 10470 6471 3525 6915 289 5523 838 2026 1988 9307 3574 5536 10507 8328 762 10488 8846 9697 8513 2709 11401 3760 10180 
55.723
16
5738 8776 4236 5013 7844 2402 4686 7340 12944 1827 2256 4559 4551 4606 2268 10288 
16.13
26
3484 7225 6501 1695 739 7143 11549 1237 13091 9555 12048 9647 8726 1575 2415 2748 2355 1784 3593 4511 11058 2370 1906 10579 11282 623 
12.957
24
2368 927 10058 2144 6982 7378 9422 9818 12244 10194 13004 9700 2023 11126 1812 12405 7632 7501 5170 4105 10574 13283 814 1911 
29.287
25
321 7192 12496 1299 9261 9473 3075 12858 8680 7700 626 9974 4708 6994 6809 7802 3702 5715 1258 10108 7823 3079 11200 1076 9729 
26.765
24
7095 2161 13020 9656 3477 4769 1442 7845 5309 6440 8383 129 1606 764 173 10956 6436 3918 13019 937 1425 4094 1209 1780 
18.058
19
4655 10303 11731 6219 10397 2740 11414 6124 12006 6877 7806 11405 2608 8576 11093 6478 6728 3474 6564 
22.708
24
3793 11864 1184 9412 11645 8524 5977 8938 2030 5672 1229 9722 5051 6964 5097 12541 1388 5381 5794 6593 13118 2413 3510 8918 
28.446
29
7825 1340 8810 8961 10828 7117 329 5729 5742 7605 11731 11573 342 9310 1084 2457 5667 6478 2876 7608 8871 10180 11168 10621 5789 8618 11167 3345 8510 
32.571
24
938 2479 9011 4876 7110 12190 11792 388 11824 10863 913 5623 4780 13092 3394 8718 1513 12459 6282 11033 11034 5848 4575 7135 
0.711
28
6369 11376 7950 1775 12384 2949 758 10930 5070 3270 10944 8611 4418 11997 1420 12382 8210 10160 10344 6311 11527 9136 1814 6266 2824 8034 1085 6014 
35.184
19
10991 10755 12728 591 6247 3078 7685 7454 2136 9013 2942 10000 7131 4704 1001 5434 10047 624 2636 
28.222
22
6043 6874 4265 12245 3225 6214 8522 6911 4316 8338 11567 9609 9628 8893 1878 6223 498 3493 4381 4144 10118 11003 
56.198
24
6162 9017 2512 7197 11974 13097 11255 414 636 4000 8454 9001 4242 4698 3500 6558 6003 8472 1235 6674 5291 680 3082 4381 
46.06
19
6170 12192 10778 12738 2785 4922 12042 9470 12394 9173 5211 13093 741 4090 2753 5399 12089 6987 12137 
80.274
22
1407 8411 4449 2718 13266 12764 11190 8996 598 12439 8863 8475 4271 2961 322 9521 1529 7291 1774 12138 7857 8500 
19.252
21
8051 10255 5869 6078 11107 10175 7264 5418 12442 10268 2960 3595 10776 5863 12536 11338 9845 9852 13036 1095 10968 
14.436
22
5232 12187 2845 12659 939 692 7415 2758 6489 9437 3929 6793 2920 118 8961 2170 4264 12473 5114 301 5255 7136 
10.115
21
13156 222 2968 7584 2380 8514 7935 8136 6693 938 1502 6361 1387 7273 7218 5692 2138 7792 7758 882 10788 
19.151
20
13161 12751 12274 12905 1061 8511 8615 12989 5153 9003 2044 7009 5263 745 1477 8238 2257 805 6257 8633 
31.297
20
9544 3610 98 1812 6326 3159 3957 7735 10684 4557 7584 1871 4347 4301 13029 6157 10764 670 2305 12446 
30.426
19
9635 10971 4542 9695 10071 5008 6399 11479 12524 2688 11062 8709 12630 2792 4859 2368 7886 1564 10974 
61.07
22
5548 9100 3241 6629 3263 8059 6990 2287 9160 11713 7155 3272 7373 396 1771 5418 10865 12946 9157 11236 361 13187 
23.959
23
1901 2109 6278 656 4889 2577 13114 13064 366 5783 4743 4918 188 10093 1480 1199 7827 6282 10404 8942 8057 8445 8582 
23.016
24
9927 11459 4277 130 10597 13051 4157 2715 11042 1977 3950 10824 12299 11778 11827 5782 1822 1620 924 7354 1209 7945 2048 9821 
28.523
25
13155 9089 5735 4128 3387 5241 6706 3737 6898 8636 12720 11645 9456 9305 7630 6318 8982 5143 5647 12652 6266 12994 3189 2884 6530 
28.977
23
12846 6926 235 5171 3765 10922 3552 1892 10650 10009 13038 99 8378 5955 2364 8364 8443 3770 10599 2421 8363 7551 11142 
26.218
21
11627 8036 12220 4366 7408 674 8969 174 3667 7939 8528 758 13143 5323 6359 7943 8977 3124 7014 199 10200 
30.999
20
8770 5137 4170 5804 3555 8503 8728 850 12521 7812 11919 11942 7921 10594 1537 7117 7813 11343 10813 12071 
40.805
25
8686 7614 2079 4820 6497 5342 7923 11440 6654 1031 6498 11301 6373 4780 10455 5583 11871 5504 4199 12137 8914 13226 1180 2414 11284 
25.964
27
3132 9243 5895 11776 7919 9666 10374 7488 8244 4255 3037 8413 1578 5901 10342 8303 5818 3166 6875 6174 5903 7686 9149 12716 9384 169 11427 
81.051
21
10017 13150 3488 7038 9990 2490 12066 2012 572 6 12668 12708 6407 2583 9108 605 3320 5868 10230 1793 11349 
27.541
22
10095 3475 57 3896 2410 10671 6538 11807 8514 12095 5400 10183 10882 12785 7483 4206 3361 12697 8649 12270 938 12638 
14.53
25
12792 12415 11167 9695 1463 10557 3532 4853 4656 11171 2046 9629 9464 6505 5563 8070 13091 3770 3399 157 8125 666 6775 1048 11973 
24.116
19
3608 1987 10008 8358 5053 6197 1357 4052 4163 11125 7157 2507 7959 7043 12106 9933 515 171 5785 
16.943
21
9891 846 5774 9024 6974 10124 12185 2638 5925 6030 6072 4910 10068 2264 3756 7853 10906 5242 4611 2360 7451 
22.371
20
10397 4992 1271 13070 13025 10186 9050 11997 5415 4366 2434 9279 8769 1260 12549 8212 11554 1257 5610 7086 
0.692
26
3477 521 10592 2388 13053 7322 12110 8736 9295 7356 12462 7497 11581 3596 5440 2460 8281 1479 7985 735 1124 11718 382 12600 2015 11762 
85.818
23
5694 286 3312 10860 10434 3218 4031 11636 6738 8788 8745 4583 9159 5073 12099 6397 12626 1076 5382 8589 3289 539 7014 
30.808
22
10588 7224 10969 73 7985 10953 6335 10485 11656 4542 6527 8837 8876 12363 11378 438 166 5393 1628 11309 6175 6499 
29.396
21
5141 6540 8200 1746 5560 12413 12186 11215 1000 45 1853 4475 1419 1416 1161 7224 1599 5107 10533 1970 9203 
38.361
27
12713 5934 2722 12405 2734 10874 7068 10073 9075 2810 10806 13157 1377 10370 9004 13203 12426 7462 11904 4117 3453 5719 5465 1428 11126 1914 11159 
14.245
25
4003 1344 12770 9049 792 1759 273 10223 10791 9766 2058 11160 12700 13109 12067 10365 11042 1310 12538 10496 2744 4259 8320 1958 7285 
24.42
25
12382 9253 4988 7969 8485 3836 6762 4075 5338 7115 2713 1788 12916 2590 9043 12092 778 2918 7295 7801 12833 12927 5559 883 6187 
22.193
24
10212 6190 4114 6115 13027 4714 2855 3897 1884 2517 3923 5969 7625 12323 12419 12654 3563 3307 7087 79 7941 5388 4641 6040 
13.19
27
2028 2102 12189 7947 11911 10516 9766 12452 6161 4908 10889 1231 1464 1701 2738 5772 8303 11337 409 12235 11859 3888 13189 1416 10226 3482 10286 
30.821
22
1078 3565 2343 4420 11048 7397 13254 2128 3267 2353 4652 12242 12666 7687 4584 7901 851 12014 2693 600 8001 10483 
36.341
19
3641 7713 7391 11987 4140 6567 12881 10170 4846 1626 8556 1363 7022 2167 1994 10010 11845 2243 11202 
12.819
21
1815 770 1093 4049 8062 11854 11613 8569 12159 10760 9712 2693 5433 2718 2188 2758 9526 7720 8844 1337 7422 
15.474
22
3699 8257 4264 12374 8132 7307 7952 4587 8045 2603 1636 6215 11836 1022 9934 11444 943 1498 12781 219 139 12905 
73.157
19
9665 12839 9619 1161 5543 8639 8477 7756 9650 4784 6088 6454 2657 13075 2606 10652 124 1118 5685 
28.463
27
4427 2379 1727 1632 1930 12183 11206 6178 4598 7540 10724 9183 2287 4891 7070 10064 9117 3292 2128 7431 10171 11242 5327 12483 1689 313 4421 
54.092
20
1734 6528 8664 312 2094 12244 13182 2362 10285 10560 11887 6457 9045 12565 9639 8070 10967 3543 1191 5031 
58.466
21
7775 2816 5736 6866 2809 2020 3401 5519 3289 9059 6569 3043 5394 10576 6171 9436 9873 394 2058 8490 8691 
33.86
23
12872 10495 2358 4222 9706 2369 1228 9200 12461 12057 12610 2624 9128 3620 1946 4284 10598 274 3629 2695 5745 839 13213 
13.804
20
12610 8565 12967 8556 4528 11050 8237 2944 2145 6819 11858 1377 4512 5296 1480 3892 8256 13091 576 8029 
53.535
29
1166 747 1810 331 9862 5250 3521 2473 2622 11268 3951 3985 5973 3082 1583 7480 10989 10658 6198 3671 2099 7583 11960 4597 12219 12011 7172 7533 13078 
20.503
19
6331 7318 2171 2408 10307 12646 9817 9792 385 12825 6898 7870 10129 9651 11237 483 7052 7314 9791 
30.118
21
2817 11815 12342 639 5843 5977 962 11068 3724 8764 7193 8955 7692 11537 3662 3402 10315 10590 4630 5733 6049 
19.636
22
9565 7636 2091 6682 6674 404 13004 3876 7698 1731 3707 3532 12183 1943 11440 918 3610 6330 3671 12187 5262 11485 
58.885
23
8896 9526 161 694 11980 2697 11630 985 3931 2885 12635 8884 1717 3058 10167 13016 5446 7804 1623 4187 11865 1107 10624 
21.079
21
2392 3203 6599 10217 13092 9499 5333 3116 4058 11959 11143 11626 4217 3352 6617 1844 6225 337 3123 166 8978 
54.505
28
5530 7492 2890 7092 13069 12106 6403 6710 90 7983 1037 5950 11383 7218 12670 13028 6344 2555 7320 10133 9747 6660 9706 12422 4777 9425 1361 7600 
24.252
20
11239 1985 10218 3573 12996 1140 327 2429 3939 12703 8723 12698 6292 13067 646 3272 7937 11005 7757 12510 
96.861
21
2855 7751 3575 4619 8165 6974 12115 10586 3306 1470 9493 13000 11513 2687 1981 8454 652 12086 9658 1245 12007 
27.013
29
6725 12567 9786 1376 3601 2581 12549 1783 9112 8234 7186 10757 6035 124 12106 12269 11903 11480 5636 10496 4012 203 7947 5755 2399 9261 6720 4505 7067 
50.402
21
2940 5935 2140 7095 7122 4112 8399 2133 4175 7767 2994 3208 4836 5464 6864 2989 3954 10472 2379 1154 2109 
73.592
17
11014 1186 12073 558 2952 11734 9288 206 6120 1549 4558 9666 3667 5385 3876 1697 9239 
45.952
20
12830 151 2210 11337 10379 4598 7398 4596 7069 6465 4681 6925 371 7842 4958 7847 10856 13236 685 3372 
55.936
24
5347 8169 7947 10926 12037 6025 10551 6392 8301 171 2105 5637 2930 12084 3788 2181 9983 10981 11251 6087 7396 7631 3747 10516 
48.396
21
8863 3755 6344 979 3003 2208 12727 12144 7764 10558 6665 1748 11157 3140 592 4943 6417 7056 12505 9651 13028 
64.178
26
404 1586 4560 11815 1311 270 2448 2671 9974 247 12257 640 823 3714 5331 2507 6906 6785 2041 4933 5991 8106 2335 35 141 8813 
30.612
26
2733 854 6775 7939 6579 8074 11807 4875 12236 1307 2019 11861 395 9665 10157 8058 6711 4271 12656 5554 11012 562 5635 9612 6812 10007 
26.801
19
10663 2512 12610 835 2600 4309 13079 8880 2383 1647 4083 7926 5681 3865 5537 1768 1188 706 4337 
8.736
23
4192 10659 10607 5468 4132 1611 4194 2679 8971 5396 13027 7089 3299 9041 2035 3892 169 11473 12481 336 8772 871 11631 
6.295
21
12044 1027 1271 8816 7226 10892 5680 6544 7277 9375 8492 6542 6088 4588 4670 11586 1950 3960 11243 398 6297 
35.083
33
12967 8546 9625 13078 12359 8316 8518 9914 5014 12560 685 9668 6509 1801 8605 3971 10232 11444 1057 4116 8075 10114 12461 737 4089 2877 1395 6408 2693 6828 3697 4289 9781 
22.399
21
8078 10320 6459 12840 4202 4190 7771 6654 12660 8108 1160 9877 4910 2449 2682 3869 9559 8086 12850 440 10820 
15.225
23
9448 9114 9544 2721 2219 10399 8000 230 9417 8998 9541 5813 5413 5033 430 3238 10442 8010 5952 10492 7136 404 7258 
25.408
22
3065 1914 4969 5947 4497 11388 11729 4239 1787 11725 2158 13076 9484 212 6987 847 1661 3308 7452 11664 824 4296 
12.692
27
3752 4102 10982 5101 6122 6352 58 8184 396 9168 8113 4225 9302 10364 2984 9445 12509 7698 4608 6561 6044 3664 9876 9275 2413 3662 8434 
39.586
25
11640 13001 8064 5933 11829 8769 10009 8650 10412 13199 9936 5606 560 8091 12946 8482 3059 3768 6986 11919 4320 7426 10537 2762 6737 
42.765
24
834 964 8599 1166 8177 8679 2367 826 409 3511 13097 11427 12322 1781 11108 520 11445 5301 6045 12455 10917 7560 1486 11416 
20.884
30
10628 11402 1702 2333 13092 8716 12189 6425 4209 5657 5259 7069 9996 13062 825 2561 3107 8496 8630 13175 9948 4026 4319 10424 10083 12629 12518 3920 3621 3778 
34.723
18
12469 7608 8958 113 5853 10386 1860 3933 5239 4187 4272 10628 1700 3752 12391 7218 5230 6180 
31.759
21
3561 9733 10495 12293 776 11300 2152 8673 11543 2986 8961 12363 12121 193 8839 1314 5027 8474 4243 3837 8776 
13.756
20
11180 3671 1046 12371 4160 403 1317 1588 7763 7764 11053 377 3861 707 8360 6969 13212 490 331 11573 
31.156
18
9324 4508 2199 1934 5906 4701 11669 10264 131 10849 160 10719 10435 3988 2042 12187 2894 9040 
0.685
25
1179 398 402 6027 4400 5644 12128 8278 5392 6536 9929 7672 674 5107 7821 5090 12826 9288 8155 1775 13237 11296 1464 973 3367 
6.836
20
4224 2368 12633 13043 4737 337 2870 2347 7610 2404 141 13163 1982 5477 785 7209 10310 2793 4176 11277 
53.067
20
2720 10795 1840 13157 9365 4903 3090 10769 12565 3355 11435 2444 2187 9169 1540 4655 5466 13046 943 1218 
0.709
19
12093 3448 7728 1098 5107 7888 10990 932 9492 1661 6959 11369 3213 7777 8783 9169 4605 264 5636 
56.323
31
9764 8880 10826 8160 3339 1807 1039 8341 10033 8149 5572 10361 7704 1913 11555 2183 6562 5886 9832 1777 3877 7873 9145 12589 5092 10426 8272 6752 3173 5780 12215 
0.685
24
7709 13001 1671 7699 7891 7567 1538 7533 6231 787 6574 8838 5297 4202 1038 2671 3125 5968 3649 6160 4911 13022 1372 9421 
37.241
28
12383 10156 5169 9999 5762 7343 11771 7925 9196 11374 8426 3467 9504 6933 4496 8233 5515 4917 8287 412 12723 10974 3910 11534 3749 12752 2975 4453 
9.936
19
3418 1470 3351 6130 2559 5469 12672 8039 5137 6487 8977 13253 1495 4146 5310 3672 12630 11584 12195 
12.047
21
10526 1711 5693 13257 7918 3836 12631 7328 11590 4999 11298 6586 6923 9737 768 3289 6907 4365 9033 2416 9504 
19.923
