13
1042 497 126 876 272 110 87 226 919 956 1094 901 1012 
0.078
17
1065 1104 1016 1093 726 958 1017 257 729 93 1278 1197 1309 217 1218 615 1319 
12.19
14
94 350 702 232 784 144 1277 725 85 718 748 1313 906 1134 
6.587
14
1072 297 574 95 713 265 1162 106 258 631 1254 461 52 597 
4.368
14
33 1044 1162 952 413 133 1228 543 1327 143 503 1026 491 1159 
0.079
14
132 1208 507 1016 89 1286 861 459 853 554 219 1254 925 977 
4.274
15
331 435 986 301 756 172 303 1283 257 49 713 1102 1259 799 1073 
4.28
13
261 969 1315 317 136 266 302 789 400 477 526 538 814 
3.627
12
858 280 1048 603 1029 562 83 369 1216 1209 50 516 
7.449
14
974 1099 711 1192 213 940 850 1058 695 150 166 378 94 1204 
9.048
13
241 1268 321 256 686 152 771 240 213 474 721 301 991 
6.289
14
711 1304 1256 718 1044 1015 1039 629 208 345 786 798 568 694 
1.924
12
261 887 29 1162 1249 584 781 441 838 1122 15 440 
5.498
18
1224 1244 193 87 983 941 1119 14 1134 892 1169 557 1029 1105 529 57 138 413 
7.89
12
303 358 500 687 983 559 1019 943 367 1159 62 1069 
6.127
16
965 120 666 913 678 4 142 1063 1193 479 633 577 774 1098 353 400 
8.051
11
1313 138 1027 627 752 506 557 1307 739 76 680 
1.513
12
1052 1303 461 801 667 877 647 1236 38 928 158 1321 
8.526
19
384 644 1014 531 826 543 547 1292 913 903 204 372 1068 637 953 1201 998 513 1181 
7.114
17
45 267 251 254 878 222 609 655 48 835 257 216 27 1051 57 1225 986 
2.39
12
146 1214 617 812 821 624 815 231 253 681 6 1283 
4.638
15
320 23 1031 1158 1293 115 464 680 227 405 301 310 486 112 687 
6.569
13
304 942 1159 1268 1290 573 1236 1074 838 718 770 145 787 
2.087
12
110 623 634 415 1132 422 1280 391 858 220 208 939 
2.404
18
818 1174 467 1231 681 527 481 213 237 666 201 876 888 789 1287 1221 963 1051 
1.874
12
515 649 48 177 487 1298 1240 205 1323 403 198 1174 
6.283
14
733 657 989 215 1164 807 932 358 224 1173 1091 673 35 1179 
0.081
13
1222 1250 806 215 90 1327 293 80 1158 1313 30 36 561 
5.168
15
647 1053 938 838 535 319 931 184 123 488 587 550 1252 62 432 
3.572
13
710 1293 601 692 1093 864 589 1250 252 1266 168 124 1023 
1.938
14
235 1155 915 82 652 172 461 844 937 956 218 657 164 445 
3.756
11
1140 1055 779 1211 152 1133 290 472 466 264 434 
2.579
17
197 825 711 169 94 781 1233 292 397 212 136 578 323 527 464 504 827 
2.205
15
878 179 225 273 354 628 763 82 343 360 1268 469 100 415 920 
1.712
13
79 441 691 299 967 984 777 894 916 980 663 490 843 
9.933
14
102 1150 613 1033 1266 287 140 955 819 1070 942 291 1072 1249 
0.78
14
2 488 842 949 803 712 523 1054 673 578 387 599 163 1279 
2.369
17
575 377 890 1178 453 638 1176 198 1285 241 1015 129 710 1160 72 151 471 
8.203
12
528 1221 519 52 432 920 579 316 814 97 692 1319 
8.246
12
24 958 189 255 1193 1284 765 799 1069 226 308 345 
7.192
13
88 267 137 222 503 1161 1310 604 100 14 736 585 1299 
3.368
15
1034 746 363 659 497 1100 514 75 406 442 459 1160 245 272 927 
5.563
15
525 1210 185 1109 297 382 1061 241 187 631 971 448 555 10 326 
1.515
19
560 932 244 1266 19 313 620 1328 935 317 1059 718 1303 519 1281 948 669 1100 358 
0.079
13
1115 193 816 1117 255 725 650 655 674 299 782 328 390 
13.266
17
254 457 345 725 5 157 821 158 995 496 1006 863 1113 1090 241 514 1115 
1.744
17
835 381 45 460 678 913 979 102 133 1110 560 1312 59 201 1164 1123 1252 
9.488
16
38 1291 407 515 1101 1151 1155 715 527 1099 220 1061 831 142 313 644 
0.079
17
52 374 1262 770 432 838 839 1159 604 322 1197 430 318 1121 343 712 1080 
11.947
14
277 124 565 75 1320 464 938 336 777 944 36 651 287 607 
4.644
15
274 854 331 563 36 977 265 446 429 367 1060 912 844 299 1189 
10.273
15
555 1071 1037 964 403 267 1242 1314 290 965 1027 1115 773 258 384 
2.659
13
27 676 972 568 907 935 940 316 681 831 1005 40 761 
1.092
14
448 936 704 279 367 386 489 42 347 925 206 830 339 628 
1.138
14
306 447 1037 1113 226 1124 964 903 1297 1302 897 1323 546 1245 
2.379
16
628 1327 176 415 649 420 665 110 187 1318 828 404 1299 1254 495 749 
8.092
18
1092 56 748 161 675 1253 902 943 1110 1327 736 215 617 1201 795 630 203 1119 
12.471
13
123 290 915 360 1313 68 1270 168 1117 833 400 1194 1274 
5.936
16
978 1018 157 284 26 58 776 435 277 1028 121 866 1238 287 697 707 
5.618
16
905 463 544 219 146 116 554 1225 532 60 75 179 1065 373 395 688 
2.962
14
251 1292 1322 568 964 590 227 177 307 840 1012 1165 97 570 
1.97
14
360 1222 444 758 555 972 581 772 1130 807 1251 179 120 847 
5.592
12
385 711 417 484 959 18 594 753 677 928 139 894 
1.213
17
4 599 60 576 280 1082 1024 1222 176 739 533 595 374 46 1284 572 433 
2.194
15
1314 944 629 398 471 563 713 1142 1318 237 1163 934 394 636 1284 
8.086
14
12 3 814 510 1155 499 918 1025 1243 1020 1292 327 122 311 
5.873
13
443 107 279 964 231 367 85 566 1016 447 895 12 544 
3.843
16
882 1224 1032 727 694 460 1258 887 711 1298 193 599 1108 1043 86 467 
3.987
13
907 361 788 167 68 600 643 469 1032 292 145 19 570 
7.856
15
1054 1231 992 89 99 1306 1200 166 331 732 785 1239 381 80 676 
5.516
11
526 580 1204 371 194 947 1265 970 1267 541 34 
1.09
15
715 56 1230 233 1143 539 3 759 896 400 432 217 254 17 187 
6.88
11
1117 150 524 706 554 1003 346 620 1061 398 932 
9.887
12
1275 637 767 885 479 1066 1245 410 1198 1253 51 1215 
2.213
15
358 1131 1315 404 1005 1107 620 934 95 182 429 1076 824 51 1275 
5.53
12
753 303 944 562 778 453 459 130 680 708 226 1132 
3.387
12
249 319 22 1118 54 300 1062 301 986 381 363 1294 
3.85
17
728 1239 190 785 181 1028 1042 607 1267 148 540 804 845 14 807 557 744 
4.785
14
192 215 1254 797 916 211 1303 1251 1010 291 1077 1016 610 1072 
1.379
14
199 791 218 369 928 1123 1276 991 690 215 577 481 254 585 
4.142
17
791 79 725 270 35 32 892 329 580 945 194 207 1073 1178 1027 484 910 
8.618
15
1127 512 721 1228 736 147 187 545 739 1136 814 1 1285 90 722 
6.689
19
92 232 744 113 773 380 1114 969 250 498 614 658 154 997 579 813 840 38 751 
2.652
18
616 915 634 220 626 771 512 301 998 79 135 1157 530 925 375 876 164 430 
3.447
15
979 1250 672 805 503 611 154 781 1076 495 1062 1318 155 123 943 
2.853
13
1004 1329 1222 109 698 959 143 1305 716 325 1129 94 300 
4.679
14
663 843 703 171 1179 819 1097 1277 664 635 446 397 85 1216 
12.819
14
491 1106 368 233 86 235 694 793 262 30 336 934 12 1272 
6.777
13
838 416 767 1106 1230 306 1255 593 524 283 1041 128 217 
6.554
21
973 1035 677 818 1311 419 725 453 240 249 1061 798 809 1314 288 848 137 231 43 862 1074 
12.438
13
152 1062 955 874 40 160 413 721 518 426 231 420 1175 
2.727
15
708 1094 305 199 904 716 1138 268 1236 1053 545 791 378 951 1288 
9.367
13
631 276 901 474 2 464 431 234 309 1089 1246 813 1308 
12.415
16
1001 824 1170 568 979 1083 404 625 313 974 1261 1277 1304 965 862 1065 
5.778
17
1190 129 817 346 957 577 486 1284 860 160 1273 385 473 170 247 850 1267 
0.079
13
9 283 391 266 601 949 989 258 59 1138 807 100 961 
2.007
13
1109 1160 1296 563 923 1277 622 233 507 1024 183 87 349 
9.017
13
1238 709 1086 1067 471 256 954 982 764 1116 1302 230 354 
2.826
14
404 485 130 60 226 458 930 422 365 845 283 395 36 353 
0.08
15
299 877 970 1102 1021 836 1184 363 448 625 900 942 975 95 514 
6.292
