13
1042 497 126 876 272 110 87 226 919 956 1094 901 1012 
0.076
17
1104 257 1017 729 217 93 958 726 1278 1093 1016 1065 1197 1309 1218 615 1319 
0.429
14
85 1313 94 784 748 1277 232 725 718 702 350 144 906 1134 
0.332
14
265 1162 713 631 106 258 461 597 61 95 1254 297 574 913 
0.204
14
33 1044 1162 952 413 133 1228 543 1327 143 503 1026 491 1159 
0.077
14
89 1286 861 132 554 507 1208 459 853 219 1254 1016 925 977 
0.204
15
713 756 409 1283 1259 303 49 172 1102 435 257 331 301 986 1073 
0.216
13
400 526 302 1315 969 261 266 477 789 317 136 538 814 
0.232
12
858 1216 562 83 369 603 1209 280 1048 1029 50 516 
0.389
14
974 1058 1204 780 711 850 1192 1099 378 1245 940 213 168 184 
0.354
13
952 213 256 152 477 624 991 1096 686 241 774 321 1198 
0.358
14
718 1044 1304 711 208 1039 629 786 1015 798 1256 345 568 694 
0.14
12
887 29 261 760 487 963 1285 358 324 708 871 1162 
0.273
18
892 1224 1169 529 1244 413 57 193 1119 87 983 941 14 1134 1029 557 1105 1223 
0.271
12
943 500 358 303 1159 367 1019 559 983 687 62 1069 
0.312
16
666 913 142 965 678 4 1063 120 577 1193 479 633 774 1098 353 400 
0.265
11
181 739 110 1240 991 412 1188 13 1034 424 565 
0.141
12
461 1303 801 1052 877 667 928 38 1236 647 158 1321 
0.519
19
998 204 372 543 826 531 953 1201 913 547 1014 637 644 903 1292 1068 384 513 1181 
0.263
17
45 267 251 254 878 222 609 655 48 835 257 216 27 1051 57 1225 986 
0.126
12
513 339 471 610 1273 895 943 146 376 448 261 1112 
0.258
15
320 1031 1293 464 680 115 1158 486 310 301 23 227 405 112 687 
0.257
13
1290 1074 573 304 1268 1159 942 1236 838 770 718 145 787 
0.152
12
634 391 110 1280 623 415 422 220 858 1132 208 939 
0.174
18
818 1221 888 1287 213 789 1231 481 1174 237 467 681 876 527 201 666 963 1051 
0.115
12
403 1323 205 1240 515 649 1298 487 177 48 198 1174 
0.409
14
733 657 989 215 1164 807 932 358 224 1173 1091 673 35 1179 
0.08
13
215 1158 293 1327 90 1313 80 30 806 1222 1250 36 561 
0.277
15
123 838 319 647 184 938 587 1053 488 1252 931 550 535 62 432 
0.18
13
1266 124 601 168 1250 252 589 710 1293 1093 864 692 1131 
0.156
14
1118 23 22 894 370 166 1236 1183 1181 1050 956 937 235 576 
0.181
11
247 469 346 575 372 1327 1135 395 916 1000 1168 
0.198
17
781 527 825 323 169 711 94 197 136 578 292 397 464 1233 212 504 827 
0.145
15
273 354 179 920 1268 225 1076 360 100 469 878 1148 747 1012 1041 
0.121
13
79 691 441 663 967 984 777 299 894 916 980 490 843 
0.479
14
287 291 1150 1266 102 140 819 955 613 942 1033 1070 1072 1249 
0.104
14
488 2 842 712 578 387 599 280 592 949 803 899 655 1279 
0.165
17
890 453 198 1176 638 575 377 129 1015 1285 241 710 72 1160 307 471 1178 
0.299
12
97 519 1221 316 579 528 814 920 52 432 692 1319 
0.452
12
1069 189 24 226 958 255 1193 799 765 1284 308 345 
0.458
13
503 88 222 1161 14 736 267 1310 137 604 100 585 1299 
0.225
15
1160 659 459 927 442 363 1034 746 245 406 75 514 497 1100 1269 
0.222
15
241 631 297 1109 185 1210 448 382 971 187 1061 555 525 10 326 
0.125
19
560 932 244 1266 19 313 620 1328 935 317 1059 718 1303 519 1281 948 669 1100 358 
0.078
13
1115 193 816 255 725 674 1117 299 782 655 650 328 390 
0.603
17
241 157 821 345 457 725 1090 5 1113 863 995 158 254 496 1006 514 1115 
0.127
17
460 835 979 678 913 1312 560 201 1164 59 133 381 1302 1110 102 1123 1252 
0.547
16
38 1291 407 515 1101 1151 1155 715 527 1099 220 1061 831 142 313 644 
0.077
17
318 430 770 838 839 604 322 343 1197 1262 52 374 1159 188 432 712 1121 
0.396
14
124 464 565 777 938 651 75 36 1320 277 944 336 287 607 
0.258
15
265 446 1060 367 854 912 274 977 331 563 429 844 36 299 1189 
0.52
15
555 1115 290 1037 1027 1071 267 965 1242 773 964 1314 403 258 384 
0.16
13
935 40 27 940 316 568 972 681 907 676 1005 831 1001 
0.114
14
42 206 489 347 925 704 448 367 279 386 936 830 339 628 
0.115
14
226 901 1124 306 1037 447 964 903 546 1302 1297 1323 897 1113 
0.156
16
169 1299 176 141 1271 784 503 116 753 671 337 774 346 1254 749 1004 
0.27
18
215 1092 1110 1327 617 1201 795 56 736 630 748 161 675 943 1253 902 203 1119 
0.436
13
833 168 1313 1117 290 360 123 68 915 400 1270 1194 1274 
0.299
16
866 776 978 26 435 277 121 58 287 157 1018 284 56 1028 707 1238 
0.22
16
75 544 463 1225 373 116 179 1065 905 60 532 146 219 554 395 688 
0.165
14
177 590 964 307 251 1292 840 1322 227 568 1276 662 955 1165 
0.141
14
179 209 960 1101 305 1238 709 407 916 698 676 914 202 1251 
0.251
12
18 753 711 417 385 677 959 928 594 484 139 894 
0.13
17
4 599 60 576 280 1082 1024 1222 176 739 533 595 374 46 1284 572 433 
0.122
15
934 398 944 629 1314 471 237 1318 1163 1142 713 563 394 636 1284 
0.333
14
1025 1155 918 814 510 499 1243 1292 1020 12 327 3 122 311 
0.318
13
420 987 647 393 1071 1033 218 636 151 359 800 443 616 
0.206
16
882 460 1108 599 694 193 1258 1224 1032 1043 887 727 1298 711 86 467 
0.179
13
857 1089 579 497 435 1076 250 906 649 580 804 1059 1067 
0.362
15
785 732 381 89 1239 1054 1231 331 992 166 1030 99 1306 80 1200 
0.202
11
526 580 1204 371 194 947 1265 970 1267 541 34 
0.12
15
400 539 896 432 217 3 1143 1230 233 715 56 187 254 759 1171 
0.246
11
150 1117 524 706 554 1003 1061 346 620 398 932 
0.745
12
1245 1066 767 1275 410 637 1198 885 479 1253 51 1215 
0.172
15
404 1131 1005 95 934 429 1107 358 824 1315 182 1076 620 51 1275 
0.223
12
769 778 893 649 496 584 227 579 453 929 620 662 
0.196
12
1062 301 319 300 1118 381 249 986 54 22 363 1294 
0.223
17
1239 1267 728 148 1042 607 1028 181 540 190 785 14 807 804 845 557 744 
0.198
14
211 291 1010 1251 192 1016 1077 1303 916 797 215 1254 610 1072 
0.129
14
991 690 1276 215 577 481 1076 199 194 644 585 791 346 615 
0.178
17
892 270 945 791 79 1027 1178 32 580 207 725 194 1073 35 329 484 910 
0.274
15
512 1228 1285 1127 1 722 1136 739 736 814 545 187 721 147 1278 
0.316
19
614 92 744 658 232 579 773 113 154 813 380 997 1114 840 969 250 498 38 751 
0.128
18
616 634 135 915 771 220 375 512 998 301 79 925 626 876 530 1157 164 430 
0.185
15
1250 1076 611 805 943 672 495 1318 1062 154 503 565 882 781 979 
0.162
13
1004 926 1129 1200 1222 716 959 94 698 1329 109 325 966 
0.22
14
1097 703 819 664 635 446 85 171 397 843 1179 663 601 1277 
0.662
14
1106 86 694 235 30 233 336 491 934 281 1272 1208 216 368 
0.347
13
1106 593 1230 416 306 838 767 1041 283 524 1255 128 217 
0.366
21
1314 137 798 848 809 1311 231 1035 725 973 288 240 419 43 249 453 1061 677 818 862 1074 
0.363
13
721 413 955 518 40 426 1062 160 231 152 874 420 1175 
0.186
15
791 378 716 545 305 904 1053 199 1138 708 1236 268 1094 951 1288 
0.492
13
1089 2 901 276 309 234 474 631 464 431 1246 813 1308 
0.692
16
824 1261 1304 313 1083 1277 1001 965 1170 974 404 979 568 625 862 1065 
0.237
17
1190 129 817 346 957 577 486 1284 860 160 1273 385 473 170 247 850 1267 
0.078
13
611 635 639 506 1305 381 1051 182 333 1203 742 428 1248 
0.151
13
183 1160 87 1109 1277 233 1296 622 563 923 507 1024 1297 
0.389
13
622 709 256 1238 954 1086 1024 1067 230 471 1116 764 1129 
0.164
14
404 485 130 60 226 458 930 422 365 845 283 395 36 353 
0.078
15
625 970 900 942 1102 448 363 1021 975 1184 299 877 836 95 514 
0.241
