19
8640 4879 1117 12089 9751 3952 1961 12869 9586 7998 1094 8036 4099 5599 6075 4849 2995 10181 12100 
1.142
23
9872 7468 8255 691 6831 10402 7316 143 12321 1508 13208 905 3567 4211 7211 5036 6600 3840 12545 6183 1791 2146 10080 
1.106
24
2060 8458 2795 12373 7229 2091 7398 2230 4801 2411 10406 12512 8869 12505 9794 10870 9995 3651 3810 4131 9061 8148 1556 8994 
0.784
24
289 6915 9307 5523 1988 838 9697 762 3574 2026 5536 3525 8513 8846 10488 10507 6471 10470 8709 8328 2709 11401 3760 10180 
2.11
16
9633 7191 2402 690 4236 5013 7844 8776 5738 4686 12944 5108 9607 682 7340 7855 
1.089
26
3484 7225 6501 1695 739 7143 11549 1237 13091 9555 12048 9647 8726 1575 2415 2748 2355 1784 3593 4511 11058 2370 1906 10579 11282 623 
0.817
24
9700 13004 9818 2368 4105 7632 927 1812 5170 12405 10194 10574 12244 9422 7501 814 7378 2023 11126 2144 6982 10058 4385 13283 
1.061
25
321 4708 3079 9974 7192 9473 1299 6994 12496 11200 3075 6809 3702 12858 7943 1916 7802 7291 4508 267 13166 2128 11594 1482 7823 
1.007
24
129 3477 7095 2161 4769 9656 1606 5309 1442 13020 7845 764 173 1425 937 4094 10956 6436 8383 6440 13019 3918 1209 1780 
0.946
19
12006 6219 2740 6478 7806 6728 6124 8576 4655 2608 6877 11731 11405 10303 11093 11414 10397 3474 6564 
1.259
24
1388 3793 11864 11645 1184 5381 1229 9412 12541 8524 5097 2413 5977 6964 8938 2030 9722 5051 5794 13118 6593 5672 3510 8918 
1.1
29
11167 7117 11573 7825 329 2457 342 8618 1340 8810 8961 10828 11731 1084 5789 5729 10621 11168 5742 7605 9310 10180 5667 2876 8871 7608 6478 3345 8510 
1.066
24
938 2479 9011 4876 7110 12190 11792 388 11824 10863 913 5623 4780 13092 3394 8718 1513 12459 6282 11033 11034 5848 4575 7135 
0.714
28
6369 6266 1814 2949 2824 9136 10344 10160 11376 8034 7950 8210 12382 12384 11527 11997 1775 1420 758 6311 10944 10930 4418 8611 5070 3270 1085 6014 
1.193
19
2753 12202 4252 13011 10047 3464 11235 3128 10991 6766 5269 4378 10248 7454 1386 1058 6010 4704 10691 
1.353
22
6911 8522 4265 6874 9628 6043 6214 3225 12245 1878 11567 9609 4144 4316 8338 4381 3493 8893 6223 498 10118 11003 
1.639
24
414 2512 3564 680 11974 167 6162 636 6191 9017 11372 1514 8508 11255 3500 10216 4698 6502 3082 3807 7197 4242 4511 5575 
1.355
19
9173 12192 10778 6170 12089 12738 5399 5211 4922 2785 9470 12042 12394 741 13093 2753 4090 6987 12137 
2.826
22
4271 8411 12138 12439 598 13266 8996 2961 2718 12764 1407 8863 1529 11190 4449 322 9521 8475 7291 1774 7857 8500 
1.125
21
2925 6514 6078 11107 5863 998 2960 10776 9146 3595 9695 8399 10268 12572 7264 12442 5418 9248 1095 1976 3040 
0.905
22
301 9437 6489 12473 118 3929 5114 6793 2170 2920 8961 4264 2758 5232 7415 12659 12187 2845 692 939 5255 7136 
0.825
21
7758 7792 2968 222 2138 7584 8136 13156 8514 2380 7935 6361 1387 1502 6693 938 7218 5692 7273 882 10788 
1.089
20
8615 12989 13161 5263 12751 5153 12274 8511 2044 7009 12905 745 1477 1061 8238 2257 9003 805 6257 8633 
1.298
20
13029 6157 1812 3957 10764 3610 3159 9544 98 7735 6326 4347 670 10684 7584 1871 4301 4557 2305 12446 
1.263
19
11062 2368 7886 2688 4542 12524 9635 4859 5008 6399 10971 10071 2792 12630 8709 11479 1564 9305 9695 
2.736
22
1771 3263 3241 7155 6629 396 5418 6990 5548 12946 8059 10865 9100 7373 11713 11236 3272 9160 9157 2287 361 13187 
1.161
23
2577 5783 4743 4918 8057 8942 13114 656 10404 13064 366 6282 10093 4889 188 1901 2109 1199 6278 7827 1480 8445 8582 
1.097
24
7945 10597 924 7354 11827 5782 1209 9927 1620 11459 2715 4277 4157 130 12299 11778 10824 3950 1822 11042 1977 13051 2048 9821 
1.167
25
12652 9089 5735 9305 13155 4128 3387 5241 3737 1404 11645 6706 2884 12720 5143 6898 8636 12994 8982 5344 6266 5647 12949 8487 9456 
1.261
23
8378 2364 2421 10650 8363 1892 12846 3552 8364 6926 10922 8443 10599 13038 235 10009 5171 3765 5955 3770 99 7551 11142 
1.186
21
11627 174 12220 3667 8969 674 8036 8528 7939 13143 4366 758 7408 7014 3124 5323 6359 8977 7943 199 10200 
1.307
20
7812 8770 12521 850 4170 5137 11343 7813 3555 7117 5804 11919 1537 8503 8728 11942 10594 7921 10813 12071 
1.562
25
4820 13226 2079 1180 1031 10455 5583 4780 8914 6497 7614 8686 6373 11301 6654 12137 5504 11284 4199 11660 4110 11440 7923 8139 11871 
1.017
27
11776 3132 9243 11249 7919 5895 8413 4255 9666 1578 10374 5901 7488 3037 8244 169 6174 8303 10908 5818 5903 9182 10342 9149 12716 9384 11342 
2.32
21
2012 6407 9108 5868 7038 12066 10230 12708 9990 6 3488 12668 572 2490 3320 13150 605 2583 10017 1793 11349 
1.279
22
12697 12270 10095 57 8514 3475 12785 3896 2410 11807 5400 10882 10183 6538 10671 12095 7483 8649 4206 3361 938 12638 
0.926
25
12415 6775 9464 12792 11171 11167 9695 3770 3399 13091 4656 8070 5563 2046 1463 6505 10557 9629 4853 666 3532 157 8125 1048 11973 
1.121
19
4052 1987 515 7157 5785 7043 3608 5053 10008 6197 2507 9933 4163 8358 8049 12106 11125 1357 11437 
1.005
21
5774 4910 6030 10906 9891 12185 5925 10124 5242 846 3756 9024 10068 6974 7853 2264 6072 2638 4611 2360 7451 
1.19
20
10397 4992 1271 13070 13025 10186 9050 11997 5415 4366 2434 9279 8769 1260 12549 8212 11554 1257 5610 7086 
0.695
26
2460 11718 735 1124 12600 382 7322 13053 3477 10592 521 2388 1479 7985 8281 11581 9295 5440 12110 8736 7497 3596 7356 12462 2015 11762 
2.202
23
8788 8745 5694 6738 4583 286 8589 9159 10860 4031 5073 5382 3218 11636 3312 1114 3289 6397 10434 12626 1076 539 7014 
1.287
22
10588 6527 166 8837 8876 12363 5393 10953 73 11309 7985 11656 6335 11378 4542 13039 7224 10969 438 8447 6175 6499 
1.192
21
11910 1161 3046 1416 12 4475 9831 4602 5313 2507 7224 9292 6148 1599 6546 10533 3162 5107 12261 4636 9879 
1.436
27
12713 4117 3453 5719 11904 9075 10073 5934 5465 2722 2810 12405 10874 7068 7462 12426 10806 13203 2734 13157 1377 11126 9004 1428 10370 1914 11159 
0.881
25
11232 12127 4003 12067 1310 1219 12538 2058 1975 2639 13109 10365 11160 7387 12700 7699 10496 4259 11042 7176 1344 12770 2034 2744 8490 
1.043
25
8485 5559 12833 7969 2590 7801 9043 12092 3836 4988 12382 7295 2918 9253 12916 6762 7115 5338 2713 3483 4075 1788 6187 3605 12927 
0.979
24
4114 10212 12323 6190 6115 7625 5969 7941 4714 5388 79 13027 2855 7087 3923 12419 2517 3307 3897 12654 3563 1884 4641 6040 
0.871
27
1464 1231 5772 9766 2738 1416 7947 11859 10889 4908 12452 12189 11911 12235 1701 409 13189 10226 6161 11337 10516 2102 3888 8303 2028 3482 10286 
1.113
22
4584 7901 12014 851 2693 600 7397 2128 13254 3267 11048 3565 4420 2343 1078 12666 2353 7687 4652 12242 8001 10483 
1.326
19
10010 4846 7713 3641 1994 4140 10170 6567 2167 1363 1626 11845 11202 12802 3014 8556 7022 5596 7391 
0.976
21
2718 2188 10760 9526 8569 12159 5433 8844 8062 4049 9712 7720 1093 11854 2693 115 11613 770 1815 1337 7422 
0.98
22
3699 139 11444 9934 1022 378 1636 2603 10227 8257 11836 11738 6215 12374 8132 943 6319 12781 6004 262 1498 10170 
2.676
19
8477 6088 7756 4784 6454 2657 13075 2606 10652 12839 9665 1161 9619 124 5543 8639 9650 1118 5685 
1.387
27
7431 1632 1930 7540 2379 4598 10064 9117 10171 4891 2287 2128 1727 11242 1689 12483 4427 12183 5327 11206 6178 9183 3292 7070 10724 313 4421 
1.439
20
3543 1734 2094 312 10967 8664 6528 9639 8070 6457 12565 2362 10285 9045 11887 12244 10560 13182 1191 5031 
2.181
21
394 7775 2058 9059 5736 9873 6866 6171 2816 3401 3289 2020 10576 5519 9436 2809 3043 6569 5394 8490 8691 
1.457
23
1946 12461 3620 9200 9128 2695 4284 5745 10495 2358 12872 10598 12057 2369 4222 274 1228 9706 3629 2624 12610 839 13213 
0.883
20
3564 11858 6479 6819 2145 164 1657 11138 13186 6817 12610 720 5651 5910 193 8709 12092 6634 1514 4061 
2.032
29
2099 9862 1810 331 5973 747 1166 3951 3671 3985 7172 7583 5250 3082 12011 11268 2622 3521 2473 12219 4597 10989 6198 10658 7480 11960 1583 7533 13078 
0.938
19
7318 12825 7870 10129 7314 6898 385 2171 12646 2408 10307 6331 483 9817 11237 9792 7052 9651 12212 
1.29
21
3402 4630 2817 3724 10590 10315 11537 3662 639 12342 11815 5977 5843 11068 962 8764 8955 7193 7692 5733 6049 
1.082
22
3876 13004 3610 404 7698 918 12187 6330 3671 2091 11440 3532 6674 7636 6682 12183 3707 1943 9565 1731 5262 11485 
1.78
23
985 8884 2885 161 4187 1623 9526 3931 12635 694 8896 11980 11630 3058 13016 10167 1717 2697 5446 7804 1107 4705 11865 
1.078
21
10217 6617 13092 11626 3352 3123 1844 5333 6225 4217 2392 3116 11143 4058 3203 9499 6599 8001 11959 166 8978 
1.941
28
5950 5530 1037 6660 9706 9747 12670 13028 12422 10133 7983 2890 7492 7320 7092 9923 13069 6344 2555 9425 90 6710 7218 11383 6403 12106 4777 7600 
1.05
20
3573 11239 12996 10218 12703 1985 12698 8723 1140 327 2429 11005 3939 7937 3272 646 6292 13067 7757 12510 
3.284
21
10586 12900 10433 12086 10197 2867 6784 5081 905 2311 6810 4282 9260 7037 5766 8082 10334 3308 2855 7411 9002 
1.29
29
9786 6035 5755 6720 124 12106 12549 9261 2399 203 6725 1783 12567 2581 7947 3601 4012 1376 10496 10757 12269 11480 9112 7186 8234 5636 11903 4505 7067 
1.64
21
2989 10472 5935 3954 2940 7095 2379 7122 2140 8399 4112 2133 5464 6864 4836 4175 2994 7767 3208 1154 2109 
2.333
17
11014 1186 3876 12073 558 2952 12470 11734 5385 3667 9288 1697 1549 206 6120 9666 11541 
1.985
20
4681 10856 4596 7069 7847 13236 11337 4958 371 2210 10267 12830 151 6465 7842 3372 4598 7398 5854 10379 
2.01
24
5347 7631 3788 8169 10551 7396 6087 10926 6392 12084 10981 6025 12037 8301 2930 171 11251 7947 9983 2105 5637 2181 3747 10516 
1.525
21
3003 4943 3140 979 12505 8863 7056 3755 6417 592 6344 11157 2208 7764 12727 12144 10558 1748 6665 9651 13028 
2.38
26
12257 247 1311 6906 6785 640 823 2335 4560 404 9974 2671 1586 3714 5331 11815 270 2448 8106 2041 35 5991 2507 4933 141 8813 
1.196
26
2733 6711 9612 11861 10157 4271 1307 4875 11807 8074 12236 6579 12656 11012 5554 9665 6775 395 562 7939 5635 8058 854 2019 6812 10007 
1.049
19
5537 7926 5681 1188 10663 1768 3865 4083 4309 835 12610 2600 2512 2383 1647 13079 8880 706 4337 
0.812
23
1611 4194 3892 2679 2035 3299 8971 13027 9041 10607 10659 5396 7089 4192 8772 336 12481 11473 169 4132 5468 871 11631 
0.805
21
6088 11243 3960 6542 11586 1271 4588 4670 1027 8816 10892 1950 7277 12044 7226 8492 5680 9375 6544 398 6297 
1.33
33
9625 13078 12967 9914 12359 8546 8605 5014 12560 4089 1801 1395 12461 685 2877 8316 8518 3697 737 3971 11444 2693 6408 6509 9668 10114 4116 10232 6138 8075 1057 4289 9781 
0.893
21
8108 12840 4202 12850 1160 7771 9877 4190 6654 8086 440 2682 2449 12341 4910 3869 9559 4516 6459 10320 12660 
0.953
23
5413 7136 5033 8000 9114 9544 430 2721 9448 10399 2219 230 8998 10492 9541 9417 5813 8010 3238 10442 5952 404 7258 
1.114
22
11664 3065 1914 4969 9484 2158 13076 212 5947 3308 11725 4497 847 1661 11388 11729 6987 4340 1419 1787 824 7452 
0.891
27
9275 6561 7698 4608 4225 3752 9302 10982 10364 4102 9445 12509 6122 5101 2984 9876 8184 6044 3664 6352 8113 2413 396 9168 58 3662 8434 
1.359
25
3059 3768 11640 10537 4320 11919 13001 8064 7426 6986 11829 5933 8769 10412 13199 10009 5606 8650 8091 560 9936 12946 8482 2762 6737 
1.387
24
826 964 10917 409 834 2367 8599 8679 8177 1166 520 11427 11108 12322 1781 7560 5301 6045 11445 3511 13097 12455 1486 11416 
0.97
30
13175 8716 8630 8496 3107 12518 9948 13092 10628 3920 2561 4026 11402 1702 2333 12189 13062 6425 4209 9996 825 12629 5657 5259 10424 7069 10083 4319 3621 3778 
0.959
18
113 12391 1700 10386 12469 5853 10628 4187 4272 3752 5239 7608 8958 7218 1860 3933 5230 6180 
1.476
21
5027 8673 12363 8961 3561 8839 11543 2986 1314 193 12121 8474 4243 9733 2152 11300 12293 776 10495 3837 8776 
0.937
20
3671 1046 11180 1317 490 403 12371 4160 3861 377 6969 707 11053 1588 7764 7763 13212 8360 331 11573 
1.23
18
9324 4508 2199 1934 5906 4701 11669 10264 131 10849 160 10719 10435 3988 2042 12187 2894 9040 
0.7
25
402 6027 398 1179 4400 5644 12128 5392 12826 674 9929 8278 9288 7672 8155 6536 7821 11296 1775 5090 5107 1464 13237 973 3367 
0.772
20
7209 785 2793 4224 5477 2368 12633 10310 7610 2347 337 13163 13043 1982 2870 2404 4737 141 4176 11277 
2.019
20
2720 10795 1840 13157 9365 4903 3090 10769 12565 3355 11435 2444 2187 9169 1540 4655 5466 13046 943 1218 
0.707
19
5277 2390 9613 10258 3298 10349 8875 4593 1448 264 9169 7457 5775 6259 7561 3409 5738 10245 13008 
2.06
31
9764 8880 10826 8160 3339 1807 1039 8341 10033 8149 5572 10361 7704 1913 11555 2183 6562 5886 9832 1777 3877 7873 9145 12589 5092 10426 8272 6752 3173 5780 12215 
0.698
24
7891 7709 13001 7699 1671 2671 7567 1038 3649 3125 1538 5968 787 6231 4202 7533 6160 8838 6574 5297 13022 4911 1372 9421 
1.461
28
5169 6933 10156 12383 4496 12752 3467 8426 8233 11374 5515 9504 9196 3749 3910 10974 12723 11534 4917 7925 8287 5762 412 11771 7343 9999 2975 4453 
0.804
19
5137 13253 3418 8977 6487 1470 2559 3672 8039 5469 12672 5310 1495 4146 6130 3351 12630 11584 12195 
0.974
21
8739 10526 2234 11987 1153 1123 3874 7112 11463 358 12403 1322 3834 6647 9543 12415 1579 5332 3639 9737 11750 
1.05
