8
34 120 114 44 1 122 2 80 
0.11
9
85 92 45 24 60 106 50 96 108 
0.012
11
51 103 91 32 101 124 45 7 16 52 72 
0.052
9
17 20 37 61 104 50 126 68 73 
0.106
10
80 46 97 74 103 67 43 110 17 88 
0.124
7
30 88 45 114 73 80 82 
0.012
8
81 112 83 47 119 23 65 109 
0.096
9
88 12 90 84 82 79 16 13 26 
0.042
13
115 23 65 131 46 71 25 30 40 32 34 22 100 
0.062
9
41 97 88 47 40 126 13 9 50 
0.03
8
64 94 5 81 29 128 79 112 
0.035
11
58 27 12 102 101 119 6 103 95 20 94 
0.07
10
45 4 90 127 60 41 47 28 49 58 
0.07
7
76 1 38 46 89 6 59 
0.07
7
58 44 18 34 105 25 97 
0.034
8
56 124 3 31 60 82 42 93 
0.082
7
76 82 71 74 122 47 116 
0.077
7
79 33 107 90 66 37 41 
0.082
10
90 10 64 109 29 36 79 11 86 116 
0.062
8
6 34 69 126 47 97 111 51 
0.012
8
48 50 91 7 15 44 60 68 
0.088
8
128 57 45 109 132 120 20 26 
0.102
11
13 19 130 88 7 64 15 54 51 49 68 
0.013
9
114 116 22 21 109 102 36 7 125 
0.039
8
72 130 124 80 82 41 83 37 
0.013
9
131 104 22 85 8 28 119 1 101 
0.064
11
129 89 40 78 119 75 94 36 62 8 24 
0.036
7
53 50 49 80 66 44 109 
0.044
8
64 13 109 83 86 87 126 117 
0.012
9
33 42 57 114 26 85 17 44 101 
0.034
12
32 53 69 106 24 66 123 130 77 48 45 76 
0.059
12
67 16 59 13 45 1 12 104 84 85 90 99 
0.049
9
65 98 37 132 100 27 4 121 122 
0.072
8
80 28 123 22 54 85 14 109 
0.028
10
102 116 48 6 16 40 3 114 7 34 
0.072
9
90 77 64 22 122 99 117 85 94 
0.032
9
121 98 107 18 105 125 74 103 112 
0.03
11
2 113 19 49 73 63 75 40 79 61 83 
0.077
8
127 90 54 70 12 53 19 108 
0.045
9
93 70 11 115 51 82 53 55 76 
0.012
11
39 50 55 78 127 69 60 72 131 23 79 
0.081
9
117 108 115 22 94 84 121 96 131 
0.029
9
54 49 67 31 59 24 124 70 129 
0.109
7
78 12 118 40 49 87 115 
0.084
8
47 14 31 37 2 24 74 125 
0.066
10
47 92 119 69 6 104 50 19 16 83 
0.046
9
70 58 93 41 30 0 68 66 85 
0.105
8
50 103 44 81 82 109 79 80 
0.062
7
26 88 124 97 1 74 93 
0.093
11
56 10 112 29 13 18 32 129 42 63 119 
0.083
9
130 44 1 57 128 67 112 18 62 
0.031
9
108 93 120 89 28 129 4 66 104 
0.011
8
79 11 74 23 42 41 71 128 
0.071
11
77 104 72 12 17 124 10 97 127 117 130 
0.037
9
8 18 54 74 40 78 44 2 59 
0.079
9
118 105 31 61 51 48 35 130 101 
0.011
7
53 129 30 13 38 19 59 
0.042
7
58 31 46 101 104 40 44 
0.056
9
125 7 43 72 98 127 34 8 117 
0.053
8
46 11 36 23 57 17 73 82 
0.029
8
95 126 58 78 57 91 7 111 
0.079
8
107 105 38 2 61 110 0 49 
0.04
11
28 52 8 66 75 27 31 29 113 131 97 
0.013
9
43 50 108 70 126 37 66 6 30 
0.082
11
95 128 89 37 3 69 82 90 124 96 42 
0.012
7
112 17 31 28 96 12 35 
0.101
11
60 65 92 63 89 107 55 22 1 110 127 
0.072
9
8 20 97 64 40 26 50 3 10 
0.049
6
94 3 95 31 75 90 
0.077
11
95 31 48 21 81 72 56 4 16 85 102 
0.057
9
89 95 44 82 1 60 78 19 96 
0.12
10
11 17 80 15 86 42 44 82 10 126 
0.063
9
129 132 10 18 75 47 127 94 131 
0.046
8
80 71 10 103 121 97 2 29 
0.04
10
104 22 42 77 56 41 31 29 75 99 
0.097
11
92 112 88 5 82 8 13 37 104 105 130 
0.093
9
71 80 20 132 4 70 89 53 124 
0.012
11
20 32 54 111 2 27 0 67 53 55 106 
0.039
10
96 48 20 1 56 93 81 83 24 114 
0.048
9
41 36 78 89 42 60 132 10 69 
0.028
10
62 43 44 68 50 48 130 34 11 131 
0.063
10
92 44 84 33 105 118 34 85 46 39 
0.012
11
6 54 37 126 2 35 31 62 70 78 92 
0.051
9
27 69 67 114 123 121 51 117 105 
0.013
10
101 118 107 19 49 71 115 64 56 66 
0.052
7
123 70 27 121 111 42 92 
0.037
7
72 107 71 38 80 23 35 
0.047
13
97 91 21 132 106 22 45 105 92 86 78 4 74 
0.062
12
42 101 44 35 3 117 95 0 62 113 86 97 
0.086
9
106 129 23 22 36 65 43 57 86 
0.012
12
32 77 94 28 30 50 114 23 43 125 52 112 
0.036
9
68 99 120 75 93 129 86 26 47 
0.079
9
54 124 108 62 71 0 57 114 131 
0.047
7
105 95 108 36 69 63 127 
0.048
9
50 13 65 74 132 44 18 43 99 
0.011
10
7 132 53 118 76 114 41 12 23 107 
0.046
14
73 46 4 57 108 45 103 2 30 55 97 120 65 130 
0.063
9
91 94 118 59 80 69 46 5 55 
0.043
10
119 90 63 126 105 33 65 34 29 4 
0.014
9
8 56 28 85 115 100 71 24 30 
0.072
