8
80 120 44 113 34 114 1 121 
0.869
9
85 45 24 106 50 96 108 60 92 
1.151
11
91 101 103 45 124 51 32 7 16 52 72 
1.872
9
24 74 40 17 6 46 79 5 18 
1.007
10
46 67 97 43 103 80 74 110 17 88 
2.285
7
88 43 72 24 69 6 82 
0.714
8
65 83 112 81 109 23 40 47 
0.926
9
90 88 84 16 82 12 79 13 26 
0.781
13
40 71 46 25 32 131 23 30 34 115 65 22 100 
2.766
9
97 40 47 41 88 13 126 9 50 
1.065
8
5 3 25 112 94 64 14 81 
1.063
11
58 119 95 103 27 101 6 12 102 20 94 
2.099
10
58 127 90 41 4 45 28 60 2 47 
1.354
7
38 46 76 1 89 6 59 
0.67
7
44 105 18 25 58 17 34 
0.703
8
31 82 65 126 125 48 2 124 
0.737
7
82 76 71 74 122 47 116 
0.446
7
40 109 10 69 13 20 94 
0.538
10
60 90 6 47 10 64 0 43 3 99 
2.218
8
69 126 6 51 111 47 34 97 
0.923
8
16 50 48 91 14 68 7 62 
0.987
8
57 45 58 132 26 120 8 109 
0.697
11
19 130 7 13 49 88 51 64 15 54 68 
1.557
9
22 114 116 21 36 102 109 7 125 
0.808
8
82 83 10 94 79 80 5 130 
1.03
9
104 22 131 85 8 28 119 1 101 
1.184
11
129 40 94 36 119 89 75 78 62 8 24 
1.973
7
80 49 66 50 53 39 44 
0.488
8
18 110 92 64 109 13 11 83 
1.065
9
85 44 26 114 17 57 42 33 76 
1.137
12
53 80 24 32 48 130 66 77 106 45 20 123 
1.807
12
45 85 59 67 12 13 84 1 16 104 90 99 
2.126
9
98 65 100 4 121 132 27 31 122 
1.522
8
85 22 28 54 80 123 14 109 
0.648
10
116 6 48 16 3 102 40 114 7 34 
1.763
9
122 22 64 77 90 117 99 85 94 
1.083
9
125 74 18 98 121 105 107 103 112 
0.992
11
63 73 79 49 127 19 75 2 61 27 113 
2.288
8
119 121 124 109 111 19 8 61 
0.949
9
99 117 112 93 11 70 115 33 85 
1.163
11
55 78 39 69 127 50 72 131 60 23 79 
0.937
9
108 117 121 22 84 115 94 96 131 
0.886
9
67 54 59 31 129 70 49 24 116 
0.905
7
85 47 56 72 120 11 118 
0.677
8
47 24 2 37 14 31 74 125 
0.661
10
104 92 47 76 83 69 35 119 6 71 
1.565
9
68 30 58 93 70 0 41 66 85 
1.21
8
81 50 82 44 109 103 79 80 
0.898
7
114 55 91 52 71 6 80 
0.834
11
29 94 48 127 56 112 32 18 42 4 129 
2.301
9
67 57 112 130 1 44 128 18 62 
1.001
9
4 28 93 120 104 89 0 66 87 
0.701
8
79 71 74 41 42 11 4 23 
1.437
11
97 117 127 10 124 12 72 17 77 104 122 
1.862
9
128 73 106 88 78 28 30 1 4 
1.033
9
31 101 130 105 48 61 118 35 122 
0.707
7
30 53 13 38 129 19 59 
0.866
7
31 46 101 104 58 40 44 
0.639
9
72 7 125 34 127 43 98 8 117 
1.342
8
17 23 57 11 46 36 73 82 
0.826
8
126 78 58 57 91 95 7 111 
0.598
8
61 105 107 110 2 38 0 49 
1.016
11
28 29 97 113 131 52 59 31 75 8 116 
2.706
9
126 66 43 50 37 70 108 6 30 
1.355
11
69 42 95 89 128 3 90 124 82 37 96 
1.641
7
73 126 5 38 70 3 63 
0.527
11
65 130 60 22 55 63 17 89 107 72 92 
2.715
9
26 97 50 8 40 20 64 3 10 
0.864
6
41 44 107 131 3 99 
0.431
11
31 4 21 56 16 48 81 72 95 85 102 
1.307
9
82 78 44 89 95 1 19 16 60 
1.928
10
11 42 44 15 17 80 86 82 10 126 
1.419
9
10 132 127 18 47 75 129 94 131 
1.047
8
71 97 10 80 121 103 2 29 
0.925
10
77 22 42 31 41 56 104 29 75 99 
0.933
11
82 92 112 5 104 37 88 13 8 105 130 
1.24
9
71 80 4 53 124 70 132 20 89 
0.894
11
32 27 2 0 54 53 111 20 67 55 106 
1.828
10
20 74 88 31 62 1 24 83 12 81 
1.139
9
60 69 41 36 78 132 89 10 42 
1.395
10
62 43 48 68 34 44 50 131 5 130 
1.867
10
46 84 92 44 33 118 34 85 0 105 
1.148
11
6 37 54 126 2 31 35 70 62 78 92 
1.38
9
27 69 114 67 123 117 11 32 51 
1.537
10
115 64 101 49 107 118 71 19 56 66 
1.4
7
70 27 42 111 123 40 121 
0.777
7
58 55 114 127 73 3 28 
0.783
13
22 97 132 91 45 78 86 105 92 21 106 4 74 
1.59
12
42 101 0 95 107 44 3 117 35 97 25 62 
2.849
9
106 65 23 129 57 36 43 22 44 
1.142
12
125 28 94 114 77 43 23 50 30 32 52 112 
2.139
9
120 86 93 129 99 75 68 26 47 
1.116
9
124 62 108 57 0 71 114 22 54 
1.404
7
105 128 48 77 120 40 107 
0.516
9
50 65 13 18 44 43 132 74 99 
0.981
10
41 12 23 132 114 53 76 118 7 117 
1.319
14
120 57 108 2 4 103 46 45 30 55 97 73 65 130 
4.006
9
80 91 59 94 107 69 118 5 55 
1.34
10
90 119 105 126 63 33 34 29 4 6 
1.774
9
28 71 85 115 8 100 56 24 30 
1.274
