8
80 120 44 113 34 114 1 121 
0.834
9
85 92 45 24 60 106 50 96 108 
0.012
11
91 101 103 45 124 51 32 7 16 52 72 
0.698
9
24 74 40 17 6 46 79 5 18 
1.052
10
46 67 97 43 103 80 74 110 17 88 
1.77
7
30 88 45 114 73 80 82 
0.012
8
65 83 112 81 109 23 40 47 
0.882
9
90 88 84 16 82 12 79 13 26 
0.296
13
40 71 46 25 32 131 23 30 34 115 65 22 100 
1.067
9
41 88 13 126 97 40 47 9 50 
0.161
8
5 112 94 3 25 64 14 81 
0.221
11
58 119 95 103 27 101 6 12 102 20 94 
1.057
10
58 127 90 41 4 45 28 60 2 47 
0.955
7
38 46 76 1 89 6 59 
0.537
7
44 105 18 25 58 17 34 
0.174
8
31 82 65 126 125 48 2 124 
0.714
7
82 76 71 74 122 47 116 
0.526
7
40 109 10 69 13 20 94 
0.579
10
90 10 64 0 43 60 6 47 3 99 
0.974
8
6 34 69 126 47 97 111 51 
0.012
8
16 50 48 91 14 68 7 62 
0.894
8
57 45 58 132 26 120 8 109 
0.863
11
13 19 130 88 7 64 15 54 51 49 68 
0.013
9
102 109 116 36 21 22 114 7 125 
0.231
8
72 130 124 80 82 41 83 37 
0.013
9
104 22 131 85 8 28 119 1 101 
0.616
11
129 40 94 36 119 89 75 78 62 8 24 
0.312
7
80 49 66 50 53 39 44 
0.262
8
64 13 109 83 86 87 126 117 
0.012
9
85 44 26 114 17 57 42 33 76 
0.209
12
80 66 77 106 45 24 32 48 130 53 20 123 
0.956
12
45 85 59 67 12 13 84 1 16 104 90 99 
0.662
9
98 65 100 4 121 132 27 31 122 
0.825
8
85 22 28 54 80 123 14 109 
0.111
10
116 6 48 16 3 102 40 114 7 34 
0.915
9
122 22 64 77 90 117 99 85 94 
0.161
9
125 74 18 98 121 105 107 103 112 
0.158
11
63 73 79 49 127 19 75 2 61 27 113 
1.15
8
119 121 109 111 19 124 8 61 
0.384
9
93 70 11 115 51 82 53 55 76 
0.012
11
55 78 39 69 127 50 72 131 60 23 79 
0.885
9
108 117 121 22 84 115 94 96 131 
0.162
9
67 54 59 31 129 70 49 24 116 
1.11
7
85 47 56 72 120 11 118 
0.675
8
47 24 2 37 14 31 74 125 
0.447
10
104 92 47 76 83 69 35 119 6 71 
0.522
9
68 30 58 93 70 0 41 66 85 
1.151
8
103 44 109 50 82 81 79 80 
0.533
7
114 55 91 52 71 6 80 
0.783
11
29 94 48 127 56 112 32 18 42 4 129 
1.286
9
67 57 112 130 1 44 128 18 62 
0.16
9
108 93 120 89 28 129 4 66 104 
0.012
8
71 74 79 41 11 42 4 23 
0.86
11
97 117 127 10 124 12 72 17 77 104 122 
0.402
9
128 73 106 88 78 28 30 1 4 
0.828
9
118 105 31 61 51 48 35 130 101 
0.011
7
30 53 13 38 129 19 59 
0.275
7
31 46 101 104 58 40 44 
0.381
9
72 7 125 34 127 43 98 8 117 
0.514
8
46 36 11 17 23 57 73 82 
0.12
8
126 78 58 57 91 95 7 111 
0.656
8
61 105 107 110 2 38 0 49 
0.3
11
28 52 8 66 75 27 31 29 113 131 97 
0.014
9
126 66 43 50 37 70 108 6 30 
0.887
11
95 128 89 37 3 69 82 90 124 96 42 
0.013
7
73 126 5 38 70 3 63 
0.714
11
65 130 60 22 55 63 17 89 107 72 92 
1.255
9
26 97 50 8 40 20 64 3 10 
0.394
6
41 44 107 131 3 99 
0.46
11
31 4 21 56 16 48 81 72 95 85 102 
0.623
9
82 78 44 89 95 1 19 16 60 
1.521
10
11 42 44 15 17 80 86 82 10 126 
0.832
9
10 132 127 18 47 75 129 94 131 
0.426
8
71 97 10 80 121 103 2 29 
0.298
10
77 22 42 31 41 56 104 29 75 99 
0.981
11
82 92 112 5 104 37 88 13 8 105 130 
1.086
9
71 80 20 132 4 70 89 53 124 
0.012
11
32 27 2 0 54 53 111 20 67 55 106 
0.456
10
20 74 88 31 62 1 24 83 12 81 
0.675
9
41 36 78 89 42 60 132 10 69 
0.014
10
62 34 43 44 50 131 48 68 5 130 
0.868
10
92 44 84 33 105 118 34 85 46 39 
0.012
11
6 37 54 126 2 31 35 70 62 78 92 
0.506
9
27 69 67 114 123 121 51 117 105 
0.014
10
115 64 101 49 107 118 71 19 56 66 
0.539
7
70 27 42 111 123 40 121 
0.223
7
58 55 114 127 73 3 28 
0.366
13
22 97 132 91 45 78 86 105 92 21 106 4 74 
0.705
12
42 101 0 95 107 44 3 117 35 97 25 62 
1.692
9
106 129 23 22 36 65 43 57 86 
0.013
12
43 23 50 30 32 125 28 94 114 77 52 112 
0.413
9
120 86 93 129 99 75 68 26 47 
0.831
9
124 62 108 57 0 71 114 22 54 
0.507
7
105 128 48 77 120 40 107 
0.282
9
50 13 65 74 132 44 18 43 99 
0.013
10
41 12 23 132 114 53 76 118 7 117 
0.511
14
73 4 103 46 45 30 55 97 120 57 108 2 65 130 
0.847
9
80 91 59 94 107 69 118 5 55 
0.335
10
119 90 63 126 105 33 65 34 29 4 
0.013
9
28 71 85 115 8 100 56 24 30 
0.748
