24
11078 9479 11115 10240 14422 8001 12510 15157 10051 3355 1020 16265 2180 9255 966 7975 2182 10583 366 7659 5031 4139 3079 8966 
299.62
22
12589 4107 6226 16952 4448 10258 17372 3076 3148 5750 14837 5724 1802 13206 4690 3993 8012 9672 5124 5825 4234 5448 
238.466
22
14326 2320 986 15967 16483 9861 7744 4032 1335 132 956 15273 14411 5403 3880 6344 8211 2981 4100 15196 365 11880 
266.351
27
16880 15245 2336 11962 5732 11945 875 10481 11657 3164 16055 11688 11840 13423 5349 4582 16414 5651 12845 16711 5930 4573 17573 6665 8688 4273 13296 
340.347
28
8764 5154 8953 8723 10984 5158 12269 2594 7308 3329 7535 1314 10024 1416 13724 8664 6831 6629 1379 555 877 10166 9971 2213 8361 7570 6018 16578 
280.546
32
13268 13446 11596 15717 2226 11003 2935 6366 7456 1376 9552 7399 10479 2161 12940 8453 16907 4322 17088 9932 15747 5157 12249 17364 8143 2572 14734 5279 8403 6070 8400 13837 
701.537
23
1296 15201 7726 2445 2465 12902 11898 12485 6836 10082 16581 12649 17139 14646 16041 8485 3722 3030 5555 11329 15786 2674 5669 
297.285
28
11076 6553 9863 3871 11602 12460 11040 16538 17476 11915 7989 2855 5494 15058 5049 7462 5510 8859 876 8389 13300 9257 11247 2507 3253 5131 805 9684 
352.225
29
8478 12769 5015 7617 5389 5804 2261 17101 6229 4737 5968 12665 15257 314 1702 4544 8699 449 13582 2330 3383 3540 16005 14417 4364 918 4368 2990 3154 
329.15
24
1089 16082 14552 16911 14171 12404 6679 4059 15525 2979 120 2442 14549 16502 5590 6522 1150 6061 16441 12143 9876 14689 130 5440 
296.285
27
6036 15399 2768 10688 12384 9037 3392 9284 8430 8519 10848 15164 2874 10089 9539 14302 1926 6285 1921 16332 15355 3156 16493 3095 12131 6818 8159 
324.011
17
8721 5914 12294 11707 451 6377 17549 15380 5023 5086 10629 15411 7598 1950 297 9031 11895 
255.255
24
17005 16213 13337 16868 14727 6532 6232 11020 17695 3433 8324 8764 4931 6870 3552 7962 15327 15457 3416 13378 10954 4397 7189 12621 
278.689
26
2522 3868 11231 15327 9349 14948 993 10272 10496 14051 4061 7472 12007 3699 7155 5298 6357 15296 11469 12210 13285 7984 13571 482 1951 8422 
367.259
21
14593 528 9357 4895 17121 3396 15315 14373 6635 13004 12030 17357 17661 3773 971 9557 9838 10589 13032 94 5091 
285.068
27
11497 3682 11887 10638 8466 9723 16711 2246 15445 11724 17688 15758 9122 9741 5944 6438 16696 9711 8654 3843 10890 15572 3027 11937 7821 1202 1278 
286.947
25
8761 4597 101 2159 17660 441 9814 4460 4588 11943 10299 5096 11415 10943 13572 13141 13407 15404 10414 15758 1080 11806 9011 1508 12383 
417.511
21
8831 10383 17126 13504 1490 3833 13425 9981 1623 6786 5806 360 15792 426 15036 8354 2313 6620 3056 2555 4190 
282.402
21
4458 14116 9665 5888 13435 15016 13926 16970 12301 16296 722 11193 5662 3170 9995 14404 15075 17374 9251 10401 10410 
304.148
22
726 6196 16057 7602 13611 6097 2366 3461 11059 3215 9333 665 15344 6650 4471 9901 6490 17578 10852 14035 19 8407 
274.022
25
2944 4222 13116 9516 4702 10971 5613 16715 783 10429 10201 13859 4044 779 13288 12478 15242 4258 15878 6173 13791 3397 13867 762 1445 
339.502
25
1899 15784 7416 10500 7445 4529 13724 16570 14493 7392 15222 913 5227 17258 17267 17287 8467 11399 15213 15676 11257 8653 1092 2235 14917 
358.152
22
5031 12214 17586 769 3651 5944 17556 3597 11814 11878 2938 13862 14114 5470 17296 17126 9238 4630 11877 11485 1329 15771 
261.884
26
4868 395 12176 4073 14455 3689 7858 8445 17132 2335 917 15590 10570 3814 13851 3047 13970 121 3784 790 16296 8127 9218 4422 9815 11368 
334.969
18
17319 7483 11023 8972 15738 7072 17344 8808 8633 15718 1505 1910 44 9775 4447 12687 641 10335 
263.738
20
6088 7537 1679 15311 13847 15723 4064 215 2596 5692 12236 2067 9595 14873 2152 13873 1393 4518 339 8151 
308.567
23
2287 16210 11405 13647 12154 7464 6301 390 14353 2071 13337 16972 6962 13456 16651 16402 15801 7998 12828 11170 14604 4878 8708 
283.344
25
2168 10826 12809 1267 2122 17749 9713 10097 13175 16269 5516 5914 14303 11772 15189 9420 30 13498 11352 2787 10056 847 12791 583 5837 
480.475
25
4630 1362 6776 15059 6310 5461 4963 4158 12609 12517 7353 12331 11844 1450 7438 8270 5169 12699 1561 2981 3206 3892 10370 4762 13561 
339.76
25
16053 4438 6426 10940 3218 1516 8826 17608 4406 12511 7778 13260 5987 1800 12089 15676 749 4444 10689 5724 15932 15830 9715 9451 16689 
334.135
20
1973 3797 4727 17119 15358 4623 7464 8503 6741 16404 13414 5696 4363 14604 5934 16906 3775 6132 2081 15013 
249.497
25
11999 16437 17549 12656 16533 12286 13356 6482 4498 17762 3069 17668 11309 16206 11099 13239 13536 3824 11035 1433 2087 14742 12000 970 9236 
251.695
31
1284 13713 12543 17399 7491 1655 15338 15594 8469 15801 11657 11651 11745 6085 16081 14657 11145 8891 17220 6986 7448 12980 3382 7908 4394 14258 2578 13627 9113 7808 8956 
317.609
27
10715 14102 13660 15786 14656 6399 16602 10625 8143 16896 13991 8201 7648 16136 8100 4567 13474 17525 9920 11169 10806 9874 7498 16534 5630 6599 11306 
367.054
19
7770 7847 11306 13381 4035 7067 5019 15078 17690 15157 1607 6876 12799 5147 12963 14656 8366 1525 1558 
254.759
26
6808 4012 11626 2042 9517 6442 1008 15747 10496 11353 7744 10700 7830 10971 8532 4238 5896 17211 3079 5992 2560 3626 7552 9210 850 12728 
364.134
19
17056 11047 11612 9591 15614 5722 16535 2795 420 9804 17272 17766 14258 3985 10038 14457 14294 1625 5164 
211.881
19
11765 16046 12585 4101 4641 17767 8353 9676 1839 11494 14542 15596 5870 3148 14977 11762 4003 1256 1927 
264.224
29
1339 15635 12509 17338 2324 14478 17589 13758 5386 916 5085 16229 12109 10889 13245 10335 6341 5114 535 5656 6236 12651 10761 2417 12158 11658 15712 2696 11807 
338.735
25
16070 300 5222 15406 7895 10054 9503 8137 4804 1234 5165 11580 1764 2521 5020 6209 741 8766 455 7264 7505 17356 10719 242 10126 
337.018
26
1690 11636 2821 4586 6643 1403 10125 11055 17192 9882 6458 5015 13537 13097 11273 3277 17477 2589 4460 4590 3159 7094 10129 10595 1102 17225 
449.214
21
2830 13082 1131 7266 12429 6444 13229 6672 10678 14220 228 3683 7618 10702 6253 9358 15957 8472 13986 7716 15403 
271.604
19
6601 12716 11871 16660 12005 12861 16823 10948 14316 15518 2209 7671 2665 11798 6271 16646 2182 2876 10171 
247.002
31
16584 5711 8131 3937 13580 8125 10656 11696 9537 4517 47 8306 6849 14970 5674 4976 7167 1632 10834 5107 8123 3281 13878 13246 8393 4740 6021 12039 6053 5187 6028 
463.133
22
15518 14707 6196 10128 7643 59 14238 13302 9177 15291 17167 12066 349 1030 4049 11316 4708 677 12697 4886 191 15789 
321.489
21
8389 328 4186 2299 8610 6981 11975 354 17658 1247 11041 1821 249 16679 6062 11308 14103 8742 2934 4249 17134 
294.725
27
1114 14196 14568 15690 11778 16072 1767 6973 3094 3747 3983 1914 14388 1471 12598 15109 6083 12382 1629 4899 3178 11007 1051 16810 2232 5336 9691 
382.644
24
16198 7162 1096 14548 16950 10225 7768 17585 13056 657 7260 12052 11991 10526 15935 17740 319 8071 2169 16259 1973 8072 11691 13920 
347.847
24
6108 15480 4242 14117 2846 9909 14050 875 13541 15947 5798 14574 10570 14552 8977 10445 10964 17220 17408 14792 4078 17171 220 14470 
406.244
25
8610 2234 16176 3337 9141 10507 10363 7784 11457 10248 17434 7395 1862 6417 17280 8698 3566 12969 10133 10715 5162 7807 7347 796 12237 
269.622
26
3856 7617 4056 7935 12680 1768 3285 7586 5369 2890 273 16812 12701 1082 10253 12907 9805 6672 13259 16163 1572 2310 8100 9550 1918 17266 
361.301
23
13230 9560 16324 13708 7413 9287 3431 15395 2019 14498 5327 2063 8271 7953 15962 15976 782 5012 14456 14788 6674 243 2190 
352.67
18
12894 12380 4510 12316 2373 10060 10840 8852 4586 16447 8285 13228 1514 3468 14312 11034 1869 13491 
178.648
24
7960 10937 171 1250 15002 4160 10289 11947 7479 13901 2106 14794 15190 1780 469 15831 4082 6302 1132 10760 14464 1804 8333 16536 
400.794
26
3943 17163 8520 10858 16472 8351 14783 6393 14076 1557 13516 4032 9799 15747 12551 10062 13885 7977 8316 14310 17781 1933 12643 6828 8211 11970 
289.911
28
5455 15339 3206 3846 1606 846 11240 6557 1838 16756 7783 5928 14989 15767 4426 13467 490 5527 2814 17605 9083 16083 6886 14551 9592 5149 798 7612 
397.94
27
16414 12873 14881 7477 12833 13785 12429 5635 15380 13026 13617 11858 17169 10082 2779 4347 14760 224 5670 1139 10517 15507 7932 9420 1678 126 2559 
355.423
21
8821 14927 16884 5503 15524 8188 12741 17149 6365 10492 373 2338 8104 3602 13265 13629 16019 8740 13296 623 1943 
222.623
23
3352 6213 5277 1524 9280 11739 16112 7027 5748 3192 13202 7920 7222 1633 3166 11968 13630 1267 5210 9321 8669 9555 10579 
263.873
22
2536 7306 6683 3199 1307 860 12636 6844 9628 12923 16258 14830 2462 5452 13716 1662 14200 14986 5208 15618 10418 12358 
316.739
20
16462 16528 12003 9525 6042 16069 14082 5388 10078 11634 9566 4086 12162 9261 11818 4891 6299 10636 60 2577 
269.664
26
9368 7426 8376 3358 1504 3884 5675 15992 13721 4244 14945 13528 6655 12197 13403 12675 1436 9621 9971 3378 10825 7754 115 12417 779 2944 
314.028
24
14133 3866 7261 16 4538 6512 566 983 2736 17424 16758 839 13964 3589 5625 11044 17340 15283 14511 999 16852 13780 1619 7848 
406.534
24
1838 7121 2915 2636 16525 1590 5359 7758 7283 13027 17334 5115 5773 1301 10157 1062 12998 7335 11244 7093 9632 7198 3539 5725 
327.222
24
8651 17691 4821 1186 2225 8804 13922 6220 13934 9088 16528 12926 9921 14553 6219 1432 4477 6731 6821 11026 6629 7648 1532 8619 
385.234
24
10091 9325 7530 6598 17793 8621 16735 6463 6496 878 15668 1968 8687 4 1082 7349 12533 3796 3908 5283 7265 12275 3516 8388 
298.933
22
3251 6452 16470 8299 750 13419 8088 6648 14000 11402 15603 4096 4933 6097 7770 1129 12733 795 4764 16960 12325 16232 
274.807
21
16361 10378 7556 1358 16114 6367 16946 15378 6408 11194 4638 11842 17625 2450 10450 4685 12899 15121 14227 13856 15323 
221.541
20
4542 8272 15127 4791 16970 14489 10940 2495 15858 4848 11871 9569 5742 7582 16445 15558 3236 9751 473 12879 
307.711
24
16767 327 6884 3563 8580 920 12587 11754 323 10568 6830 13962 12765 2337 17723 10182 17151 16660 15193 14439 15189 6901 146 2274 
362.794
25
4758 14239 11928 2813 4460 14511 5046 1983 17098 6974 12771 2452 2036 16438 14573 9145 9941 2573 15938 5411 5506 8318 12540 2693 12601 
230.168
19
4344 11032 16730 11981 8771 866 11168 1900 5629 7388 9534 11803 12235 13796 982 4939 6963 26 12923 
264.797
32
5912 15824 9081 9920 16763 3677 11704 16954 2791 4008 5885 1284 16140 14072 17372 7110 16775 77 13938 10963 5812 16248 1065 12513 11252 16583 14174 9532 14981 16609 950 8432 
481.751
25
5060 17152 13273 660 15480 12752 4913 12917 1119 8202 16247 1624 12643 7897 3195 9569 9375 10904 11629 11202 12057 16256 13557 779 14181 
489.355
24
6726 15780 17214 16781 3502 16652 707 8845 2425 1272 15056 4184 996 12809 14465 2150 3775 10069 5550 6821 3681 11201 217 11109 
281.345
32
9979 14745 12574 8059 216 10402 1896 6533 10521 11097 10399 14352 17588 12101 1670 12639 7505 1569 8903 13473 13676 3648 17429 9201 3504 1583 5636 7909 7436 6445 1495 1554 
402.092
26
6407 9054 13850 16088 12091 12228 3304 14626 8504 1375 8828 8396 10524 6650 12341 4699 1706 16837 5190 1893 13260 9255 4165 8203 9586 10810 
372.975
17
16804 9625 7154 5098 5031 8824 16601 12912 12714 7101 11949 13204 5405 2298 14670 3581 4414 
238.211
26
16476 8915 13373 11975 17530 14192 13994 15136 8673 10001 4938 11513 7203 17382 14372 4768 16573 15845 4771 5608 4867 3024 7481 8217 3828 16733 
312.473
28
3076 11014 10471 1515 7586 10695 3350 15565 6819 17744 2993 6008 15003 15548 243 1478 8928 11601 7216 4286 4111 1606 8170 5299 10513 3029 3018 3290 
325.952
23
13584 915 17660 4395 11512 11720 11350 2459 12051 5768 16967 8299 6838 13070 6064 7860 13066 13416 8454 9431 5001 8265 16705 
284.438
23
14897 5439 14440 3384 7528 5496 9493 11393 11481 1896 10120 12444 13934 34 7105 10431 1912 14732 16487 5543 4469 304 14598 
348.956
23
14842 10222 2658 17433 716 17525 9677 17284 10629 6131 10802 11413 1337 6530 16953 331 1725 5160 7715 16195 17666 1626 10259 
306.005
21
6812 12290 17162 4507 7010 14054 7748 4935 14561 16183 14574 13930 15396 1466 10263 434 15892 11071 16267 9298 11266 
271.624
18
17491 603 10432 4799 1764 11701 14986 15318 2495 217 2415 11900 3753 8524 13708 12384 769 17671 
235.721
26
319 7826 11727 8518 9029 178 14260 5890 7507 17057 17225 13806 5933 14580 15146 2733 11400 13938 13910 10809 8400 10815 16194 15324 4038 13539 
315.648
23
5749 5494 13107 1762 13166 5577 9836 17123 11691 10535 13197 3887 7311 16092 1582 2491 13254 17144 7779 2383 1982 7591 16078 
252.999
26
5668 4657 6197 8350 5327 5109 1110 1202 3265 15808 12541 4373 11986 8272 16345 237 16320 13854 5172 947 13735 10553 14387 12516 5475 17103 
398.761
27
2658 7692 12640 17510 14704 6101 13309 209 1858 15013 15165 8249 8012 16022 9714 15565 2512 8514 16214 10646 5663 14899 1763 10002 5726 17022 17420 
373.346
26
17427 3708 4388 9181 5556 8333 14336 9101 13865 2340 2878 9769 13651 5085 10485 3830 6845 9374 1401 8305 15450 1080 17182 1741 3653 7994 
267.602
24
11273 13117 14219 7185 16429 6610 3439 1880 11768 11150 14141 11596 7681 17372 8078 8829 10539 10816 15088 9706 12374 15973 435 10458 
347.579
25
2443 7360 11484 16785 7737 1956 7373 7463 9451 3559 11709 3587 15608 16862 13372 4090 417 16606 4330 9316 15610 979 6165 2161 17352 
352.683
23
6525 6948 10796 4547 13646 7887 16897 11084 17024 13571 14719 8353 17270 7391 7050 5567 10581 6996 8382 11799 2372 3055 3214 
310.168
20
5272 12480 2992 14990 11334 16364 6233 13975 15178 1066 14359 3041 9948 15430 5516 6156 13264 14527 6608 13240 
274.932
21
12845 16136 16916 8099 7331 15153 3389 8583 5238 2037 2383 14420 774 7169 17070 10994 14056 15851 5837 449 4724 
264.48
17
5991 3682 7552 6039 8977 16679 6361 17600 15484 6106 14545 5574 4358 10578 10826 6621 8222 
233.095
22
1419 17685 12452 319 7923 988 11520 4867 2883 14883 10106 17174 5121 12511 16256 15213 1005 5794 5389 10748 3595 10567 
276.886
23
693 17604 6820 3705 15198 15278 597 1859 12321 16499 4000 10790 1995 15425 10028 16938 4817 10509 5635 16504 11395 8383 17225 
345.201
23
15671 11675 16358 15923 183 13341 16483 14885 898 6002 14607 13448 1313 2126 6993 10392 13731 866 3470 15963 10535 1324 7907 
371.313
24
13080 3053 3480 16226 13324 2580 2214 8924 5487 11945 12308 15209 3471 5508 10777 9716 13175 12633 14049 1323 17466 7179 5330 14217 
283.261
