28
89889 36965 28970 41713 105967 176646 11900 54851 122292 78038 6627 56802 174341 22684 17675 169897 82518 964 135918 165550 92390 128775 137125 91435 18460 84377 92140 153833 
16.462
51
145970 118394 56291 158091 128262 101025 135366 79080 106890 102401 58625 123402 11013 153980 147098 105864 124340 67456 91689 119450 120967 44001 65066 89117 73453 134084 52622 92986 153358 113158 132428 117567 79584 132708 131619 66145 42346 154865 69081 164804 67199 152548 63193 42622 131215 38580 82223 173117 93470 74574 161306 
17.991
34
127404 53275 59408 6112 94391 54280 10054 148520 74163 85632 73673 63595 13525 174591 38162 19270 138065 123131 783 43174 18901 54436 94917 170294 147854 154088 163024 78049 87246 97687 36860 129050 61539 89167 
23.905
36
66690 46485 160367 153362 62715 122514 158891 103894 28512 26550 104700 137356 146047 172026 111089 60450 75087 55127 80448 51899 36471 142401 13723 115893 151744 84808 1577 46685 108685 71454 13234 18036 12150 73985 789 31842 
16.708
37
176150 97953 22318 20018 140356 141526 106126 146092 112000 37220 136257 40073 133123 172816 96488 93762 158184 111031 68054 14177 16239 17762 172282 148464 72009 136979 54113 75698 168900 145178 23477 146550 116588 124091 4325 106539 122199 
15.795
39
46729 78792 155839 71852 115726 146540 50190 131370 45903 10419 36512 81799 8650 136802 162496 90639 151202 157703 44974 19506 113098 16693 170194 24297 141821 29451 9288 41282 37619 162631 145635 90718 142096 70621 54544 26914 140952 3378 81237 
17.784
41
132934 45337 69327 154694 6108 40657 125027 155417 4912 113441 65823 75375 163157 72560 156526 139425 119299 16664 164999 120926 39360 165957 120901 78760 80314 162238 78901 121688 30904 138587 136557 26550 28968 55578 36117 123503 152046 86540 114942 137620 138184 
16.42
33
20794 171686 130067 109533 22670 150251 88240 114308 45743 121308 100269 127502 157063 83255 30885 172648 66859 105511 52602 50358 60449 75645 24687 26838 57286 31455 14456 113036 106406 3455 99144 77044 151699 
22.151
35
123181 98240 64510 87993 174113 91702 38320 168132 147611 136092 148499 73287 100098 125903 37193 59033 127959 2922 164587 116487 82786 74892 53176 23418 65112 146128 39630 177612 108170 19775 41608 8075 132783 3381 126748 
18.353
48
87997 19290 53419 102390 4215 14270 38691 165351 60324 137019 116274 18651 109589 50052 76303 126627 37284 95975 142057 51452 6220 177806 164520 39190 118819 63175 165685 81004 57725 10743 24292 28917 155973 130288 82113 14438 174998 172836 101109 160564 30116 50189 27938 132888 97823 90661 50438 139469 
15.831
43
83835 159935 124023 5335 144476 117890 154379 153395 68974 149629 98198 122549 101980 59721 84981 74328 165974 166453 68720 131175 69335 22874 67760 54948 61996 118938 115973 40952 65711 165598 25643 119893 62607 140843 54155 5759 115844 176457 142704 30362 39417 45490 106334 
17.847
34
13912 133171 108073 14478 45142 123962 161846 24493 19100 7701 31988 136843 73789 58483 15355 143472 19161 167473 61781 152017 142119 190 28591 94669 77810 77491 141467 38900 93460 77997 82262 2073 137103 141428 
16.064
41
82519 66305 74114 56263 58766 72799 164444 126750 87257 105092 105823 68199 8548 135600 61786 53045 36087 20338 80632 170486 141836 35827 120865 113603 117854 172348 164823 28148 153434 109603 31991 31635 130336 12767 127133 131155 107067 26931 174972 151660 156335 
18.092
41
28014 130210 129706 140811 116503 61677 76451 72288 2862 3379 108852 111769 6271 64917 146206 21881 40524 107705 56765 151004 113785 9288 79937 37576 154193 7798 127647 170172 23704 35305 40213 151353 15059 51542 11307 26170 8565 6557 9108 35142 52519 
15.111
33
27869 133391 85659 29637 13362 32464 154226 62608 159271 71807 113153 141047 34064 45293 25392 21801 60371 119882 74388 109680 105685 108312 164397 26185 113818 70866 70145 51531 72591 124945 53618 81777 88264 
15.785
37
110285 156154 17311 2720 170684 70144 143554 3465 101290 22389 35018 170742 90374 24507 74904 112161 48521 45639 2323 64768 30073 62398 9184 106250 74692 104504 103793 36039 141205 13104 106902 51824 28409 120402 53178 163984 171823 
17.911
38
133367 175047 20617 113361 126676 19679 108735 148209 92277 156925 149020 97246 114863 72842 709 86212 22397 136983 111017 120118 30996 8547 15442 8419 89919 162581 85001 154772 92931 24877 14434 85893 41345 129875 64029 52748 34817 132040 
18.988
45
171865 162871 62660 11092 24524 18018 115370 159318 151465 143740 12743 50584 56366 109018 41613 69574 34812 162927 173789 109975 155198 62395 62598 157923 2227 131607 155546 141439 94357 40492 79139 148184 147666 98794 134790 22992 165323 69290 110787 78221 141301 73967 165788 108521 117544 
16.368
35
163379 156983 149420 128775 64903 65790 94383 66986 29279 53069 110894 169717 130656 177756 157413 101595 103245 93417 11034 175459 145501 159300 3585 120852 96340 136189 80576 111943 93990 11409 129455 168935 46244 148277 150567 
23.432
42
16132 93197 9662 153647 120619 104656 163391 44748 13496 111808 21123 54325 14854 121940 122463 96546 104889 44237 73500 19826 39994 17581 73962 39695 397 132903 135910 23871 2242 174144 109351 1509 41689 116114 153990 35979 29156 149159 147404 72059 87464 163707 
20.742
43
65113 157294 163106 23512 28533 27110 163533 95176 143610 74563 93977 64418 28506 100347 64267 16411 114548 128115 134319 34659 129370 93745 92025 151595 170173 73682 97643 46536 177818 156407 19051 67675 82746 18839 633 54919 108141 45046 174075 25098 126090 4071 91168 
21.45
45
142465 175219 125465 86831 48856 34028 29023 12766 154356 95065 27875 153497 45336 14556 164543 88321 167594 40281 124718 15312 131128 111622 131034 63087 42375 162687 55096 26643 2343 5900 147697 93964 134098 151254 67678 149871 131858 177041 13188 117533 22245 107564 132449 12453 9654 
14.808
32
89979 74806 101988 164755 60927 43844 126882 146807 40531 126422 87067 34987 79558 177905 117602 162883 157916 115148 72431 9103 42596 77559 91790 133390 100821 6855 34647 56900 82612 158516 34326 49538 
22.301
50
22933 133316 63969 155465 157961 80579 5224 136775 46296 134931 55435 14534 129005 49006 120082 75264 10017 88005 111445 72146 82745 118965 44841 168951 84835 92018 6300 10035 23980 114446 90154 56192 46717 167550 151565 74827 65177 113294 30293 74580 2059 41931 37389 93493 59588 156138 12146 144261 30379 128486 
23.216
57
26333 5880 40097 101597 172276 80989 27033 45565 156676 92095 124424 173821 69829 160687 116111 113619 115593 98889 113026 109089 160386 86125 143093 24014 64472 140858 117887 62281 32350 37740 112435 76667 175886 73679 128493 174040 170012 71678 127109 13338 68412 147862 38305 90309 145713 169416 174963 114492 96506 153855 147387 140277 2579 129068 99123 17804 27317 
14.456
39
136213 41185 131943 30278 62111 57978 173449 146350 132046 66983 130357 165503 109568 18433 158528 126946 16901 37517 153884 61657 163535 137348 124374 50943 72184 61450 147856 155915 98054 2036 177526 16297 90424 88681 9061 20424 139304 82588 145994 
20.795
45
80327 37349 133045 4937 57720 122287 74648 89420 148210 12599 110748 149237 8575 124341 59112 173700 135904 126017 146846 46539 60131 72628 121029 42923 175963 144523 101542 86950 75817 27670 165243 108764 92703 36846 140400 86215 143008 87818 32617 4946 7673 126849 11344 105988 116755 
20.813
41
46392 135832 58212 138308 34808 155910 72442 49967 57731 45701 100233 111250 37369 94846 106786 90100 125489 123021 124447 87795 130266 86121 134053 136840 143802 36002 111655 70813 3364 38277 123958 27855 127702 110270 89819 60820 68208 127018 167710 11196 91223 
19.307
39
97486 7485 26412 81655 52181 8704 46138 45414 2519 28702 93370 96882 148999 172348 177820 35077 44125 167692 28645 160849 130566 124833 37693 17457 91992 133758 8902 48530 120710 172050 174829 101750 163993 143910 115172 85695 166875 92314 144193 
17.455
36
107360 15839 126843 14711 150676 51551 136645 175879 36508 85887 114123 125330 54079 9722 131991 123982 167700 52477 102505 93409 140682 80078 89429 63098 153108 59414 140492 103422 104039 136721 22292 176976 59363 9502 68304 62632 
14.824
33
1823 37874 142877 148742 166725 85863 135536 127963 152373 77832 174925 106155 82295 35459 73563 149648 176154 164618 116301 30185 14942 109860 2537 50981 82248 135064 24226 100570 52245 113038 132261 93019 99260 
16.569
48
119955 157979 80809 43435 50893 11950 160134 68699 105276 173341 55066 15317 160753 57334 54710 157550 28806 138922 44150 177016 3271 101344 16492 170933 141105 169324 160409 129469 139332 37142 136870 124031 78397 94126 139139 6963 79047 60939 152473 84179 23028 117141 126099 129489 66902 43693 147705 152030 
14.081
42
148792 4356 147085 138280 146214 73040 164552 110686 27401 126263 28795 52080 168436 11645 1888 91595 110705 87049 109631 151802 4873 124898 75168 136473 42761 129757 13493 39594 105555 86234 47604 25152 74425 36780 153735 166370 166954 4020 52790 9791 83072 133042 
17.136
37
161353 103091 109609 170799 125280 41096 111123 86384 92618 68028 32227 151830 36399 176413 100884 35315 109772 62855 35010 24827 169170 166307 17470 78654 37842 58177 83188 143230 114840 106518 60941 68998 81346 169450 94706 58952 143540 
17.385
40
128905 100745 164034 80780 141243 150915 172398 130548 112587 169008 61951 173498 144997 38627 71205 78146 62707 134342 57490 41909 6663 3678 54362 13971 175367 116381 3601 130971 11697 93924 113988 124087 140859 150309 83089 150381 3257 154764 137514 140417 
17.386
41
73089 52914 137086 126400 9397 10402 110942 42576 149199 91079 171139 40092 114979 52518 23208 51788 17289 145705 104517 21552 108201 59344 38196 145564 48002 58159 46123 10436 107738 122818 143015 50064 74044 121624 148631 145178 26369 59024 85235 22729 111805 
16.053
38
108370 30267 149491 102448 9067 164325 101764 124023 104371 72568 93283 140670 125141 58211 35075 128029 105054 85554 71773 169831 21445 25062 83064 50271 177887 65693 100757 48924 160611 59640 165079 168356 30293 95690 26889 73764 138681 155378 
16.484
39
127093 169863 153450 10483 139640 210 128848 162221 79721 116894 96347 67297 95467 79030 168236 158571 51033 64171 91140 139659 120858 147841 87527 53650 49341 72551 146777 75041 88545 127004 101031 10697 75268 177118 53307 75784 119091 140328 53632 
14.834
43
73832 95607 65286 144594 132840 63405 110956 159220 151047 132358 33124 155131 67905 42349 34380 57277 124522 38286 127716 103083 876 31900 175002 175267 138732 16782 108789 29110 72325 66900 9919 47808 119067 163645 168991 63245 68837 137726 30183 23172 81779 72930 119996 
14.887
38
173746 104958 17997 170851 133494 128866 64896 59951 104424 151028 104385 83001 32187 169244 137844 22504 41614 130313 131529 65571 45507 90134 125670 20046 106116 145137 168416 26601 119042 149605 42185 134721 171811 168796 63442 90819 32575 44502 
14.92
32
119696 58059 44295 14575 43200 149525 161353 97216 118215 150216 92271 98502 90021 167464 61974 20819 63574 109842 92510 126162 30991 85290 9286 50817 152864 68915 81879 165020 170117 116678 75712 125028 
15.13
33
176886 111717 121104 57942 114848 109158 114625 163550 55615 12958 54781 96095 57649 149840 130674 40013 33346 172319 177326 130781 44475 72384 94552 152510 77569 106310 56796 139213 111080 107288 45179 44403 107856 
22.943
42
84126 172771 7328 67760 78115 174524 118981 24367 30763 115140 67834 72452 160367 122856 48564 123675 24897 41470 108818 82718 38673 77589 94085 28358 53270 94133 169740 70227 115903 115703 42598 128040 108056 167066 9692 99131 169874 171372 33096 76926 87846 127588 
18.034
32
88333 1766 120746 102531 176985 73806 65025 82643 65059 39916 177902 9601 92131 80268 148341 145316 152360 97952 83913 105730 91294 138548 9789 104692 129747 24214 62349 148702 157163 42568 11437 110636 
18.17
38
20077 39988 43126 65796 57618 107914 136764 64939 152004 44696 43003 72761 177610 3702 149942 136964 38076 87890 20900 100365 19670 150046 135342 87442 55072 65798 65173 88841 115389 19665 176317 133817 148596 6906 72020 77017 107061 140797 
17.015
37
71467 48094 115308 158903 125759 174378 85663 45209 115313 63277 151448 160220 13086 107815 91479 175452 149716 174148 61657 57502 27483 46581 26596 160451 102102 81936 127296 53607 18194 103865 85857 160886 86272 166827 160174 29665 168581 
18.672
40
160464 108670 48708 168185 14612 98578 45870 3665 142904 80142 40895 167719 602 138215 85619 135760 110509 36835 91814 100623 58227 25879 155559 70667 130870 11839 8756 14623 6916 77834 171658 57834 10492 11195 169788 137766 167230 130524 29691 112146 
14.53
38
99520 173447 17824 124400 102971 117577 96742 19554 111311 149198 175116 7527 96104 9722 143399 95912 28528 5781 49210 41549 26181 135311 147467 164698 88578 107205 8130 174827 148822 69164 40213 24152 155675 77676 6263 146384 82125 101790 
19.657
39
66689 139181 80251 59500 133358 94674 77748 7943 73324 31016 124358 15020 158244 173162 110894 154875 105087 95904 92776 65306 74182 124348 85900 167615 175093 24104 79616 133196 77145 56200 118733 176014 117896 58926 154763 2681 117078 63861 81207 
16.455
35
150980 552 64634 75646 39184 116773 4665 42569 51817 143280 107237 106726 51634 82299 18154 114152 9123 152498 45285 173257 27438 157785 168056 124642 13515 171380 148025 16481 52949 167487 110030 136017 92255 8890 67060 
17.665
44
27084 51046 106302 7764 132566 37087 126889 88342 87746 69199 13933 146762 48183 59837 75391 72759 161002 40886 120814 40526 25896 107577 66118 42423 81302 1162 65961 161458 88969 100513 164818 28808 138831 87588 133215 17691 154570 22162 19351 60988 107763 118727 116358 123249 
19.192
33
90219 105026 8749 156745 91997 119084 170227 40827 90462 111448 49463 47521 88559 21691 79396 118807 34241 99855 168735 173554 141824 94443 57933 171451 101500 166278 89441 151558 54543 55259 168314 60166 176366 
18.548
42
9254 167773 16317 87058 65765 170083 81782 80260 101626 141745 103185 105786 85832 151137 25002 91176 94094 26065 44642 5467 171245 175324 282 161669 154970 65807 37312 82178 105736 152994 136650 15556 136733 50610 94075 46135 160024 68305 149272 42088 53681 134669 
17.997
32
86705 33099 48335 17482 52882 3904 79663 173173 169711 2422 31296 166100 38096 27701 14736 144777 77464 70683 95456 31637 87652 91490 33233 118081 783 17163 27832 155073 95294 96884 54486 147064 
21.105
35
105247 169059 8147 62050 117349 144508 137051 91076 55695 12089 126759 58452 98307 135458 153500 94660 29636 75420 13714 49528 4278 500 39730 157234 108054 74215 70979 11808 16533 31786 52449 112156 96037 113042 168681 
17.504
38
22250 126086 130310 35921 166461 39133 47364 137988 166973 70687 20048 13058 69156 170454 106129 160399 136895 160553 56705 155187 76013 163201 14584 138797 66529 107942 124559 10789 96336 54317 116360 57357 161485 106985 115304 89640 65913 83938 
17.27
42
93843 69358 133244 66524 118737 91186 23174 108876 4193 14890 99230 43949 58963 52559 42569 123468 134680 154820 19660 18326 37515 57924 37956 125894 19028 147721 87797 3790 1161 52938 90198 41701 32955 38162 79605 169073 21323 48212 20130 79682 54408 129399 
15.161
39
31792 36033 150364 78283 102921 90644 65174 159728 166481 167228 13026 3499 12626 153395 42589 10852 25416 92114 106027 69869 5311 175065 47362 139098 164412 126840 70858 89003 141168 61475 49478 150602 129940 163496 49575 104239 39413 67427 92099 
15.818
42
31146 36170 18469 9397 42612 59711 175110 172507 113036 107988 139407 2138 149864 12937 166505 103951 125950 167087 87236 55341 145277 67417 171441 146932 149660 142158 45168 25154 170131 22148 10914 48231 31922 104478 55648 35699 87835 117615 156716 139950 54337 68178 
17.703
39
148579 116916 77903 139591 175960 32102 174747 41893 37031 1248 124612 62680 19377 128242 54665 74188 11009 62516 166986 159939 112823 152091 126775 142804 7914 48105 17092 6746 126460 106994 87210 10135 157547 63428 160847 138591 23891 73235 171971 
18.352
42
58715 53960 2241 15848 3406 146922 96069 9575 100936 152308 74350 163037 132933 19680 175269 84511 84036 69891 104396 48051 12166 3589 115529 118208 165908 40142 169359 86101 176759 115223 131249 173043 108670 102337 170047 62181 60241 46819 110129 63823 118209 144777 
15.423
45
164528 145297 115771 177568 32698 22387 63643 26288 32316 59064 105797 16646 9705 75746 94900 4340 115798 67155 33331 112488 111378 173044 119829 107418 149232 105129 35352 5112 76686 90446 148094 95618 53402 82215 157176 130680 142997 48370 78137 22608 58032 125440 100937 35367 102705 
14.684
33
9218 89021 28981 131109 19488 26533 145451 15113 6047 149086 136631 7180 71737 120259 129339 19972 71126 100648 43017 154391 81861 156488 26499 125355 45128 106327 82149 105645 158984 48719 69138 7885 56887 
16.357
38
128331 167777 94517 72533 91599 49710 35271 85426 29003 29589 141665 147322 20101 48591 67595 140418 113805 104323 164533 52685 25959 62962 51948 86963 28981 98929 61835 153386 90864 75589 4663 15534 23764 79771 114485 147128 87954 174147 
15.207
42
106245 70389 107873 162409 129005 144590 176071 116636 114638 92405 129459 155262 110423 99306 69414 105466 69097 65013 146688 79531 104736 82551 35672 14178 67207 32106 46700 137674 8885 113029 56663 49033 106997 86739 124190 73378 64585 44902 92195 52016 33419 170899 
18.375
35
162689 2830 33666 169704 21884 134213 91534 130799 116110 531 27670 122019 105341 126928 99761 7239 96169 76397 61099 99978 51732 8553 80478 34248 1766 163141 93973 124525 16478 96867 176920 8799 104316 174442 2551 
14.68
44
35732 92562 30227 107770 114699 50144 115745 111415 122242 55815 172813 54615 114350 78701 70893 62361 115669 86471 95831 49586 33431 174054 154974 58459 165357 50429 123680 153984 18967 143980 136718 90425 145261 9497 132241 78070 101533 148506 1124 165507 139567 46733 111082 167427 
14.553
52
107485 118639 166610 119542 119401 54193 105210 82720 110515 153547 136903 43126 36506 75147 45098 35669 161707 48063 58838 59434 117903 44226 172694 127978 135875 9345 38767 68525 144211 111226 90677 154748 155879 63593 47208 27449 24370 44112 67672 144342 155468 174014 119926 165670 50160 55322 74714 53460 56256 2138 125677 153340 
18.477
38
165818 141190 161090 134478 64427 155466 120585 31496 33301 55148 60923 46432 169637 16999 80763 31207 79710 138544 96529 107830 48527 93757 103539 176908 63685 136787 34534 68455 70472 70224 66385 174330 77671 108513 177050 140577 14226 100288 
16.462
45
146304 25697 55850 105709 116026 74630 8144 60373 42599 108653 122532 128718 170253 116886 147052 117694 100611 166157 102339 114885 118913 73926 144764 49912 170219 125723 42631 72733 16364 151130 160143 85316 8598 65122 26606 23569 149857 12651 53674 81160 50907 128463 33642 106852 147503 
19.171
39
159510 103106 128583 172969 92949 139297 69774 122380 117675 23238 151916 88651 146029 177471 82884 98362 7305 144732 32805 56572 145967 19702 37515 132362 151748 8479 87695 163296 111025 153105 79538 146769 175945 51999 47182 82508 102520 1449 76690 
18.846
30
135553 25573 66169 4940 161091 12554 44804 66987 160689 144225 24030 69158 102135 17602 111726 169060 174485 50195 134130 13714 126229 4735 125668 39712 80163 115381 150758 162552 35714 91844 
14.12
31
123427 120395 105968 173063 113463 48258 115541 143324 14390 123981 157717 62669 168551 73453 97133 152590 159313 29628 159326 125945 159059 102043 62039 54279 111401 111146 151365 132476 137472 70298 177631 
16.319
36
100805 113489 2738 39775 166175 151497 165228 131280 149258 103188 142722 63717 48014 158252 25997 170248 126148 14842 27640 5184 135331 55214 146414 167826 80275 48248 166348 86922 127774 145728 164410 28170 146625 155558 101981 163617 
20.336
58
170816 67150 66426 133673 150243 91160 113768 57920 63924 10588 153043 109203 119986 50599 109970 65280 73748 167853 27263 84280 164217 87767 35294 174652 101544 46873 175573 111959 111009 67624 79226 116649 168907 48390 96725 52556 125694 147728 45194 23403 103638 121473 100232 137923 155053 52534 157092 155028 63046 140549 83013 70794 72221 145440 11208 79330 28091 97724 
17.411
38
73568 38294 85183 44030 19490 55471 23430 165835 149368 5503 106718 116335 161489 130155 117457 163180 149255 5415 173969 128824 156215 16590 17375 103249 119159 29221 153283 121339 170352 146512 77621 78211 9816 129772 62058 116317 52793 134695 
16.564
32
23229 175896 140930 87645 167963 65480 61386 170267 141340 162196 70359 7714 58791 124256 1353 153734 59059 17839 139911 123222 17356 20777 139439 135343 172168 168727 167213 18995 160495 136495 8289 86049 
16.293
36
80854 152229 42080 126459 44086 38885 172761 157033 135296 7435 64709 9139 16215 144081 150065 89847 175748 135949 80321 64928 168197 110988 47894 120461 45504 169474 99870 9289 93808 18684 35125 64766 88714 148091 6977 114868 
17.781
34
126888 95002 121994 8371 167698 98897 59247 2628 36362 44985 175052 32173 157355 111224 52476 38690 102469 47914 65432 106248 86737 46505 67576 50003 155671 53883 52424 133157 78394 14628 27347 116817 107607 110326 
17.096
34
37302 49778 135419 98310 70272 34536 81551 137677 112636 49197 20108 88998 44840 109265 106986 121808 128468 132680 42049 24724 1158 90580 93286 65337 46467 44851 118278 68040 170877 37416 50629 164121 40096 110691 
14.888
36
65264 147164 40509 70235 9597 121644 133008 163566 45548 106896 56780 28926 94361 108762 147183 90684 163755 146507 167255 132677 136219 16909 138171 110610 92433 170208 114228 39600 82944 138445 122682 85101 83031 161860 10991 101172 
18.514
43
151533 27774 153878 109141 97225 161133 151180 92687 42444 54716 177179 171370 153485 71202 11684 156296 104803 15939 115168 103478 9756 12423 34498 154595 23655 170999 134019 121395 108075 167878 150510 40734 26175 102946 114867 22024 51844 78650 132664 169668 146562 57643 62396 
14.007
39
102822 34088 84107 68308 171659 17988 157762 58557 52423 41414 71274 21734 74023 47289 96877 154338 83678 72206 85228 163780 149980 58808 4740 134941 113868 42330 162938 162825 144088 37504 121422 34579 39618 75010 55045 92863 128404 111499 130366 
17.175
40
167389 146428 149386 70898 37640 144818 31056 163769 134495 143772 20662 4726 171577 130209 149751 173146 136376 86703 29335 48344 116113 98325 3503 149243 127484 175738 177044 100179 155113 72134 103334 153469 158810 110194 126335 59348 125029 28644 8729 115299 
13.957
37
166590 41254 150178 123130 41776 32921 31532 130788 122348 106011 124199 61420 97966 148434 89283 12184 41269 106576 2749 39556 59165 139407 112871 139554 1540 130581 151269 34208 129238 107952 119711 79147 43868 114381 31709 113608 176911 
14.845
41
30883 49242 162069 125503 169610 56108 80819 169207 142348 112843 33959 6597 23171 128786 43797 147570 8427 78011 161889 58574 159068 115290 52137 35278 121681 116904 16 82826 108206 55175 54207 137772 126711 13055 16405 62371 53418 130903 177586 64719 112206 
17.458
33
165491 90038 116376 29774 116205 68241 170372 124155 46900 6718 86602 160343 123911 78346 142430 114321 137784 63252 108995 62639 77604 156505 117016 32856 91381 129092 76129 58437 90945 58489 20077 80720 120998 
14.429
34
101215 23024 128597 45234 83181 110850 69275 160455 33812 73797 36659 13810 172844 104213 107554 131786 90451 8457 131167 137218 135681 155723 2930 46328 28262 15978 113664 46546 149677 74767 35357 8518 7342 110952 
18.187
42
20368 6763 75646 160614 86706 91929 104286 125422 32658 129264 85055 153330 172032 38468 137509 164183 154192 31544 72053 29749 57393 161430 25700 48583 83159 56284 159592 91758 22690 159281 61458 121493 109563 123494 26493 85834 171863 41225 26139 81757 50706 175332 
21.415
41
155753 93677 146237 111326 121453 88598 28184 1381 117692 133943 62563 62407 1498 78870 44024 11038 127064 19431 93162 98588 84030 142226 132355 119701 114573 73955 3818 72289 172439 110158 61762 15520 2346 128674 176265 169426 9749 28032 143867 12039 139835 
16.3
37
93599 126782 150893 103863 104514 167530 148942 65472 32525 122128 147429 33256 8241 28375 99989 99062 116636 174718 164045 161111 69919 99859 172229 19510 143342 169942 43634 98091 114581 91129 7687 79538 151555 102089 25857 4514 73684 
18.329
45
76542 107215 37318 32068 63231 59194 149840 135770 159703 12007 130157 7846 117044 127557 47826 19983 9147 22288 72451 59848 144187 56383 168263 93738 46916 166338 59345 89477 122496 172492 118731 173733 41253 29737 36696 102672 68498 159167 122857 26425 62131 117396 89884 56080 136061 
15.899
35
66977 1981 28031 64326 148840 8148 175501 57577 123382 56033 159833 135666 129119 46297 60600 75130 29389 101446 173112 12752 40281 88930 72208 62555 62409 84956 169870 96304 97451 1774 64024 116413 105057 24876 37877 
17.555
39
114317 123892 140684 174101 105278 161584 60802 42293 76569 1913 142334 100812 95107 172035 177377 74856 157683 153906 63155 114802 140956 13974 25513 29977 33716 166058 155373 46410 39711 44162 153108 78446 17618 149396 9257 24601 168419 1795 59158 
23.331
39
108158 101145 131781 134925 174418 29321 54985 118287 130680 68153 3862 163702 17428 98901 149840 37309 6105 25535 98247 89513 103242 122727 71641 154280 35662 30394 32802 52725 148009 158347 72216 31540 105984 53322 107720 56342 155683 7446 32434 
16.336
38
161613 139975 112361 98608 155030 14435 53456 55388 95313 109116 78549 119183 14446 102032 162612 141763 153086 95450 142873 43028 125917 85439 28366 89156 1770 39324 8694 107441 122062 34419 137008 89278 28987 125010 32205 88803 8839 148510 
19.823
34
70518 159405 29572 3438 133213 123391 156820 177800 4125 18459 32851 124010 56378 122322 77611 155545 117324 94215 62865 156511 86010 129824 134034 155548 173235 17121 168633 118954 163949 116532 130699 73581 66432 109854 
15.924
39
46121 82699 176492 64907 94833 27092 28791 132745 2213 62168 116310 3966 154787 172198 35891 154503 112398 66778 165342 154809 5228 160234 95787 19858 166368 184 125905 13671 12390 41027 174506 23189 62299 147517 29566 118705 88326 49999 101336 
17.337
42
78944 17858 102345 22821 122743 104472 61665 165896 41518 113728 7455 29554 26351 50631 115627 161051 45695 46712 114552 7483 16748 155784 89757 146197 122982 72698 63449 176618 131983 161701 168643 135055 90747 52650 81509 66379 149519 116853 124372 73953 28899 128751 
17.244
33
9456 49791 176401 141758 91722 155196 115741 157759 109005 5922 17676 105815 95454 79025 169618 129976 62560 54670 139908 57804 101311 116272 76657 165793 124136 164653 98811 44256 92415 140817 117148 77916 147125 
17.387
