24
11078 9479 11115 10240 14422 8001 12510 15157 10051 3355 1020 16265 2180 9255 966 7975 2182 10583 366 7659 5031 4139 3079 8966 
17.994
22
12589 4107 6226 16952 4448 10258 17372 3076 3148 5750 14837 5724 1802 13206 4690 3993 8012 9672 5124 5825 4234 5448 
30.798
22
14326 2320 986 15967 16483 9861 7744 4032 1335 132 15273 14411 5403 3880 6344 8211 2981 4100 15196 956 365 11880 
5.338
27
16880 15245 2336 11962 5732 11945 875 10481 11657 3164 16055 11688 11840 13423 5349 4582 16414 5651 12845 16711 5930 4573 17573 6665 8688 4273 13296 
1.907
28
8764 5154 8953 8723 10984 5158 12269 2594 7308 3329 7535 1314 10024 1416 13724 8664 6831 6629 1379 555 877 10166 9971 2213 8361 7570 6018 16578 
23.273
32
11596 15717 8453 16907 4322 17088 9932 15747 5157 7399 10479 2161 12940 12249 17364 8143 2572 14734 5279 7456 1376 9552 8403 6070 13446 2226 11003 2935 6366 13268 8400 13837 
81.552
23
1296 15201 7726 2445 11898 12485 6836 10082 16581 12649 8485 3722 3030 5555 11329 15786 17139 2465 12902 14646 16041 2674 5669 
22.051
28
11076 6553 3871 9863 11602 12460 17476 11040 11915 16538 11247 2507 876 9257 15058 3253 13300 7989 8389 8859 5049 805 7462 5131 5510 5494 2855 9684 
13.072
29
8478 12769 5015 7617 5389 5804 2261 17101 6229 4737 5968 12665 15257 314 1702 4544 8699 449 13582 2330 3383 3540 16005 14417 4364 918 4368 2990 3154 
39.776
24
16911 14171 12404 6679 1089 2442 14549 16502 16082 14552 5590 6522 1150 6061 16441 12143 9876 14689 120 4059 15525 2979 130 5440 
28.55
27
6036 15399 2768 10688 12384 9037 3392 9284 8430 8519 10848 15164 2874 10089 9539 14302 1926 6285 1921 16332 15355 3156 16493 3095 12131 6818 8159 
8.468
17
8721 5914 12294 11707 451 6377 17549 15380 5023 5086 10629 15411 7598 1950 297 9031 11895 
42.276
24
17005 16213 13337 16868 14727 6532 6232 11020 17695 3433 8324 8764 4931 6870 3552 7962 15327 15457 3416 13378 10954 4397 7189 12621 
25.597
26
2522 3868 11231 15327 9349 14948 993 10272 10496 14051 4061 7472 12007 3699 7155 5298 6357 15296 11469 12210 13285 7984 13571 482 1951 8422 
29.647
21
4895 17121 15315 3396 5091 13332 14373 6635 13004 3097 12030 17357 12251 12622 3773 16520 17661 5170 7629 12722 2054 
22.375
27
11887 16711 11724 2246 15445 9723 8466 10638 15758 9741 17688 5944 9122 8654 6438 7821 3027 10890 16696 1278 3843 11937 9711 15572 1202 3682 11497 
0.931
25
11943 11415 5096 9011 8761 10718 1854 15315 13355 10299 16681 4588 10237 16533 2513 4652 12468 441 530 5388 9814 4460 1508 12056 4597 
0.992
21
8831 10383 17126 13504 1490 3833 13425 9981 1623 6786 5806 360 15792 426 15036 8354 2313 6620 3056 2555 4190 
18.633
21
4458 14116 9665 5888 13435 15016 13926 16970 12301 16296 722 11193 5662 3170 9995 14404 15075 17374 9251 10401 10410 
35.979
22
726 6196 16057 7602 13611 6097 2366 3461 11059 3215 9333 665 15344 6650 4471 9901 6490 17578 10852 14035 19 8407 
13.952
25
2944 4222 13116 9516 4702 10971 5613 16715 783 10429 10201 13859 4044 779 13288 12478 15242 4258 15878 6173 13791 3397 13867 762 1445 
31.715
25
1899 15784 7416 10500 7445 4529 13724 16570 14493 7392 15222 913 5227 17258 17267 17287 8467 11399 15213 15676 11257 8653 1092 2235 14917 
37.961
22
11877 5031 17586 12214 769 11878 17556 3651 3597 5944 11814 4630 1329 9238 2938 4961 5470 13862 14114 17126 17296 11174 
0.936
26
4868 395 12176 4073 917 14455 3689 7858 8445 17132 2335 15590 10570 3814 13851 3047 13970 121 3784 790 16296 8127 9218 4422 9815 11368 
21.36
18
17319 7483 11023 8972 15738 7072 17344 8808 8633 15718 1505 1910 44 9775 4447 12687 641 10335 
12.449
20
6088 7537 1679 15311 13847 15723 4064 215 2596 5692 12236 2067 9595 14873 2152 13873 1393 4518 339 8151 
13.72
23
2287 16210 11405 13647 12154 7464 6301 390 14353 2071 13337 16972 6962 13456 16651 16402 15801 7998 12828 11170 14604 4878 8708 
23.669
25
2168 10826 12809 1267 2122 17749 9713 10097 13175 16269 5516 5914 14303 11772 15189 9420 30 13498 11352 2787 10056 847 12791 583 5837 
28.14
25
4630 1362 6776 15059 6310 5461 4963 4158 12609 12517 7353 12331 11844 3206 3892 10370 1450 7438 8270 5169 12699 1561 2981 4762 13561 
38.227
25
16053 4438 6426 10940 3218 1516 8826 17608 4406 12511 7778 13260 5987 1800 12089 15676 749 4444 10689 5724 15932 15830 9715 9451 16689 
20.912
20
1973 3797 4727 17119 15358 4623 7464 8503 6741 16404 13414 5696 4363 14604 5934 16906 3775 6132 2081 15013 
9.147
25
11999 16437 17549 12656 16533 12286 13356 6482 4498 17762 3069 17668 11309 16206 11099 13239 13536 3824 11035 1433 2087 14742 12000 970 9236 
15.462
31
1284 13713 12543 17399 7491 1655 15338 15594 8469 15801 11657 11651 11745 6085 16081 14657 11145 8891 17220 6986 7448 12980 3382 7908 4394 14258 2578 13627 9113 7808 8956 
45.437
27
10715 14102 13660 15786 14656 6399 16602 10625 8143 16896 13991 8201 7648 16136 8100 4567 13474 17525 9920 11169 10806 9874 7498 16534 5630 6599 11306 
27.979
19
7770 7847 11306 13381 4035 7067 5019 15078 17690 15157 1607 6876 12799 5147 12963 14656 8366 1525 1558 
29.438
26
6808 4012 11626 2042 9517 6442 1008 15747 10496 11353 7744 10700 7830 10971 8532 4238 5896 17211 3079 5992 2560 3626 7552 9210 850 12728 
53.33
19
17056 11047 11612 9591 15614 5722 16535 2795 420 9804 17272 17766 14258 3985 10038 14457 14294 1625 5164 
20.578
19
11765 16046 12585 4101 4641 17767 8353 9676 1839 11494 14542 15596 5870 3148 14977 11762 4003 1256 1927 
18.863
29
1339 15635 2324 12509 5085 16229 17338 5386 17589 13758 14478 916 6341 12109 12651 2417 12158 10889 13245 11658 5656 10335 2696 6236 15712 535 10761 11807 5114 
0.931
25
16070 300 5222 15406 7895 10054 9503 8137 4804 1234 5165 11580 1764 2521 5020 6209 741 8766 455 7264 7505 17356 10719 242 10126 
32.211
26
1690 11636 2821 4586 6643 1403 10125 11055 17192 9882 6458 5015 13537 13097 11273 3277 17477 2589 4460 4590 3159 7094 10129 10595 1102 17225 
20.732
21
2830 13082 1131 7266 12429 6444 13229 6672 10678 14220 228 3683 7618 10702 6253 9358 15957 8472 13986 7716 15403 
41.469
19
2182 6601 12716 11871 2665 16660 12005 11798 6271 7671 16979 10948 16823 2209 8410 12861 14316 15518 2876 
7.541
31
16584 10656 11696 9537 4517 47 8306 6849 14970 5674 4976 7167 1632 10834 5711 8131 3937 13580 8125 5107 8123 3281 13878 13246 8393 4740 6021 12039 6053 5187 6028 
63.937
22
15518 14707 6196 10128 7643 59 14238 13302 9177 15291 17167 12066 349 1030 4049 11316 4708 677 12697 4886 191 15789 
25.883
21
8389 328 4186 2299 8610 6981 11975 354 17658 1247 11041 1821 249 16679 6062 11308 14103 8742 2934 4249 17134 
28.166
27
1114 14196 14568 15690 11778 16072 1767 6973 3094 3747 3983 1914 14388 1471 12598 15109 6083 12382 1629 4899 3178 11007 1051 16810 2232 5336 9691 
40.061
24
16198 7162 1096 14548 16950 10225 7768 17585 13056 657 7260 12052 11991 10526 15935 17740 319 8071 2169 16259 1973 8072 11691 13920 
11.053
24
14792 6108 9909 2846 14117 15947 13541 875 13070 10570 220 12244 8850 14574 5798 14050 5709 17408 14552 10167 8977 10445 16541 15153 
20.304
25
8610 2234 16176 3337 9141 10507 10363 7784 11457 10248 17434 7395 1862 6417 17280 8698 3566 12969 10133 10715 5162 7807 7347 796 12237 
15.397
26
3856 7617 4056 7935 12680 1768 3285 7586 5369 2890 273 16812 12701 1082 10253 12907 9805 6672 13259 16163 1572 2310 8100 9550 1918 17266 
29.551
23
13230 14498 5327 8271 2063 782 15976 7953 15962 433 11695 7851 12306 5012 14788 9213 14456 14688 1193 17347 479 2810 11654 
21.231
18
12894 12380 4510 12316 2373 10060 10840 8852 4586 16447 8285 13228 1514 3468 14312 11034 1869 13491 
11.983
24
7960 10937 171 1250 15002 4160 10289 11947 7479 13901 2106 14794 15190 1780 469 15831 4082 6302 1132 10760 14464 1804 8333 16536 
50.95
26
3943 17163 8520 10858 16472 8351 14783 6393 14076 1557 13516 4032 9799 15747 12551 10062 13885 7977 8316 14310 17781 1933 12643 6828 8211 11970 
17.401
28
5455 15339 3206 3846 1606 846 11240 6557 1838 16756 7783 5928 14989 15767 4426 13467 490 5527 2814 17605 9083 16083 6886 14551 9592 5149 798 7612 
60.119
27
16414 12873 14881 7477 12833 13785 12429 5635 15380 13026 13617 11858 17169 10082 2779 4347 14760 224 5670 1139 10517 15507 7932 9420 1678 126 2559 
44.377
21
8821 14927 16884 5503 15524 8188 12741 17149 6365 10492 373 2338 8104 3602 13265 13629 16019 8740 13296 623 1943 
23.016
23
3352 6213 5277 1524 9280 11739 16112 7027 5748 3192 13202 7920 7222 1633 3166 11968 13630 1267 5210 9321 8669 9555 10579 
21.197
22
2536 7306 6683 3199 1307 860 12636 6844 9628 12923 16258 14830 2462 5452 13716 1662 14200 14986 5208 15618 10418 12358 
36.551
20
16462 16528 12003 9525 6042 16069 14082 5388 10078 11634 9566 4086 12162 9261 11818 4891 6299 10636 60 2577 
36.565
26
9368 7426 8376 3358 1504 3884 5675 15992 13721 4244 14945 13528 6655 12197 13403 12675 1436 9621 9971 3378 10825 7754 115 12417 779 2944 
10.343
24
14133 3866 7261 16 4538 6512 566 983 2736 17424 16758 839 13964 3589 5625 11044 17340 15283 14511 999 16852 13780 1619 7848 
17.609
24
1838 7121 2915 2636 16525 1590 5359 7758 7283 13027 17334 5115 5773 1301 10157 1062 12998 7335 11244 7093 9632 7198 3539 5725 
13.846
24
8651 17691 4821 1186 2225 8804 13922 6220 13934 9088 16528 12926 9921 14553 6219 1432 4477 6731 6821 11026 6629 7648 1532 8619 
26.557
24
10091 9325 7530 6598 17793 8621 16735 6463 6496 878 15668 1968 8687 4 1082 7349 12533 3796 3908 5283 7265 12275 3516 8388 
25.213
22
3251 6452 16470 8299 750 13419 8088 6648 14000 11402 15603 4096 4933 6097 7770 1129 12733 795 4764 16960 12325 16232 
20.608
21
16361 10378 7556 1358 16114 6367 16946 15378 6408 11194 4638 11842 17625 2450 10450 4685 12899 15121 14227 13856 15323 
13.273
20
9751 8272 4542 4791 15127 16970 10940 14489 11871 3236 5742 9569 2495 7582 15558 473 15858 4848 13126 12879 
21.56
24
16767 327 6884 3563 8580 920 12587 11754 323 10568 6830 13962 12765 2337 17723 10182 17151 16660 15193 14439 15189 6901 146 2274 
31.503
25
5046 1983 17098 6974 12771 2452 2036 16438 14573 9145 9941 14239 11928 2813 4460 14511 4758 2573 15938 5411 5506 8318 12540 2693 12601 
17.936
19
4344 11032 16730 11981 8771 866 11168 1900 5629 7388 9534 11803 12235 13796 982 4939 6963 26 12923 
27.366
32
5912 15824 9081 9920 16763 3677 11704 16954 2791 4008 5885 1284 16140 14072 17372 7110 16775 77 13938 10963 5812 16248 1065 12513 11252 16583 14174 9532 14981 16609 950 8432 
46.161
25
5060 17152 13273 660 15480 12752 4913 12917 1119 8202 16247 1624 12643 7897 3195 9569 9375 10904 11629 11202 12057 16256 13557 779 14181 
36.821
24
6726 15780 17214 16781 3502 16652 707 8845 2425 1272 15056 4184 996 12809 14465 2150 3775 10069 5550 6821 3681 11201 217 11109 
21.986
32
9979 14745 12574 8059 216 10402 1896 6533 10521 11097 10399 14352 17588 12101 1670 12639 7505 1569 8903 13473 13676 3648 17429 9201 3504 1583 5636 7909 7436 6445 1495 1554 
25.457
26
6407 9054 13850 16088 12091 12228 3304 14626 8504 1375 8828 8396 10524 6650 12341 4699 1706 16837 5190 1893 13260 9255 4165 8203 9586 10810 
19.416
17
16804 9625 7154 5098 5031 8824 16601 12912 12714 7101 11949 13204 5405 2298 14670 3581 4414 
10.246
26
16476 8915 13373 11975 17530 14192 13994 15136 8673 4768 16573 15845 10001 4938 11513 7203 17382 14372 4771 5608 4867 3024 7481 8217 3828 16733 
26.246
28
3076 11014 7586 10471 1515 15548 6819 15003 2993 243 17744 6008 11601 4286 1478 4111 8928 8170 3018 1606 7216 10513 5299 3029 3290 15565 3350 10695 
0.95
23
13584 915 17660 4395 11512 11720 11350 2459 12051 5768 16967 8299 6838 13070 6064 7860 13066 13416 8454 9431 5001 8265 16705 
50.136
23
14897 5439 14440 3384 7528 5496 9493 11393 11481 1896 10120 12444 13934 34 7105 10431 1912 14732 16487 5543 4469 304 14598 
40.952
23
10629 6131 10802 11413 1337 6530 16953 7715 16195 17666 17525 9677 17284 14842 10222 2658 17433 716 331 1725 5160 1626 10259 
39.774
21
6812 12290 17162 4507 7010 14054 7748 4935 14561 16183 14574 13930 15396 1466 10263 434 15892 11071 16267 9298 11266 
18.41
18
17491 603 10432 4799 1764 11701 14986 15318 2495 217 2415 11900 3753 8524 13708 12384 769 17671 
19.535
26
319 7826 11727 8518 9029 178 14260 5890 7507 17057 17225 13806 5933 14580 15146 2733 11400 13938 13910 10809 8400 10815 16194 15324 4038 13539 
9.182
23
5749 5494 13107 1762 13166 5577 9836 17123 11691 10535 13197 3887 7311 16092 1582 2491 13254 17144 7779 2383 1982 7591 16078 
23.084
26
5668 4657 6197 8350 5327 5109 1110 1202 3265 15808 12541 4373 11986 12516 8272 16345 237 16320 13854 5172 947 13735 10553 14387 5475 17103 
12.782
27
2658 7692 12640 17510 14704 6101 13309 209 1858 15013 15165 8249 8012 16022 9714 15565 2512 8514 16214 10646 5663 14899 1763 10002 5726 17022 17420 
36.93
26
17427 3708 4388 9181 5556 8333 14336 9101 13865 2340 2878 9769 13651 5085 10485 3830 6845 9374 1401 8305 15450 1080 17182 1741 3653 7994 
30.481
24
11273 13117 14219 7185 16429 6610 3439 1880 11768 11150 14141 11596 7681 17372 8078 8829 10539 10816 15088 9706 12374 15973 435 10458 
34.937
25
11709 3587 417 16606 4330 9316 15610 7360 11484 16785 7737 1956 7373 2443 15608 16862 13372 4090 979 6165 7463 9451 3559 2161 17352 
1.806
23
6525 6948 10796 4547 13646 7887 16897 11084 17024 13571 14719 8353 17270 7391 7050 5567 10581 6996 8382 11799 2372 3055 3214 
30.466
20
5272 12480 2992 14990 11334 16364 6233 13975 15178 1066 14359 3041 9948 15430 5516 6156 13264 14527 6608 13240 
49.209
21
12845 16136 16916 8099 7331 15153 3389 8583 5238 2037 2383 14420 774 7169 17070 10994 14056 15851 5837 449 4724 
17.575
17
5991 3682 7552 6039 8977 16679 6361 17600 15484 6106 14545 5574 4358 10578 10826 6621 8222 
20.078
22
1419 17685 12452 319 7923 988 11520 4867 2883 14883 10106 17174 5121 12511 16256 15213 1005 5794 5389 10748 3595 10567 
17.776
23
15278 16938 4817 10509 5635 16504 11395 597 1859 12321 16499 4000 10790 1995 15425 10028 693 17604 6820 3705 15198 8383 17225 
35.741
23
15671 183 6002 13448 14607 17262 2126 1313 4468 16358 15923 8665 11675 10535 3470 13731 6993 10392 13463 12822 866 7636 9078 
7.665
24
13080 3480 3053 16226 2580 13175 13324 11945 10777 3471 5508 9716 1323 12633 14049 12308 15209 8924 5330 2214 17466 14217 7179 5487 
0.95
