16
314 1310 580 931 1287 606 1225 1601 1642 1323 475 1090 1138 609 1085 1364 
1.04
16
443 192 68 485 289 344 1559 1314 1348 1167 472 976 846 1113 461 555 
3.771
16
155 996 1754 1548 1564 911 1282 559 1099 445 1590 1595 449 1067 578 1169 
2.267
16
1051 289 1006 870 1429 851 1184 1479 340 895 1482 1709 1081 152 549 1684 
0.1
14
141 458 1069 562 1677 154 1176 1363 1710 914 169 1118 1577 1768 
1.256
14
1062 1381 1525 192 1187 1663 1678 1555 1355 243 157 800 42 1628 
1.883
15
688 1393 1524 1305 375 395 523 1205 929 1491 957 843 1073 1236 1561 
3.701
17
982 28 232 155 160 1104 1706 1019 1105 19 548 1273 1257 1579 1241 1714 1721 
1.757
16
990 1722 276 1642 1099 527 1074 1161 1675 614 300 1057 1513 533 119 330 
3.254
15
1034 930 584 700 918 185 1155 932 1075 1467 1127 1309 1661 457 1480 
0.097
17
522 1299 1290 335 89 248 836 901 596 743 1055 1341 234 534 691 274 1049 
3.568
16
1128 1399 537 1573 1045 567 1683 487 1099 1773 1198 1616 392 613 374 909 
0.099
14
1439 1691 661 166 322 873 1451 1380 718 577 71 713 217 1057 
1.775
14
520 845 590 863 409 498 526 1403 1508 1519 969 1095 543 854 
4.609
15
1759 1007 1673 476 1276 901 506 393 907 428 542 500 1645 793 960 
1.431
15
706 397 1763 580 1117 1353 259 1556 1214 240 1057 1176 1639 30 412 
0.153
16
596 653 595 753 493 142 1171 161 1137 1155 1214 534 777 1560 436 1180 
2.58
19
641 504 1446 1643 362 1061 568 433 1153 1021 78 788 335 837 1175 739 879 294 331 
6.193
18
767 604 1630 495 695 1037 1051 1246 614 1324 886 729 844 1249 1346 627 902 1687 
5.216
13
203 1778 1293 1479 1444 1603 275 1095 973 122 1678 1677 216 
0.095
15
148 1632 720 1368 691 318 767 920 789 1390 1397 1764 153 494 732 
4.622
20
68 1070 1521 1154 868 1153 502 71 104 1249 304 1003 1316 11 596 1035 93 760 1183 1351 
10.071
16
191 1373 859 1044 1106 979 442 968 781 874 1307 885 119 961 682 1016 
3.223
19
1015 415 755 952 618 421 443 1246 1346 725 159 653 1367 162 1189 566 1728 209 216 
4.324
14
525 359 1113 458 281 1778 682 813 1140 965 611 1654 387 454 
0.102
14
1097 1309 914 1101 433 1062 1656 73 867 1646 887 798 70 598 
1.925
19
1624 900 1583 1323 720 1024 381 944 876 1443 725 1078 541 200 409 923 1175 961 1444 
5.549
12
778 1457 683 1005 1732 1 330 817 867 484 315 345 
2.191
15
463 1670 6 224 3 124 129 1507 1426 1503 819 1161 674 430 783 
5.537
18
1631 953 261 624 1628 608 621 1699 1485 186 858 1240 342 389 107 819 992 1078 
2.985
17
622 1175 337 1031 1684 471 1733 1414 1276 629 1269 1396 93 853 1318 29 1721 
6.228
14
319 1157 143 235 1250 1661 556 1418 252 1707 1762 124 65 1393 
1.561
13
1223 48 1177 334 1002 891 109 527 1643 789 1592 7 442 
3.526
16
1595 1654 1274 155 1232 107 525 978 719 802 1621 1420 1759 985 892 645 
0.102
14
1391 391 369 289 177 626 1057 233 489 85 1755 558 68 1627 
1.951
17
61 398 20 1225 591 917 362 1286 1517 1562 912 1272 528 1088 1633 821 1312 
3.503
15
6 540 458 800 612 847 104 79 81 1703 277 248 1430 1260 1722 
0.754
11
4 105 859 1570 1527 1696 352 745 1416 658 795 
4.292
15
785 954 395 521 609 844 377 994 1371 923 318 1683 214 697 1492 
2.021
15
206 641 822 929 1699 291 1406 450 130 195 1282 457 1151 948 1451 
3.258
17
886 502 1025 680 1138 1269 458 45 1369 472 1083 1543 1502 1040 681 187 257 
5.79
17
926 315 442 431 56 1209 258 305 1753 881 1062 1390 820 786 1165 342 1729 
2.074
14
533 983 1557 736 1547 143 345 664 710 1447 153 791 287 1681 
1.856
17
542 1743 887 99 1259 590 1427 133 568 1050 85 180 308 914 899 346 349 
2.925
16
8 710 1692 653 1349 267 1747 1344 1545 298 266 1283 1383 1411 96 520 
4.099
17
106 1330 1745 1583 1159 1510 1222 1731 519 1437 29 1132 1284 1557 1449 602 730 
0.105
14
385 1318 242 1170 1507 868 992 859 1292 54 774 619 384 1675 
2.417
15
1132 265 1091 1455 1700 595 1289 671 916 476 421 1380 1730 289 1234 
6.872
15
1355 717 1471 571 1263 1739 496 1168 1636 1683 878 1036 646 284 859 
3.982
15
1530 138 368 631 931 1484 1579 1140 1725 767 1210 701 1367 629 1563 
1.652
16
914 482 1012 875 538 861 866 579 1090 1378 1430 1356 1299 964 1210 1386 
4.028
16
173 1493 665 1006 433 1137 17 1432 1615 1738 651 1483 667 1402 368 1442 
7.547
15
878 1004 1583 1590 786 1507 522 1295 1566 310 684 330 1499 420 775 
3.328
15
878 709 1045 600 1744 1587 836 1090 1584 617 1362 298 762 167 1666 
2.411
15
1349 1312 1773 234 130 1761 391 1123 305 23 322 1218 1595 749 1063 
1.361
14
1542 780 971 1336 1360 358 886 1051 1173 1621 734 1201 758 779 
5.375
19
281 1057 1702 958 1256 1439 296 530 221 605 155 246 202 263 813 509 662 43 1482 
7.696
18
839 939 1568 1025 641 357 1455 1275 255 1237 1625 714 946 278 32 901 932 947 
2.283
16
735 769 305 736 1224 230 491 713 1226 1498 1105 535 1127 1404 873 1558 
4.47
13
888 249 202 813 839 803 1014 1059 1006 13 1293 335 1227 
0.1
23
1676 1775 1087 188 1587 1009 1182 739 1073 1084 885 316 1232 1717 986 1397 948 1342 405 597 1012 342 811 
0.1
13
879 1349 54 1153 670 699 1046 1513 603 1021 1371 138 1454 
4.333
13
858 1534 673 1356 1217 260 215 1302 484 98 989 240 1012 
1.724
14
413 588 1089 1418 1665 925 614 824 1450 1479 594 1232 562 1309 
3.412
18
479 743 762 468 1607 783 789 980 1760 136 927 889 1128 219 1743 1770 404 1041 
4.14
15
419 808 96 1138 1388 124 228 211 811 1660 62 1332 1535 281 1257 
7.092
15
353 56 281 772 1138 1242 415 426 429 150 632 1546 1762 312 1423 
2.673
16
1276 448 1718 1257 447 505 1216 1130 1663 81 1772 1668 153 944 1322 1508 
0.102
14
359 301 987 714 1771 77 330 120 490 989 1569 538 1089 1449 
1.411
12
941 1028 1510 1022 47 675 1016 1575 800 1112 217 1109 
3.778
13
573 1408 184 251 217 1208 2 801 1215 1718 1214 959 1426 
3.756
17
475 1697 1007 1630 1090 1737 1683 434 1770 1542 628 1748 145 1297 200 136 1014 
5.191
12
246 124 829 1025 667 1220 1084 1572 572 287 1507 1421 
0.096
16
1026 908 1029 195 655 1248 526 844 1417 723 652 466 755 1201 1222 1665 
4.086
14
639 328 426 1444 874 1173 429 36 1309 1414 1624 580 102 1312 
1.332
12
819 1237 742 1574 1156 196 1250 1762 1426 990 108 1147 
3.13
20
1047 447 1422 532 1325 645 488 487 1297 1081 1318 146 1093 1594 444 259 1103 1742 1387 1433 
4.689
15
57 349 1669 552 158 404 299 458 362 1067 68 1411 826 186 550 
2.912
14
1447 32 862 1058 1560 609 196 618 1748 1326 1481 1045 162 911 
2.055
14
245 1142 184 731 1149 364 730 1087 1702 646 1285 1224 336 1602 
3.67
14
1493 1380 329 373 1428 1737 889 665 1421 656 1354 1629 619 1349 
1.689
15
78 152 3 559 573 1234 1570 713 590 595 1265 356 868 351 365 
1.461
15
376 132 21 1308 747 348 289 1693 1188 432 1190 1610 1343 595 1489 
8.743
13
1439 125 1006 1499 645 27 880 685 1498 940 829 900 1531 
3.28
11
71 1706 1484 1522 488 820 762 256 876 1613 1765 
4.682
12
1200 688 1333 1335 67 1451 915 1359 1361 137 1273 1687 
2.822
17
194 15 549 875 783 617 1320 171 1156 1055 1393 1344 1411 1482 1433 1629 303 
0.103
13
472 992 1083 1497 280 1092 1476 610 1330 574 1757 65 1496 
0.561
14
1592 1684 93 934 293 1155 308 602 665 1480 952 559 880 1701 
5.991
14
466 625 1527 1053 1772 78 740 623 732 721 1722 1639 200 1134 
3.503
16
1412 908 1303 1483 701 755 1644 163 1646 437 666 581 1108 1570 1022 1255 
0.102
12
1037 1460 159 219 1031 1046 852 805 1443 899 175 862 
3.738
16
284 690 1266 1705 29 592 833 1422 47 544 558 128 1348 907 151 343 
5.112
16
1168 1624 1601 1239 632 1221 847 129 152 1001 1500 593 824 1329 139 974 
6.3
14
374 554 189 1267 665 552 893 1386 1511 1765 961 475 422 1413 
5.436
14
140 429 1549 417 776 729 839 573 1263 1389 1307 981 55 647 
5.752
15
777 689 877 203 437 123 918 1470 947 1457 1184 88 1652 44 926 
2.124
16
1766 1750 274 189 669 1206 1499 438 619 1607 938 1044 874 1606 507 710 
3.722
15
830 1372 36 47 198 963 1398 1437 482 288 1547 1080 485 190 590 
8.416
15
429 1072 199 1215 1749 936 1581 1718 881 1133 83 1201 1062 1769 1419 
0.099
