28
135918 169897 78038 28970 153833 89889 36965 176646 41713 91435 18460 84377 105967 964 165550 174341 17675 6627 56802 54851 22684 122292 137125 92140 128775 92390 11900 128134 
119.169
51
158091 124340 67456 123402 134084 145970 105864 135366 79080 58625 91689 44001 67199 42622 82223 56291 118394 120967 132428 66145 42346 79584 113158 52622 11013 102401 131215 154865 119450 101025 65066 153358 117567 132708 152548 93470 173117 38580 164804 63193 131619 69081 92986 147098 106890 153980 73453 89117 128262 74574 161306 
337.07
34
19270 94391 53275 74163 63595 10054 73673 38162 174591 18901 138065 94917 36860 129050 147854 97687 87246 163024 78049 127404 123131 43174 783 54436 154088 170294 85632 54280 59408 6112 148520 13525 61539 89167 
376.654
36
18036 12150 73985 115893 46685 71454 13234 108685 1577 84808 151744 80448 153362 28512 62715 103894 60450 111089 146047 158891 66690 13723 142401 55127 137356 104700 26550 46485 160367 122514 172026 75087 51899 36471 789 31842 
190.076
37
140356 96488 106126 112000 158184 93762 141526 148464 14177 145178 168900 23477 68054 172282 176150 40073 16239 111031 116588 146550 113184 54113 124091 75698 136979 72009 172816 136257 20018 122199 22318 37220 146092 133123 97953 4325 144524 
131.959
39
26914 140952 70621 41282 16693 155839 81799 90718 170194 29451 36512 50190 115726 78792 131370 9288 141821 54544 145635 44974 162496 45903 146540 46729 8650 157703 37619 151202 136802 19506 10419 90639 113098 142096 162631 71852 24297 3378 81237 
281.522
41
45337 36117 30904 65823 154694 69327 39360 119299 113441 40657 155417 132934 16664 163157 120926 78760 136557 165957 164999 156526 72560 120901 80314 78901 114942 152046 137620 28968 123503 26550 121688 162238 139425 75375 4912 138184 6108 125027 159899 92643 138587 
163.298
33
106406 99144 20794 22670 100269 172648 30885 3455 75645 50358 14456 113036 121308 150251 109533 114308 157063 26838 105511 24687 52602 31455 57286 60449 66859 83255 45743 88240 171686 130067 127502 77044 151699 
268.183
35
98240 65112 177612 23418 136092 87993 64510 174113 100098 59033 37193 125903 132783 41608 53176 164587 148499 91702 73287 82786 116487 108170 168132 2922 74892 146128 8075 19775 39630 127959 147611 38320 123181 3381 126748 
237.289
48
19290 4215 38691 116274 142057 76303 18651 102390 50052 95975 164520 39190 10743 81004 63175 37284 6220 17507 99821 109589 126627 137019 60324 87997 177806 130288 101109 14438 132888 28917 82113 174998 57725 165685 91038 41107 84951 103517 32810 84294 21032 174832 130000 138203 53419 14270 15580 27938 
241.232
43
159935 163556 25643 140843 119893 40952 165598 131175 69335 165974 144476 142704 39417 176457 115844 54155 65711 22874 83835 117890 68974 98198 84981 153395 154379 122549 59721 68720 74328 118938 166453 67760 54948 149629 101980 5335 106334 174977 92245 61996 124023 5759 120902 
265.498
34
14478 73789 19100 143472 61781 15355 141467 133171 108073 136843 167473 93460 38900 77997 77491 123962 161846 24493 7701 19161 152017 2073 82262 77810 31988 58483 142119 190 94669 137103 158068 13912 28591 156434 
121.854
41
174972 130336 141836 105823 109603 153434 26931 28148 172348 170486 61786 20338 135600 80632 164823 12767 31991 35827 117854 120865 87257 82519 56263 8548 36087 68199 105092 126750 164444 66305 58766 31635 131155 107067 127133 113603 53045 74114 72799 151660 156335 
220.528
41
116503 72288 76451 108852 111769 107705 170172 146206 61677 130210 3379 21881 56765 79937 23704 51542 6557 40213 35305 154193 129706 2862 127647 7798 6271 64917 113785 40524 9288 11307 151004 140811 28014 37576 15059 9108 8565 151353 26170 35142 52519 
148.376
33
45293 13362 60371 154226 136188 74529 74388 23801 79733 131236 26185 21801 85659 25392 37610 109002 10782 51131 81184 113818 34064 14059 19744 125716 68639 31917 34176 154128 47754 71807 27869 34664 159271 
104.976
37
53178 101290 90374 48521 74692 9184 13104 141205 30073 112161 170742 3465 156154 70144 35018 22389 2323 45639 106250 104504 64768 74904 24507 17311 143554 28409 103793 36039 2720 110285 170684 120402 62398 106902 51824 163984 171823 
181.42
38
108735 132876 18892 8419 15442 136983 129875 34817 52748 14434 92931 120118 111017 113361 72842 149020 92277 148209 114863 89919 22397 86212 156925 133367 126676 162581 85893 154772 64029 41345 24877 85001 30996 19679 175047 20617 709 101713 
333.009
45
162871 78221 141301 73967 22992 152174 69290 165788 171865 134790 79139 148184 165323 94357 2227 109975 155546 98794 147666 40492 141439 24524 11092 12743 18018 115370 159318 143740 50584 109018 131607 173789 34812 62598 155198 62660 151465 69574 56366 41613 162927 157923 62395 108521 117544 
234.206
35
128775 94383 29279 65790 110894 64903 156983 163379 53069 66986 133211 150567 44801 45723 149313 98456 139925 168278 169250 94216 86032 14940 8207 139608 109907 33354 97548 102447 165480 111793 100480 116724 149420 3542 33938 
386.652
42
21123 73500 29156 39994 104656 13496 111808 54325 122463 44237 153647 14854 19826 135910 39695 73962 116114 41689 23871 174144 163391 1509 96546 17581 16132 35979 147404 72059 149159 2242 109351 153990 397 132903 121940 104889 44748 120619 93197 9662 87464 163707 
349.839
43
46536 73682 28533 16411 114548 129370 64267 64418 95176 65113 74563 100347 134319 170173 97643 45046 4071 34659 93745 19051 67675 18839 156407 151595 177818 28506 143610 163533 27110 23512 93977 108141 54919 92025 128115 163106 91168 157294 82746 174075 126090 633 30409 
267.271
45
142465 175219 125465 86831 48856 34028 29023 12766 154356 95065 27875 153497 45336 14556 164543 88321 167594 40281 124718 15312 131128 111622 131034 63087 42375 162687 55096 26643 2343 5900 147697 93964 134098 151254 67678 149871 131858 177041 13188 117533 22245 107564 132449 12453 9654 
154.241
32
42596 72431 177905 43844 146807 79558 117602 89979 164755 162883 9103 60927 74806 56900 100821 87067 101988 126882 126422 40531 34987 81136 157916 115148 91790 77559 6855 82612 158516 133390 34326 49538 
323.384
50
63969 88005 56192 46717 114446 6300 10035 151565 30293 90154 113294 93493 65177 74827 144261 156138 80579 5224 157961 134931 111445 49006 10017 129005 75264 46296 22933 136775 120082 14534 84835 44841 72146 23980 92018 118965 82745 168951 55435 155465 133316 167550 37389 74580 2059 12146 59588 41931 30379 128486 
406.914
57
26333 5880 40097 101597 172276 80989 27033 45565 156676 92095 124424 173821 69829 160687 116111 113619 115593 98889 113026 109089 160386 86125 143093 24014 64472 140858 117887 62281 32350 37740 112435 76667 175886 73679 128493 174040 170012 71678 127109 13338 68412 147862 38305 90309 145713 169416 174963 114492 96506 153855 147387 140277 2579 129068 99123 17804 27317 
14.628
39
130357 158528 57978 173449 37517 137348 50943 2036 20424 88681 18433 153884 61657 165503 90424 132046 30278 177526 139304 62111 66983 11874 146350 163535 16901 126946 61450 9061 98054 124374 109568 41185 136213 131943 147856 16297 155915 82588 145994 
366.799
45
144523 57720 12599 8575 36846 126849 105988 86215 7673 32617 101542 148210 173700 121029 140400 11344 37349 89420 149237 4946 87818 92703 86950 75817 4937 126017 60131 175963 46539 110748 59112 72628 27670 165243 146846 133045 42923 124341 122287 116755 80327 74648 135904 68967 143008 
365.062
41
58212 34808 127702 111655 70813 36002 100233 111250 49967 72442 135832 155910 106786 90100 127018 167710 89819 123958 68208 27855 60820 110270 3364 143802 134053 130266 37369 125489 87795 136840 86121 124447 94846 46392 57731 45701 123021 38277 138308 11196 91223 
304.86
39
166875 85695 115172 101750 91992 25042 48530 133758 174829 143910 163993 120710 172050 37693 35077 28645 7485 26412 52181 8704 97486 148999 172348 45414 81655 46138 2519 96882 177820 167692 130566 17457 124833 160849 44125 93370 28702 92314 144193 
151.379
36
107360 15839 126843 14711 150676 51551 136645 175879 36508 85887 114123 125330 54079 9722 131991 123982 167700 52477 102505 93409 140682 80078 89429 63098 153108 59414 140492 103422 104039 136721 22292 176976 59363 9502 68304 62632 
109.27
33
82248 30185 82295 1823 37874 135064 52245 113038 73563 166725 85863 77832 164618 2537 14942 149648 100570 24226 132261 142877 35459 50981 106155 127963 148742 152373 109860 135536 174925 116301 176154 93019 99260 
157.36
48
119955 157979 80809 43435 50893 11950 160134 68699 105276 173341 55066 15317 160753 57334 54710 157550 28806 138922 44150 177016 3271 101344 16492 170933 141105 169324 160409 129469 139332 37142 136870 124031 78397 94126 139139 6963 79047 60939 152473 84179 23028 117141 126099 129489 66902 43693 147705 152030 
14.179
42
4356 39594 87049 11645 91595 151802 9791 153735 83072 73040 36780 4873 168436 164552 86234 105555 4020 25152 166370 75168 42761 52080 28795 110686 1888 110705 109631 27401 148792 147085 138280 124898 13493 129757 74425 166954 133042 126263 136473 146214 47604 57375 
267.599
37
100884 24827 169170 35315 143230 58177 81346 68998 169450 83188 37842 17470 65657 170799 176413 62855 109772 35010 166307 13438 68028 111123 109609 41096 103091 94706 58952 151830 125280 161353 86384 170626 68935 16612 175230 3498 163115 
196.132
40
128905 164034 41909 124087 140859 150381 83089 137514 51141 154764 3257 56506 152379 150915 78992 97034 156929 130548 173498 38627 169008 3601 116381 100745 80780 61951 6663 141243 144997 71205 78146 54362 134342 93924 130971 150309 113988 11697 29028 57490 
188.133
41
52914 149199 110942 10402 42576 23208 108201 38196 46123 143015 145564 58159 48002 50064 107738 145178 148631 121624 74044 59024 85235 26369 126400 52518 17289 91079 40092 114979 104517 21552 10436 122818 137086 73089 9397 171139 59344 51788 145705 22729 111805 
191.268
38
164325 85554 83064 101764 102448 124023 25062 59640 21445 177887 71773 100757 72568 93283 149491 30267 165079 160611 105054 9067 30293 169831 128029 125141 48924 95690 26889 65693 58211 35075 168356 73764 104371 108370 155378 140670 123373 138681 
161.797
39
127093 169863 153450 10483 139640 210 128848 162221 79721 116894 96347 67297 95467 79030 168236 158571 51033 64171 91140 139659 120858 147841 87527 53650 49341 72551 146777 75041 88545 127004 101031 10697 75268 177118 53307 75784 119091 140328 53632 
127.701
43
95607 168991 72930 30183 29110 63245 137726 23172 138732 133580 110956 63405 144594 132840 159220 132358 175267 16782 57277 155131 67905 151047 124522 876 34380 103083 108789 31900 146048 167516 76175 144140 73945 99424 47808 163645 72325 68837 66900 9919 119067 38286 102382 
148.75
38
59951 104385 41614 65571 20046 145137 26601 168416 119042 149605 133494 104958 173746 170851 151028 83001 130313 22504 45507 32187 137844 169244 44502 17997 131529 106116 125670 42185 171811 32575 134721 90819 63442 168796 64896 128866 17354 104424 
103.562
32
92271 85290 98502 118215 50817 97216 44295 161353 170117 81879 152864 150216 90021 167464 20819 63574 92510 61974 149525 14575 126162 109842 43200 58059 119696 30991 9286 68915 116678 165020 75712 125028 
81.605
33
55615 176886 114848 54781 56796 44475 94552 106310 72384 172319 57649 114625 111080 45179 107288 139213 77569 152510 130781 57942 121104 111717 109158 177326 40013 130674 33346 149840 96095 12958 163550 44403 107856 
369.239
42
72452 160367 82718 94085 41470 38673 94133 70227 115903 53270 77589 174524 78115 30763 67760 115140 67834 118981 7328 84126 24367 122856 24897 123675 48564 108818 28358 115703 128040 169874 169740 108056 9692 42598 167066 76926 171372 33096 99131 172771 87846 127588 
208.511
32
120746 65025 39916 80268 177902 9601 88333 102531 176985 65059 73806 82643 92131 83913 148341 152360 91294 105730 9789 138548 104692 62349 145316 97952 129747 24214 42568 157163 148702 1766 11437 110636 
200.801
38
107914 77017 148596 19665 19670 176317 87442 38076 3702 57618 39988 65796 177610 136964 20900 65798 100365 152004 65173 55072 87890 135342 6906 88841 44696 64939 43003 72020 149942 20077 43126 136764 72761 150046 133817 115389 107061 140797 
226.165
37
27483 81936 63277 86272 102102 166827 85857 160174 61657 175452 151448 115313 45209 174148 160451 46581 158903 149716 136817 160220 53607 103865 48094 91479 125759 85663 57502 13086 127296 18194 26596 71467 115308 174378 107815 29665 168581 
198.299
40
160464 80142 108670 3665 25879 138215 48708 45870 135760 167719 155559 91814 110509 40895 142904 602 36835 130870 6916 77834 57834 11195 11839 70667 171658 8756 130524 169788 58227 10492 14623 100623 168185 14612 98578 85619 167230 137766 29691 112146 
52.862
38
117577 49210 41549 175116 19554 101790 99520 88578 102971 96742 95912 17824 7527 143399 173447 111311 135311 9722 149198 148822 69164 40213 155675 174827 107205 8130 5781 28528 96104 45411 45270 34685 156037 162104 31773 124400 24554 77676 
335.53
39
124358 158244 105087 110894 79616 124348 117078 24104 167615 117896 118733 92776 95904 73324 15020 94674 175093 77145 154763 176014 2681 56200 133196 31016 133358 7943 66689 139181 58926 154875 77748 59500 173162 65306 74182 85900 80251 63861 81207 
171.643
35
150980 152498 114152 9123 18154 167487 27438 51634 107237 4665 143280 106726 82299 39184 552 116773 157785 124642 45285 171380 16481 148025 168056 173257 42569 51817 64634 75646 13515 52949 110030 92255 136017 8890 67060 
203.427
44
51046 27084 37087 126889 59837 69199 87746 106302 146762 161002 40886 81302 19351 161458 92692 130080 60988 84443 78938 13933 55435 149420 124956 112056 176013 107577 25896 132566 100513 133215 88969 48183 66118 65961 1162 164818 42423 138831 28808 87588 154570 22162 6972 17691 
360.817
33
82276 153561 23453 92039 110922 11137 77213 129648 85014 69304 39052 166692 59835 153396 170730 29885 42634 44687 3328 109627 46084 79634 83165 92836 143214 90219 91997 151558 60166 55259 90462 7937 70109 
225.158
42
103185 170083 175324 53681 44642 9254 87058 65765 141745 26065 5467 82178 81782 94094 161669 152994 15556 50610 136650 65807 105736 37312 171245 91176 105786 167773 25002 160024 68305 136733 282 85832 151137 101626 16317 134669 80260 149272 42088 94075 46135 159845 
288.483
32
87380 123942 155292 17482 33099 166100 96884 142593 58094 2895 3045 69918 70683 783 108222 31380 117349 128368 171887 147330 8119 11770 102246 89498 48126 118081 27701 86705 38096 95456 6367 162373 
253.318
35
117349 62050 169059 91076 58452 75420 108054 13714 16533 157234 52449 12089 153500 55695 105247 8147 137051 70979 74215 112156 39730 4278 49528 100786 500 144508 98307 126759 94660 135458 29636 11808 31786 113042 168681 
190.008
38
106129 69156 163201 124559 10789 115304 35921 22250 137988 160399 13058 138797 107942 14584 47364 160553 96336 106985 57357 76013 155187 166973 166461 130310 126086 39133 161485 116360 20048 136895 170454 70687 89640 54317 66529 56705 65913 83938 
244.977
42
14890 108876 91186 43949 3790 90198 147721 87797 41701 57924 123468 52559 118737 93843 129399 58963 134680 21323 32955 52938 37515 4193 28973 125894 19660 37956 1161 18326 38162 169073 99230 23174 133244 69358 66524 42569 154820 135324 79605 48212 20130 77593 
107.585
39
129940 150602 126840 69869 13026 70858 89003 47362 175065 31792 10852 90644 167228 153395 144363 56202 25416 26353 102921 36033 65174 78283 150364 42589 5311 106027 61475 164412 39413 49575 163496 12626 92114 141168 3499 166481 159728 60832 67427 
153.826
42
31922 22148 145277 149660 166505 87236 139407 59711 9397 172507 2138 87835 104478 48231 45168 167087 103951 36170 42612 31146 55341 18469 125950 146932 25154 12937 149864 113036 67417 170131 171441 10914 139950 35699 55648 117615 156716 142158 107988 175110 54337 68178 
250.828
39
7914 63428 54665 174747 126775 139591 62516 159939 166986 138591 6746 112823 10135 124612 62680 175960 19377 142804 157547 11009 1248 32102 77903 23891 160847 17092 106994 126460 74188 41893 37031 116916 148579 171971 87210 152091 128242 50584 73235 
261.312
42
96069 100936 9575 12166 165908 69891 84511 3406 15848 163037 74350 63823 60241 115529 170047 176759 62181 169359 108670 131249 48051 132933 2241 19680 40142 115223 86101 41458 84036 27573 175269 146922 58715 152308 104396 118208 3589 173043 102337 53960 118209 144777 
132.463
45
75746 33331 4340 9705 67155 119829 5112 53402 112488 105129 177568 115771 111378 35352 95618 82215 130680 100937 142997 157176 90446 149232 173044 16646 164528 63643 105797 148094 107418 78137 58032 125440 48370 22608 76686 115798 59064 22387 145297 32316 94900 26288 32698 35367 102705 
164.5
33
28981 145451 19488 26533 120259 43017 156488 26499 48719 158984 9218 131109 15113 71737 71126 100648 149086 89021 6047 7180 19972 106327 105645 154391 136631 129339 81861 125355 45128 82149 69138 7885 56887 
139.076
38
35271 20101 147322 85426 91599 51948 48591 72533 153386 23764 61835 104323 140418 167777 128331 29589 141665 86963 52685 173804 79771 87954 147128 114485 15534 90864 28981 98929 62962 25959 67595 29003 49710 174147 94517 164533 4663 55336 
92.79
42
129005 69414 129459 14178 105466 32106 47892 52016 53370 129917 105026 81095 29899 130065 2766 99306 107873 46700 106997 176592 164456 62496 13593 160950 63385 68805 144076 49251 160510 134776 8758 155262 35672 162409 144590 67207 73378 33419 44902 64585 20484 45035 
321.484
35
162689 2830 33666 169704 21884 134213 91534 130799 116110 531 27670 122019 105341 126928 99761 7239 96169 76397 61099 99978 51732 8553 80478 34248 1766 163141 93973 124525 16478 96867 176920 8799 104316 174442 2551 
77.511
44
35732 92562 30227 107770 114699 50144 115745 111415 122242 55815 172813 54615 114350 78701 70893 62361 115669 86471 95831 49586 33431 174054 154974 58459 165357 50429 123680 153984 18967 143980 136718 90425 145261 9497 132241 78070 101533 148506 1124 165507 139567 46733 111082 167427 
122.44
52
48063 172694 35669 59434 55322 27449 174014 67672 24370 117903 161707 107485 119401 82720 118639 45098 136903 90677 68525 155879 110515 119542 44226 58838 38767 154748 2138 50160 119926 56256 53460 63593 75147 135875 144211 47208 74714 144342 155468 165670 54193 43126 153547 127978 9345 44112 111226 166610 105210 36506 125677 153340 
483.054
38
108513 140577 70472 177050 136787 34534 77671 66385 176908 107830 79710 120585 16999 80763 161090 174330 134478 55148 165818 138544 169637 60923 46432 31207 141190 63685 68455 70224 96529 33301 64427 155466 31496 93757 48527 103539 14226 100288 
75.3
45
74630 114885 166157 117694 105709 25697 60373 128718 116886 42631 72733 85316 23569 53674 65122 50907 55850 102339 147052 100611 170253 42599 108653 122532 146304 116026 151130 16364 118913 73926 170219 125723 49912 8598 12651 128463 81160 33642 26606 149857 160143 144764 8144 106852 147503 
302.348
39
128583 103106 87695 146769 79538 163296 175945 111025 51999 102520 146029 151748 132362 153105 19702 145967 37515 8479 82508 47182 159510 23238 69774 92949 172969 139297 177471 82884 88651 117675 122380 7305 98362 151916 144732 32805 56572 1449 76690 
247.49
30
25573 111726 13714 150758 24030 125668 134130 50195 161091 44804 169060 39712 102135 17602 135553 66987 160689 144225 115381 12554 66169 4940 69158 174485 126229 4735 80163 162552 35714 91844 
16.896
31
159326 62669 62039 137472 127584 134571 125945 152590 102043 111146 122939 50744 48469 20880 35749 38420 54746 132476 14390 168551 448 124596 125924 165009 84750 57657 70298 14375 98333 38656 131634 
165.773
36
100805 18251 39162 20005 2738 14842 25997 63717 149258 163617 151497 112424 10143 67789 131280 115094 29427 38083 150354 142722 126148 158252 39775 166175 31184 146414 55214 135331 170248 165228 113489 103188 75357 158495 10404 48014 
305.29
58
11208 70794 101544 91160 87767 57920 66426 10588 79226 111959 46873 63924 119986 27263 157092 121473 164217 113768 133673 174652 96725 147728 137923 72221 103638 52534 140549 63046 125694 168907 111009 175573 65280 67150 109970 109203 145440 79330 83013 155028 23403 48390 116649 35294 167853 73748 153043 150243 50599 84280 67624 52556 155053 45194 100232 170816 28091 97724 
368.299
38
38294 55471 85183 23430 163180 5415 117457 161489 130155 5503 52793 149255 119159 121339 103249 153283 156215 16590 173969 149368 44030 73568 128824 29221 17375 170352 77621 9816 78211 146512 62058 116317 129772 165835 19490 116335 35431 106718 
222.547
32
65480 170267 7714 17839 168727 18995 172168 70359 153734 17356 167963 140930 141340 162196 58791 139911 1353 20777 139439 59059 87645 123222 160495 167213 136495 135343 124256 61386 175896 23229 8289 86049 
129.274
36
16215 35125 93808 169474 135296 64766 88714 148091 47894 64928 175748 135949 172761 38885 80854 152229 9289 110988 7435 64709 157033 42080 9139 144081 150065 45504 120461 44086 126459 89847 80321 168197 18684 99870 6977 114868 
204.335
34
133157 50003 14628 52476 8371 36362 111224 47914 106248 86737 27347 44985 167698 32173 157355 65432 78394 175052 46505 67576 95002 59247 126888 98897 53883 116817 52424 2628 121994 38690 102469 155671 107607 110326 
167.967
34
37302 34536 49197 88998 121808 42049 1158 118278 170877 164121 49778 70272 106986 20108 98310 135419 137677 132680 65337 90580 44851 37416 50629 46467 93286 128468 24724 68040 44840 109265 112636 81551 40096 110691 
97.242
36
9597 163755 110610 170208 132677 114228 39600 92433 138171 82944 138445 161860 85101 122682 83031 133008 121644 28926 45548 163566 108762 56780 16909 147183 136219 167255 90684 146507 65264 147164 40509 94361 106896 70235 10991 101172 
189.376
43
97225 27774 151533 92687 177179 103478 9756 34498 51844 78650 132664 169668 108075 134019 114867 26175 150510 12423 113132 42444 109141 161133 153485 11684 153878 151180 54716 171370 156296 23655 40734 102946 167878 22024 154595 121395 170999 115168 15939 104803 71202 57643 62396 
74.295
39
75010 34579 41414 58557 17988 34088 21734 4740 55045 92863 37504 121422 68308 52423 74023 144088 39618 162938 85228 149980 96877 102822 84107 157762 71274 113868 134941 154338 58808 162825 128404 42330 47289 171659 72206 83678 163780 111499 130366 
186.285
40
136376 163769 167389 149243 127484 86703 175738 173146 146428 70898 126335 125029 158810 28644 153469 3503 116113 29335 31056 144818 4726 48344 177044 103334 155113 59348 72134 149751 20662 134495 143772 149386 37640 171577 98325 100179 110194 130209 8729 115299 
53.627
37
114381 34208 59165 124199 61420 119711 2749 151269 106576 123130 31532 106011 97966 130581 41254 89283 122348 176911 150178 1540 139554 39556 130788 148434 31709 113608 112871 12184 43868 107952 79147 41269 166590 41776 139407 32921 132752 
121.345
41
30883 112206 49242 62371 58574 16 169207 169610 159068 162069 142348 78011 161889 128786 115290 121681 16405 126711 55175 53418 35278 82826 23171 147570 80819 125503 56108 43797 8427 64719 108206 130903 137772 13055 116904 52137 33959 112843 6597 3915 177586 
156.018
33
165491 90038 116376 29774 116205 68241 170372 124155 46900 6718 86602 160343 123911 78346 142430 114321 137784 63252 108995 62639 77604 156505 117016 32856 91381 129092 76129 58437 90945 58489 20077 80720 120998 
62.087
34
46328 107554 135681 69275 131167 8457 28262 74767 46546 113664 128597 33812 36659 104213 13810 131786 45234 83181 110850 101215 172844 90451 155723 2930 73797 160455 137218 15978 149677 8518 35357 23024 7342 110952 
189.927
42
86706 160614 38468 129264 164183 125422 31544 25700 72053 56284 91929 85055 32658 137509 154192 161430 159281 123494 91758 130031 83159 22690 169136 159592 35646 72663 172032 6763 29749 57393 41225 50706 103659 85569 128761 146967 161345 239 91782 20368 11508 175922 
318.507
41
155753 146237 93162 111326 133943 1498 11038 132355 19431 128674 28032 169426 176265 9749 143867 62563 121453 88598 1381 61762 84030 62407 28184 117692 93677 98588 119701 3818 110158 2346 44024 73955 114573 127064 78870 142226 72289 15520 172439 12039 139835 
174.706
37
43634 161111 99062 167530 148942 19510 164045 151555 33256 143342 174718 114581 79538 102089 103863 126782 65472 32525 150893 28375 8241 147429 93599 69919 172229 169942 7687 98091 25857 116636 99989 104514 122128 91129 99859 4514 73684 
324.245
45
24546 153412 15411 166912 72451 46916 172492 173733 102672 136467 7810 136061 107215 63231 59848 166338 168263 118731 29737 41253 159703 32068 149840 127557 19983 130157 7846 76542 135770 12007 9147 22288 144187 117044 37318 59194 47826 59345 122496 89477 93738 54682 143015 47648 56383 
194.307
35
129119 29389 101446 88930 72208 40281 96304 62409 97451 12752 60600 46297 159833 175501 66977 64326 135666 75130 123382 57577 56033 8148 1981 28031 1774 64024 116413 62555 169870 84956 173112 105057 148840 24876 37877 
221.852
39
74856 17618 42293 60802 105278 95107 153906 140956 123892 76569 166058 33716 149396 24601 177377 142334 46410 114317 155373 29977 25513 13974 157683 100812 172035 1913 78446 44162 114802 161584 140684 174101 63155 39711 9257 153108 168419 1795 59158 
359.773
39
163702 134925 130680 37309 131781 54985 3862 6105 149840 98901 118287 25535 29321 108158 101145 174418 68153 17428 89513 35662 148009 52725 154280 98247 71641 103242 32802 122727 30394 72216 31540 158347 53322 107720 56342 105984 155683 7446 32434 
158.321
38
95313 53456 112361 161613 155030 55388 109116 153086 141763 14446 78549 119183 148510 102032 162612 95450 43028 40615 14435 80317 28366 85439 39324 89156 125917 1770 13689 174004 34328 115998 131841 43936 88981 40314 98608 139975 8694 149511 
271.055
34
94215 122322 159405 156511 168633 70518 177800 4125 156820 163949 155548 173235 155545 3438 18459 56378 130699 116532 129824 123391 17121 62865 117324 77611 133213 124010 86010 134034 118954 32851 29572 73581 66432 109854 
167.413
39
154809 5228 112398 64907 154503 27092 2213 3966 165342 88326 19858 184 23189 132745 118705 174506 176492 62168 116310 172198 160234 62299 29566 41027 147517 125905 94833 82699 35891 12390 166368 28791 46121 154787 66778 13671 95787 49999 101336 
284.859
42
61665 46712 45695 16748 22821 165896 26351 115627 114552 104472 102345 113728 161051 7483 50631 29554 89757 168643 63449 90747 52650 161701 72698 122982 131983 149519 66379 116853 124372 81509 73953 135055 41518 17858 78944 122743 7455 146197 176618 155784 28899 128751 
260.446
33
9456 155196 176401 129976 54670 62560 95454 169618 139908 76657 101311 98811 49791 79025 67872 164653 165793 57804 124136 116272 157759 17676 105815 5922 109005 115741 141758 91722 92415 140817 44256 77916 147125 
202.554
