24
366 966 4139 7659 2180 9255 10240 14422 7975 9479 11078 2182 11115 1020 5031 12510 8001 16265 3355 10051 15157 10583 3079 8966 
1.286
22
14837 1319 17372 5724 16952 5750 3546 4107 6817 3148 3993 4690 6226 13206 3076 5448 1802 10258 9672 12589 4448 14128 
2.3
22
5403 9861 956 7744 2320 3880 6344 15967 14326 8211 16483 4032 1335 15196 14411 132 4100 15273 986 2981 365 11880 
1.02
27
16880 15245 16055 5349 3164 13423 2336 11688 8688 16414 11657 5651 6665 4582 10481 16711 12845 5930 17573 875 11962 5732 4573 11945 11840 4273 13296 
1.018
28
8764 5154 10984 6831 5158 8953 12269 8723 8664 13724 1416 2594 10024 1314 3329 8361 7535 7570 7308 6629 877 10166 9971 4571 1379 555 6018 16578 
1.72
32
15717 13268 15747 11596 8403 5279 5157 2161 6366 10479 2935 7399 12249 17364 12940 6070 9932 11003 1376 17088 2572 8143 9552 13446 4322 16907 14734 2226 8453 7456 8400 13837 
2.417
23
15201 12485 17139 2445 12649 1296 16041 10082 16581 11898 6836 15786 7726 3030 11329 3722 2465 5555 14646 8485 12902 2674 5669 
1.303
28
11076 6553 3871 9863 11602 12460 17476 11040 11915 16538 11247 2507 876 9257 15058 3253 13300 7989 8389 8859 5049 805 7462 5131 5510 5494 2855 9684 
1.044
29
2330 449 13582 4364 4544 5015 8699 3383 12769 1702 4368 8478 5804 2261 5389 314 918 7617 6229 16005 14417 5968 12665 15257 17101 3540 4737 2990 3154 
1.451
24
16082 12404 14171 2442 1089 16911 6679 5590 6522 1150 14549 16502 12143 6061 16441 9876 14689 120 4059 15525 2072 2979 5440 14552 
1.722
27
12384 6285 1926 3095 3156 16493 14302 9037 3392 9539 8430 9284 10688 2768 1921 8519 16332 10848 2874 15355 15164 15399 6036 12131 10089 6818 8159 
1.045
17
297 9181 17011 1445 9426 16974 8049 10511 4010 14939 876 8721 9333 5914 11707 12294 15813 
2.99
24
6870 13378 3552 7962 3416 15327 15457 13337 17005 16868 16213 14727 4931 8324 6532 3433 6232 17695 8764 11020 10954 4397 7189 12621 
2.024
26
12007 14948 3699 2522 3868 993 9349 15327 11231 7155 5298 7472 482 10272 4061 6357 10496 14051 13571 15296 7984 11469 12210 13285 1951 8422 
1.505
21
4895 17121 15315 3396 5091 13332 14373 6635 13004 3097 12030 17357 12251 12622 3773 16520 17661 5170 7629 12722 2054 
1.443
27
11887 16711 11724 2246 15445 9723 8466 10638 15758 9741 17688 5944 9122 8654 6438 7821 3027 10890 16696 1278 3843 11937 9711 15572 1202 3682 11497 
0.94
25
11943 11415 5096 9011 8761 10718 1854 15315 13355 10299 16681 4588 10237 16533 2513 4652 12468 441 530 5388 9814 4460 1508 12056 4597 
0.994
21
17379 16747 3056 4190 8831 17126 9981 360 14559 13504 15711 1490 8531 10383 17450 13516 79 7896 16156 8043 13980 
1.301
21
5662 17374 9251 12301 4458 5888 14116 15075 13435 15016 9665 16296 14404 3170 9995 13926 722 11193 16970 10401 10410 
2.099
22
6196 6097 13611 16057 726 6650 3461 7602 4471 17578 6490 9901 10852 14035 11059 9744 9333 15344 3215 8407 665 2366 
1.238
25
12478 15242 13867 3397 1075 9340 4258 5613 2944 4222 13116 762 4702 13288 10971 4044 9516 13791 13859 779 16715 783 6173 10429 11050 
1.427
25
1092 7445 8653 13724 11257 16570 1899 15222 4529 7392 14493 7416 15784 15676 17267 8467 913 15213 11399 17287 5227 10500 17258 2235 14917 
1.592
22
11877 5031 17586 12214 769 11878 17556 3651 3597 5944 11814 4630 1329 9238 2938 4961 5470 13862 14114 17126 17296 11174 
0.955
26
13851 12176 4868 395 4073 3047 121 3814 10570 917 3784 790 15590 16296 9218 14455 3689 13970 4422 8127 17132 2335 7858 8445 9815 11368 
1.16
18
15738 12687 8808 17344 7072 1505 11023 15718 8972 9775 44 8633 7483 4447 17319 1910 641 10335 
1.228
20
6088 15723 7537 13847 5692 12236 13873 215 9595 1679 2067 2152 14873 4064 1393 4518 15311 2596 339 8151 
1.224
23
6962 7464 14353 390 2071 14604 2287 11170 12154 16210 6301 13337 11405 13647 7998 16402 15801 836 16972 13456 16651 4878 8708 
1.591
25
5516 10826 13498 17749 2168 11772 12809 9420 13175 2122 1267 15189 2787 9713 10097 12791 30 847 11873 5837 10046 3722 9523 13840 14303 
1.802
25
16329 8975 16834 13316 14707 15403 2981 10292 1450 13818 15093 4800 1561 15765 1266 13523 11603 11844 9039 12699 6533 4085 7438 5169 7856 
1.723
25
3218 13260 15830 9715 6426 7778 12511 15932 5987 16053 4438 749 5724 4444 7625 10689 4406 7724 5739 17608 4494 406 15676 10730 16689 
1.272
20
16404 3797 17119 4623 13414 16906 1973 6741 4727 7464 15358 8503 4363 5934 5696 3775 14604 6132 2081 15013 
1.116
25
16437 6482 4498 2087 13356 12286 11999 11099 1433 11035 12656 13536 11309 3824 16533 16206 876 3069 13239 17668 17762 12000 9236 11618 14742 
1.206
31
7448 12980 14657 11651 11657 6986 16081 11145 6085 11745 15594 14258 15801 8469 3382 17220 8891 2578 15338 13713 13627 7908 9113 4394 12543 17399 7491 1655 1284 7808 8956 
1.979
27
8201 10715 13660 15786 7648 9920 11169 14102 9874 14656 10806 8100 16136 17525 8143 6399 16602 16534 7498 15092 14723 10625 4567 13474 5630 6599 11306 
1.607
19
11306 13381 15078 7847 7770 4035 8366 4080 5019 7067 5386 4400 17541 1525 10259 13755 17222 4561 17690 
1.9
26
6808 2042 11353 5992 7552 9517 3079 10971 2560 6442 17211 4012 7830 3626 4238 11626 8532 10700 5896 15747 7744 1008 9210 10496 850 12728 
1.984
19
17056 7682 11612 9591 11047 15047 14258 14294 14457 10038 1625 3985 17766 420 17272 9804 16535 2795 12657 
1.853
19
11494 11762 15596 1839 14542 4101 5870 16046 17767 3148 11765 9676 14977 4641 8353 4003 12585 1256 1927 
1.531
29
1339 15635 2324 12509 5085 16229 17338 5386 17589 13758 14478 916 6341 12109 12651 2417 12158 10889 13245 11658 5656 10335 2696 6236 15712 535 10761 11807 5114 
0.921
25
300 6209 16070 15406 10054 5020 2521 7895 5222 11580 1764 10719 12430 9503 1234 8137 4804 7264 7505 5165 17356 455 741 8766 10126 
1.467
26
11636 3159 2821 4460 1690 7094 9882 13537 4590 11273 17477 6643 3277 4586 13097 11055 10125 5015 10129 10595 6458 1403 17192 1102 1723 2589 
1.319
21
6253 6444 12429 13229 8472 6672 3683 10678 10702 2830 228 13082 7266 14220 13986 1131 7618 9358 6533 7716 15957 
2.466
19
2182 6601 12716 11871 2665 16660 12005 11798 6271 7671 16979 10948 16823 2209 8410 12861 14316 15518 2876 
1.014
31
10048 15812 5888 8906 16584 5323 9537 8123 5674 11696 12592 5107 10656 13294 12073 10473 6053 7167 14970 4976 4517 6849 1632 10536 8306 47 10834 2377 13135 11391 14517 
1.759
22
4049 7643 12697 14707 6196 4708 677 13302 15518 14238 4886 1030 11316 59 15789 10128 9758 10082 11044 10104 6675 9177 
1.498
21
11975 8742 6981 16679 8610 14103 1821 2299 354 249 4186 8389 17658 2934 6062 328 11041 1247 11308 4249 17134 
1.528
27
2232 11778 14196 16072 3747 15109 1114 3983 3094 14568 15690 9691 1914 6973 1767 6083 2342 5471 2534 7682 4377 178 10726 2380 755 8283 12598 
1.738
24
1973 10225 7162 17585 8072 16950 16198 14548 7768 1096 12052 13056 11991 319 657 7260 10526 15935 17740 16259 2169 8071 11691 13920 
1.15
24
14792 6108 9909 2846 14117 15947 13541 875 13070 10570 220 12244 8850 14574 5798 14050 5709 17408 14552 10167 8977 10445 16541 15153 
1.214
25
16176 1862 2234 8610 7395 17434 7784 10248 10507 11457 3566 3337 9141 10363 8698 17280 6417 12969 10715 10133 7347 7807 5162 796 12237 
1.14
26
9550 9805 3856 7586 1082 12701 13259 6672 12907 5369 2890 10253 273 16163 16812 7617 4056 8100 7935 12680 1572 1768 2310 3285 1918 17266 
1.434
23
13230 14498 5327 8271 2063 782 15976 7953 15962 433 11695 7851 12306 5012 14788 9213 14456 14688 1193 17347 479 2810 11654 
1.22
18
12894 11034 12316 12380 4510 2373 8852 10060 10840 4586 1514 16447 13228 3468 14312 8285 1869 13491 
1.763
24
10760 1132 7960 1804 6302 10937 11947 171 4082 1250 1780 10289 7479 13901 14464 4160 2106 469 15002 15831 14794 15190 8333 16536 
1.936
26
14783 8351 17163 8520 4032 10858 16472 15747 9799 6393 13516 14076 1557 7977 12551 10062 13885 8316 14310 6828 1933 17781 12643 3943 8211 11970 
1.146
28
846 5455 11240 1606 5527 13467 490 4426 3206 3846 15339 1838 5149 6557 9083 16083 2814 17605 5928 7783 14551 15767 9592 14989 16756 6886 798 7612 
2.068
27
13617 15380 11858 16414 7932 12873 14760 14881 13026 16219 2779 12833 10082 17275 4347 17169 7477 224 2559 13785 12429 15507 10517 1678 9420 5670 13384 
1.864
21
16884 14927 3602 2338 8821 8104 5503 373 13265 8283 15524 623 8188 6094 2693 14593 12595 6370 15643 8093 13296 
2.021
23
9321 1267 7222 9280 5210 6213 1524 16112 1633 5277 11739 3166 11968 7027 7920 3352 3192 13202 5748 8669 13630 9555 10579 
1.429
22
3199 2536 2462 5452 14830 7306 13716 6683 6844 1662 1307 14200 860 9628 14986 12923 16258 12636 5208 15618 10418 12358 
2.168
20
4086 12162 5388 10636 11818 4891 6299 12003 16528 16069 16462 11634 10078 9525 9261 9566 14082 6042 60 2577 
2.516
26
13528 5675 7754 6655 3884 1504 1436 9368 12675 4244 9621 14945 3358 9971 12197 8376 13721 115 12417 7426 13403 10825 3378 15992 779 2944 
1.12
24
14133 13780 14511 7261 16852 4538 6512 16758 3589 16 3866 17340 15283 839 566 2736 983 11044 17424 13964 999 5625 1619 7848 
1.345
24
7198 1838 7283 5773 7121 1062 5359 2915 2636 1590 12998 17334 7335 13027 7758 10157 11244 1301 9632 7093 16525 8003 3539 5725 
1.276
24
17691 9088 8651 13934 9921 12926 4821 6220 16528 8804 8619 1186 2225 9799 1957 12464 7341 17770 17166 838 10815 6180 4209 14553 
1.469
24
8388 5283 16735 10091 878 8621 6463 6598 3908 15668 3796 6496 12533 1082 4 7349 8687 9325 17793 7530 12275 1968 7265 16267 
1.571
22
11402 6452 16960 14000 4764 7770 3251 6648 15603 4096 4933 795 8299 13419 8088 12733 16470 6097 1129 750 12325 16232 
1.547
21
10450 15378 2450 4685 12899 15121 16946 11842 6408 17625 1358 14227 6367 11194 7556 16114 4638 10378 16361 13856 15323 
1.28
20
9751 8272 4542 4791 15127 16970 10940 14489 11871 3236 5742 9569 2495 7582 15558 473 15858 4848 13126 12879 
1.457
24
15193 2337 920 16767 6884 17723 3563 14439 16660 327 12587 15189 10182 8580 11754 12765 323 13962 6830 6901 17151 10568 146 2274 
1.437
25
14573 9145 12771 4758 9941 17098 8318 6974 16438 12540 5046 2036 2452 1983 14511 4460 14239 2573 15938 5506 11928 5411 2813 2693 12601 
1.433
19
4344 6963 982 16730 11032 4939 11168 13796 11981 8771 866 12235 11803 1900 7388 9534 5629 26 12923 
2.013
32
16609 5912 9920 15824 9081 16954 1065 3677 12513 11704 16775 16763 5812 16248 13938 77 10963 16583 14174 14981 11252 9532 7904 2791 4008 8432 5885 17372 14072 16140 1284 7110 
1.699
25
5060 15480 8202 16247 1119 660 13273 12917 10904 3195 9375 14181 5326 12057 1624 13567 12643 7897 11629 12787 11202 14172 17389 12331 17152 
1.594
24
1272 11201 6821 5550 15056 6726 17214 2150 15780 4184 10069 14465 3502 707 16781 2425 996 16652 3681 3775 8845 12809 217 11109 
1.254
32
1583 12574 10399 6445 14352 216 5636 7909 14745 7436 9979 17588 3648 10402 17429 11097 10521 6533 9201 1670 8059 13473 13676 12101 1693 1569 8903 12639 1896 7505 1554 3504 
1.294
26
8203 3304 6407 14626 12228 12091 12341 16088 9054 8828 8396 4699 10524 6650 1375 8504 13850 9255 13260 1893 5190 4165 16837 1706 9586 10810 
1.437
17
9625 16804 5031 5098 7154 8824 2298 16601 14670 5405 13204 11949 7101 15035 12714 12912 13903 
1.185
26
4867 4768 14372 13994 14192 17530 17382 11975 16573 8915 13373 3024 7481 4771 15136 7203 15845 8217 11513 8673 5608 4938 16476 10001 3828 16733 
1.529
28
3076 11014 7586 10471 1515 15548 6819 15003 2993 243 17744 6008 11601 4286 1478 4111 8928 8170 3018 1606 7216 10513 5299 3029 3290 15565 3350 10695 
0.931
23
12051 16967 8299 6838 2459 5768 17660 915 13070 4395 11720 13584 11512 13066 11350 13416 5001 8454 9431 6064 7860 8265 16705 
3.432
23
14732 5439 14440 4469 14897 5543 7528 16487 3384 11481 9493 1896 10120 5496 11393 1912 12444 7105 13934 10431 34 304 14598 
2.224
23
6131 1725 10629 17525 2658 10802 17433 10222 11413 6530 331 17666 1337 14842 716 9677 16953 17284 16195 5160 7715 1626 10259 
2.247
21
14561 7748 6812 12290 17162 7010 4507 13930 16267 4935 16183 14054 1466 15396 14574 10263 11071 434 15892 9298 11266 
1.397
18
217 14986 13708 603 10432 15318 8524 11701 1764 2495 17491 3753 17671 2415 4799 8925 11900 12384 
1.596
26
17057 17225 9029 13806 11400 5933 13938 2733 15146 8518 7507 13910 16194 10809 8400 5890 10815 14260 11727 14580 15324 319 7826 178 4038 13539 
1.013
23
5749 13166 3887 11691 7311 9836 17123 17144 5577 10535 16092 7779 1582 13254 2383 2491 1982 16078 5494 1762 7251 13107 13197 
1.795
26
5172 5327 5668 237 1110 13854 13735 1202 3265 8272 16345 14387 10553 15808 11986 12541 947 16320 4657 4373 6197 12516 8350 5109 5475 17103 
1.123
27
14704 12640 7692 8249 17510 8012 16022 9714 16214 8514 15565 2512 14899 10646 5663 5726 1763 10002 1858 15013 13309 209 6101 2658 15165 17022 17420 
1.479
26
8305 1080 17182 1741 1401 3830 9374 6845 10485 13865 14336 9769 9101 2340 8333 2878 17427 3708 3653 4388 9181 5556 5085 5244 13651 15450 
1.814
24
1880 8078 8829 3439 10816 6610 15973 11273 10539 11768 16429 11150 7185 14141 13117 9706 15088 12374 14219 17372 7681 11596 435 10458 
2.232
25
7373 2443 1956 11709 7463 7737 16785 3587 15610 7360 3559 6165 9316 11484 979 9451 4090 417 4330 16862 13372 16606 15608 2161 17352 
1.069
23
14719 10796 5567 6996 10581 6525 13571 4547 8382 11799 2372 6948 7887 13646 16897 11084 8353 17024 17270 7050 7391 3055 3214 
1.681
20
14359 1066 3041 14990 14527 15178 2992 5272 9948 15430 13264 6233 5516 16364 13975 11334 12480 6156 6608 13240 
2.906
21
16916 16136 7331 2383 15153 14420 12845 4724 2037 8099 15851 5837 8583 3389 17070 5238 14056 10994 774 7169 8833 
1.318
17
4358 7552 6106 10578 8977 14545 3682 6039 15484 17600 10826 6361 16679 5574 5991 6621 8222 
1.493
22
1419 11520 988 17174 5121 17685 12452 2883 14883 7923 10106 319 4867 10748 12511 15213 5794 16256 5389 1005 3595 10567 
1.426
23
10028 4000 10509 10790 693 15965 6820 4817 5635 5524 16499 17604 16504 12321 16938 1859 3705 1995 597 15198 8383 11395 12367 
1.654
23
15671 183 6002 13448 14607 17262 2126 1313 4468 16358 15923 8665 11675 10535 3470 13731 6993 10392 13463 12822 866 7636 9078 
1.056
24
13080 3480 3053 16226 2580 13175 13324 11945 10777 3471 5508 9716 1323 12633 14049 12308 15209 8924 5330 2214 17466 14217 7179 5487 
0.93
