16
1642 475 1225 1601 1138 314 609 1310 931 606 1090 1323 580 1287 1085 1364 
0.161
16
344 472 443 485 976 192 1314 1559 1348 1167 1113 68 846 289 461 555 
0.364
16
1548 449 1754 1590 1564 911 1282 1595 445 559 996 1099 61 155 578 1169 
0.217
16
1051 289 1006 870 1429 851 1184 1479 340 895 1482 1709 1081 152 549 1684 
0.1
14
1363 458 141 1710 154 1677 1069 1176 169 1118 562 914 1577 1768 
0.156
14
243 1678 42 1703 1355 1062 1187 1663 192 1185 1555 1525 157 545 
0.16
15
929 843 1491 523 1205 957 1393 688 1524 375 1073 395 1305 1236 1561 
0.305
17
1257 1706 1105 548 1019 19 1273 982 1241 1579 28 160 232 155 1104 1714 1721 
0.173
16
533 1642 276 1099 1057 1074 990 1722 1513 1161 300 614 527 1675 119 330 
0.252
15
1034 930 584 700 918 185 1155 932 1075 1467 1127 1309 1661 457 1480 
0.098
17
901 836 522 248 534 743 1055 1290 1341 335 89 1299 596 1106 691 274 1049 
0.218
16
1128 1399 537 1573 1045 567 1683 487 1099 1773 1198 1616 392 613 374 909 
0.099
14
713 1451 1380 1691 718 166 661 1439 577 71 873 322 217 1057 
0.176
14
409 1519 1508 1403 845 520 590 1095 498 526 969 863 543 854 
0.321
15
1759 1007 1673 476 1276 901 506 393 907 428 542 500 1645 793 960 
0.136
15
1763 706 1176 259 240 580 1353 1057 397 1117 1556 1639 1214 30 412 
0.133
16
1171 596 142 595 777 1560 753 493 1137 161 1180 1155 534 1214 653 851 
0.17
19
641 1153 504 879 837 335 78 362 788 739 1021 1643 1175 433 1061 1446 568 294 331 
0.311
18
695 1051 495 1037 1630 604 614 1324 886 1246 729 844 1346 1249 627 767 902 1687 
0.214
13
203 1778 1293 1479 1444 1603 275 1095 973 122 1678 1677 216 
0.095
15
1390 767 920 1397 148 1100 789 1632 1764 318 691 153 1368 720 732 
0.224
20
1070 1521 93 760 1153 68 868 502 1154 1249 71 104 1035 1003 1316 11 304 596 1183 1351 
0.34
16
859 885 1373 979 191 442 119 1307 961 968 874 1044 1106 781 682 1016 
0.27
19
1015 618 1367 421 725 1246 443 1346 162 653 415 159 755 1189 952 566 1728 209 216 
0.224
14
525 359 1113 458 281 1778 682 813 1140 965 611 1654 387 454 
0.102
14
1656 798 433 1646 1097 73 867 1309 887 598 1101 914 874 1062 
0.192
19
1583 900 1624 1024 1078 541 725 720 1323 200 381 1194 169 944 1466 178 434 1231 1444 
0.229
12
817 1005 683 1457 867 1732 330 1 778 484 315 345 
0.262
15
124 1426 1161 783 674 1507 3 224 6 129 819 1503 1670 463 687 
0.308
18
1628 261 624 608 953 819 342 1699 1631 389 621 107 186 1240 1485 858 992 1078 
0.272
17
1396 1414 337 1276 1269 622 93 1733 471 853 1684 1031 1318 1175 629 29 1721 
0.367
14
143 1157 319 1707 267 390 1762 1128 65 295 1456 1596 1245 1661 
0.177
13
894 1221 90 1732 1270 1261 1727 510 1100 1180 267 29 1223 
0.341
16
1595 1654 1274 155 1232 107 525 978 719 802 1621 1420 1759 985 892 645 
0.101
14
369 489 626 289 391 85 1391 177 233 1755 558 1057 68 1627 
0.296
17
1272 362 917 528 1088 20 1633 398 591 61 1517 1225 1286 1562 912 821 1312 
0.26
15
79 800 540 458 81 277 104 248 1430 612 1703 847 6 1260 1722 
0.14
11
4 1696 1570 105 1527 859 352 1416 745 658 795 
1.173
15
994 377 395 1371 785 923 844 1683 214 609 521 318 954 697 1492 
0.203
15
457 929 641 1406 195 130 291 1282 206 822 1699 1151 450 948 1451 
0.305
17
1543 1083 886 681 1169 450 1040 1138 187 1239 1502 1369 45 706 458 680 1534 
0.265
17
926 786 881 1165 305 258 1209 315 56 442 431 1390 1062 1729 1033 1687 1753 
0.16
14
395 1447 736 1399 983 420 1547 533 1432 287 153 791 710 1504 
0.21
17
1743 133 568 1427 85 590 180 899 1050 914 1259 99 542 887 308 346 349 
0.185
16
1545 8 710 1692 1349 653 520 431 144 833 1109 905 1672 1362 227 1344 
0.234
17
106 1330 1745 1583 1159 1510 1222 1731 519 1437 29 1132 1284 1557 1449 602 730 
0.104
14
1318 385 774 619 868 859 1170 992 54 1292 242 1507 384 1675 
0.214
15
265 1730 1700 1380 1455 1132 671 595 1289 421 916 476 1234 887 1091 
0.462
15
571 1036 646 1168 496 1636 1471 1683 1739 284 221 199 1248 852 878 
0.271
15
1484 1210 1579 1530 368 138 767 1725 1140 631 701 931 1367 629 1563 
0.149
16
1378 1299 964 1090 1356 579 1430 914 866 482 861 875 538 1012 1210 1386 
0.265
16
1615 1006 1432 1738 665 1402 667 1493 17 651 433 1137 173 1483 368 1442 
0.406
15
1004 310 878 522 255 146 354 661 733 577 1486 141 425 629 1583 
0.279
15
836 1362 617 1090 1587 298 1584 762 941 147 878 1182 1004 1060 1666 
0.179
15
1218 391 234 1123 322 1761 1773 1063 305 1312 23 130 1349 949 1595 
0.168
14
780 358 1542 1051 1360 886 1336 971 1173 734 1621 1201 758 779 
0.671
19
605 281 221 1057 1702 155 246 202 263 958 662 813 1256 509 530 1439 296 43 1482 
0.291
18
1275 357 641 1025 32 278 839 946 901 1568 939 1455 1237 255 714 1625 932 947 
0.252
16
1498 769 735 491 305 736 230 713 1224 535 1105 1127 1226 1404 873 1558 
0.338
13
888 249 202 813 839 803 1014 1059 1006 13 1293 335 1227 
0.099
23
1676 1775 1087 188 1587 1009 1182 739 1073 1084 885 316 1232 1717 986 1397 948 1342 405 597 1012 342 811 
0.098
13
699 670 1021 1349 603 1046 1513 879 1153 54 138 635 1371 
0.464
13
484 215 1302 989 858 98 260 1217 673 1356 1534 240 1012 
0.242
14
1232 588 1089 614 413 1665 594 1418 1479 925 824 1450 562 1309 
0.224
18
927 783 136 1760 789 980 1607 1770 889 1128 1743 468 219 762 743 479 404 1041 
0.254
15
124 228 1535 1332 62 1660 1138 808 1388 96 773 211 419 811 1257 
0.628
15
1242 426 1138 1762 632 150 772 429 56 281 415 1546 353 312 1423 
0.252
16
1276 448 1718 1257 447 505 1216 1130 1663 81 1772 1668 153 944 1322 1508 
0.101
14
1569 120 538 330 1771 714 987 77 301 989 490 359 1089 1449 
0.146
12
1119 100 1525 926 278 847 393 1372 1039 1080 524 941 
0.345
13
801 1718 1208 184 2 573 251 1215 1408 1214 217 959 1426 
0.493
17
1748 434 1007 1770 1542 1297 145 1090 1697 1630 1737 1683 200 475 628 136 1014 
0.288
12
246 124 829 1025 667 1220 1084 1572 572 287 1507 1421 
0.097
16
1201 1248 723 844 526 1417 652 908 1026 1029 755 655 466 195 1222 1665 
0.308
14
639 1309 1444 426 36 429 874 1414 580 1173 328 1624 102 1312 
0.179
12
1762 1156 819 196 1168 1250 1147 1426 1454 663 806 1574 
0.302
20
1594 1093 488 1047 645 447 1422 146 1325 532 1081 1318 1103 1297 259 1742 487 444 1387 1433 
0.175
15
68 1411 57 299 458 1669 1067 158 404 349 552 826 362 186 550 
0.222
14
1447 32 862 196 1560 1058 618 1481 1045 1748 609 1326 162 911 
0.201
14
245 646 1142 1285 1224 1087 1702 730 1149 731 184 364 336 1602 
0.321
14
1493 889 329 656 1629 1380 665 1354 1421 1428 1737 373 619 1349 
0.232
15
595 3 868 78 1234 1570 590 1265 713 356 152 559 573 351 365 
0.181
15
1343 289 376 1188 21 1610 1308 1190 348 1693 132 432 747 595 1489 
0.762
13
1006 1499 645 1439 685 1498 125 829 880 940 27 900 1531 
0.277
11
256 1706 876 1522 488 820 762 1484 71 1613 1765 
0.852
12
688 137 1200 1335 1359 1333 67 915 1451 1361 1273 1687 
0.306
17
194 15 549 875 783 617 1320 171 1156 1055 1393 1344 1411 1482 1433 1629 303 
0.103
13
472 610 992 280 1083 574 1497 1092 1476 1757 1330 65 1496 
0.164
14
559 934 1684 293 93 1155 1592 308 1480 952 602 665 880 1701 
0.913
14
623 1639 466 1053 732 625 78 740 1772 721 1722 1527 200 1134 
0.725
16
1412 908 1303 1483 701 755 1644 163 1646 437 666 581 1108 1570 1022 1255 
0.101
12
175 899 159 1031 1037 1460 455 1028 1046 219 852 947 
0.328
16
558 47 1266 1348 907 544 128 592 1422 29 284 1705 690 833 151 343 
0.392
16
824 1601 1168 1239 1624 129 152 1001 1500 1221 847 632 593 1329 139 974 
0.39
14
1765 552 893 374 1511 1386 1267 189 961 665 475 554 422 1413 
0.285
14
1517 140 94 1666 981 1021 492 1298 1696 541 1489 1354 397 650 
0.288
15
123 203 1470 947 918 689 1184 1457 877 88 777 1112 1652 44 437 
0.191
16
1607 619 874 438 274 1750 189 938 1766 1606 1206 1499 669 1044 507 710 
0.265
15
347 1761 1726 482 1247 864 809 485 1552 178 30 1643 976 499 510 
0.62
15
429 1072 199 1215 1749 936 1581 1718 881 1133 83 1201 1062 1769 1419 
0.099
