10
4 1 69 81 138 40 108 145 42 168 
0.071
8
139 46 141 173 7 100 159 160 
0.106
11
90 163 73 138 117 132 94 22 99 60 115 
0.065
7
168 154 140 150 170 69 119 
0.05
14
88 1 118 165 167 113 25 54 53 147 146 35 123 153 
0.074
12
1 54 165 104 68 27 85 32 79 65 67 82 
0.038
11
153 168 147 29 130 85 131 170 86 46 173 
0.063
11
25 35 124 157 171 108 112 71 93 64 91 
0.053
8
78 80 101 176 21 44 84 125 
0.045
8
78 158 163 87 151 14 31 128 
0.04
9
89 31 143 54 119 43 129 40 115 
0.131
13
107 32 140 67 51 59 124 4 110 113 49 52 165 
0.096
10
29 83 130 67 121 6 116 158 160 57 
0.014
8
166 4 118 23 66 79 19 24 
0.057
8
124 134 171 46 112 167 96 139 
0.086
9
174 56 26 168 21 133 22 57 175 
0.013
8
9 6 105 56 176 150 2 139 
0.052
13
70 66 41 94 21 164 127 65 92 51 29 156 163 
0.047
12
62 168 167 13 11 77 85 149 110 156 169 170 
0.015
11
53 107 124 15 49 57 131 63 172 8 111 
0.067
9
107 158 12 69 63 156 165 29 59 
0.039
11
8 44 113 154 142 13 164 110 140 11 21 
0.118
9
159 30 132 137 26 173 115 21 162 
0.014
10
74 69 158 50 47 37 170 72 137 152 
0.037
9
159 6 113 47 54 78 13 25 69 
0.065
9
7 171 42 175 10 152 21 56 125 
0.066
9
122 40 92 117 18 161 144 71 128 
0.046
9
83 9 43 172 139 1 69 20 170 
0.081
9
52 117 0 142 32 57 113 17 88 
0.05
10
160 134 102 151 173 7 74 127 67 139 
0.058
11
170 97 41 49 79 12 65 165 20 68 172 
0.097
9
87 99 81 70 175 130 58 5 65 
0.084
7
142 30 83 116 169 122 132 
0.066
8
172 147 9 3 24 168 73 90 
0.037
10
63 38 176 72 60 143 78 25 31 49 
0.091
7
27 168 87 49 109 11 29 
0.07
13
4 136 14 3 81 84 141 28 151 12 85 110 177 
0.043
8
100 111 88 114 149 53 32 79 
0.133
10
2 143 150 149 144 31 117 66 91 100 
0.048
10
127 27 162 115 43 51 3 89 96 145 
0.125
8
6 34 99 64 93 72 124 123 
0.013
11
134 101 98 2 100 109 125 32 29 26 107 
0.052
10
88 101 9 48 24 5 33 108 106 163 
0.036
9
168 118 47 115 25 82 157 105 134 
0.067
11
49 30 93 142 109 12 174 19 65 108 169 
0.06
9
39 82 7 24 129 65 115 111 123 
0.095
10
45 69 128 152 6 5 71 29 48 160 
0.145
8
8 12 101 7 50 90 1 92 
0.04
11
135 66 136 171 103 150 96 148 60 27 145 
0.014
11
28 141 1 75 160 172 40 136 56 5 4 
0.015
15
89 102 71 28 106 82 30 133 120 70 75 131 72 44 158 
0.084
8
160 107 17 143 32 97 57 152 
0.072
8
131 48 105 1 78 159 150 172 
0.042
9
138 58 76 68 48 136 10 118 134 
0.084
10
101 70 113 115 72 21 100 64 138 161 
0.101
12
84 96 72 32 125 79 130 82 92 63 121 152 
0.078
9
134 55 172 162 143 164 39 47 119 
0.076
7
151 32 108 45 87 37 157 
0.013
9
123 1 174 106 118 64 55 89 132 
0.033
9
110 31 82 62 14 147 22 10 25 
0.072
11
131 173 38 176 85 141 156 138 52 66 129 
0.094
9
46 136 175 103 111 157 53 86 168 
0.132
11
69 175 14 46 172 57 27 56 163 122 165 
0.045
8
124 170 96 85 83 137 51 55 
0.099
7
13 35 115 171 71 124 176 
0.114
8
173 69 144 85 103 90 71 133 
0.071
9
99 127 12 41 141 72 135 23 117 
0.09
11
60 26 106 109 13 156 46 32 63 54 160 
0.034
12
125 28 34 9 24 40 166 8 31 39 66 141 
0.014
7
125 118 155 89 70 95 169 
0.055
10
157 163 117 143 164 92 28 94 59 144 
0.014
9
170 92 110 162 56 176 138 26 87 
0.12
9
150 152 69 70 127 3 73 35 66 
0.061
12
78 111 96 144 174 12 66 10 82 92 108 118 
0.134
10
167 32 20 36 2 130 176 116 34 159 
0.071
11
141 1 134 138 8 132 46 176 42 64 16 
0.013
11
110 103 148 101 129 133 81 25 108 3 99 
0.038
8
173 83 106 115 16 10 58 30 
0.032
9
9 87 120 50 66 124 136 6 39 
0.041
9
45 96 41 8 166 147 71 0 2 
0.064
11
18 143 55 169 112 162 79 40 22 24 109 
0.067
9
50 110 147 156 94 61 31 75 83 
0.095
9
16 130 61 112 128 46 72 17 115 
0.081
10
159 160 147 96 39 148 40 71 74 150 
0.079
10
17 131 102 9 162 177 86 7 5 103 
0.036
8
82 81 25 13 66 9 70 175 
0.071
8
132 151 6 63 168 150 146 148 
0.087
12
95 96 77 82 161 106 166 92 119 115 147 175 
0.062
10
122 117 17 100 142 172 170 127 73 83 
0.11
9
145 123 26 72 36 169 32 20 87 
0.031
10
158 89 35 76 165 46 63 168 21 44 
0.066
12
136 150 127 69 143 24 97 174 14 170 58 104 
0.06
12
138 21 96 167 108 69 140 102 83 23 36 71 
0.094
9
55 147 16 173 156 125 54 51 171 
0.042
8
149 93 170 54 69 118 16 115 
0.074
13
120 147 170 132 104 59 15 171 91 95 116 150 87 
0.016
13
173 151 35 109 64 49 42 77 147 26 112 47 122 
0.076
9
36 146 17 151 168 95 110 13 22 
0.093
8
174 149 11 50 8 52 134 72 
0.014
7
153 7 80 87 57 73 149 
0.013
