10
108 1 138 42 69 145 81 40 4 158 
1.971
8
141 105 112 93 103 148 37 135 
1.15
11
94 138 99 90 22 132 117 163 73 60 115 
2.396
7
89 65 71 60 79 2 146 
1.084
14
1 165 88 167 25 54 53 147 35 146 113 118 123 153 
2.71
12
104 68 165 32 1 54 27 79 85 65 67 82 
2.278
11
85 153 131 147 168 29 86 130 170 46 173 
1.764
11
157 25 71 108 112 124 171 35 93 64 91 
2.819
8
78 80 84 176 21 101 72 125 
1.239
8
81 122 94 139 28 164 27 60 
1.13
9
43 143 31 54 129 119 89 40 115 
1.387
13
59 52 167 94 24 139 107 67 140 113 110 10 124 
5.149
10
29 130 83 116 158 121 160 67 6 57 
2.054
8
57 168 74 123 95 97 14 42 
0.989
8
134 46 124 171 167 112 96 139 
0.831
9
174 56 106 21 57 133 175 0 168 
1.404
8
105 6 176 9 56 150 2 139 
0.713
13
29 94 51 92 65 41 164 127 21 66 70 156 163 
2.142
12
168 13 167 169 156 77 11 85 110 62 149 170 
3.739
11
124 15 63 131 107 172 49 53 57 8 111 
2.621
9
63 107 158 69 156 165 12 29 59 
1.547
11
13 164 140 142 110 8 44 113 154 11 21 
2.051
9
14 133 45 51 5 73 26 19 30 
1.626
10
36 37 47 170 74 69 158 50 137 152 
1.634
9
159 6 13 78 47 54 113 25 69 
0.717
9
171 10 42 7 152 175 21 56 125 
1.095
9
117 161 18 122 144 40 92 71 128 
1.715
9
1 172 83 9 139 43 69 20 170 
1.559
9
113 117 32 57 142 0 52 17 88 
1.147
10
74 151 102 127 134 7 160 173 67 139 
1.505
11
12 41 49 97 170 79 65 165 20 68 172 
2.181
9
70 81 175 58 99 130 87 5 65 
1.417
7
119 59 64 113 116 7 94 
1.103
8
15 118 143 75 114 53 16 172 
1.327
10
60 78 38 72 176 25 63 143 31 49 
1.842
7
2 52 134 46 93 7 67 
0.816
13
3 81 12 28 14 136 4 84 141 151 85 110 177 
2.859
8
0 96 4 40 126 111 8 11 
1.093
10
144 117 91 149 143 83 31 66 2 19 
2.168
10
89 43 115 3 51 127 27 162 96 145 
1.695
8
97 27 111 129 54 6 51 72 
1.27
11
134 29 32 2 98 101 100 109 125 26 107 
1.986
10
9 101 24 48 5 33 108 88 106 163 
2.437
9
82 118 115 157 105 134 168 47 65 
1.776
11
118 65 108 128 47 12 30 69 149 9 158 
3.426
9
24 82 65 39 129 115 7 111 123 
1.909
10
71 29 128 6 45 152 5 69 48 160 
1.499
8
166 131 4 72 148 164 0 65 
1.035
11
150 66 135 136 148 60 103 171 51 27 145 
1.899
11
40 136 28 5 56 75 1 141 170 2 172 
2.413
15
71 106 75 28 89 72 70 131 133 102 120 82 30 44 158 
3.153
8
16 37 66 31 134 59 5 108 
1.023
8
48 78 159 1 105 131 150 172 
0.897
9
58 138 48 76 136 118 68 10 42 
1.741
10
101 115 72 138 21 64 70 100 113 117 
1.244
12
63 82 79 130 84 92 32 72 125 96 121 152 
2.012
9
162 39 164 134 172 55 143 47 119 
1.304
7
72 168 112 151 157 17 41 
0.829
9
1 118 123 55 64 106 174 89 132 
1.413
9
147 110 82 14 22 31 62 10 25 
0.658
11
141 52 98 21 12 68 173 38 85 11 47 
4.214
9
136 168 175 67 76 46 142 85 103 
1.205
11
27 56 57 14 172 122 46 163 175 45 69 
2.398
8
124 96 85 170 83 137 51 55 
1.295
7
13 124 171 35 115 71 156 
0.471
8
173 90 85 144 103 69 71 133 
1.073
9
72 99 117 41 127 141 135 12 50 
1.674
11
13 26 46 109 32 106 156 63 60 54 160 
1.351
12
31 66 8 141 40 166 125 28 34 9 24 74 
3.376
7
113 54 89 95 155 4 58 
1.055
10
143 44 106 45 3 117 163 164 14 157 
2.028
9
92 110 162 170 176 138 56 26 87 
1.246
9
127 3 69 152 150 73 70 35 66 
1.475
12
92 96 12 72 3 66 82 108 78 111 10 43 
2.809
10
167 36 130 2 32 116 176 20 34 159 
1.84
11
141 1 134 8 132 138 46 16 42 13 176 
1.5
11
148 81 103 101 110 129 133 108 25 3 99 
2.924
8
75 133 116 172 148 84 10 144 
1.338
9
124 66 87 120 9 136 50 6 39 
1.143
9
41 147 8 96 45 166 71 0 2 
1.385
11
79 55 22 169 18 40 112 162 143 24 109 
1.848
9
50 147 94 83 31 61 156 35 110 
1.448
9
46 61 72 112 130 16 128 17 115 
1.147
10
40 43 108 119 159 96 148 160 18 116 
3.086
10
9 102 131 177 7 86 17 162 5 103 
1.657
8
67 95 74 148 25 13 0 92 
0.959
8
63 151 168 146 132 6 17 150 
1.29
12
166 106 96 92 77 115 82 95 119 161 147 175 
3.094
10
17 117 100 122 73 127 80 97 32 170 
2.476
9
72 123 26 169 32 145 36 20 87 
1.491
10
35 158 63 89 165 46 76 168 21 44 
1.225
12
127 24 69 97 61 104 136 174 143 150 42 170 
2.03
12
96 23 69 21 108 140 167 83 138 102 36 71 
2.194
9
55 16 156 54 125 147 173 51 171 
1.106
8
54 69 170 118 149 93 16 115 
1.173
13
15 132 171 104 120 147 170 91 95 116 150 59 87 
2.982
13
151 49 109 26 47 112 173 64 42 77 147 22 35 
3.437
9
36 146 17 95 110 151 168 13 22 
0.899
8
52 31 11 32 18 122 8 53 
1.511
7
153 80 87 57 73 7 149 
0.625
