10
108 1 138 42 69 145 81 40 4 158 
0.486
8
141 105 112 93 103 148 37 135 
0.521
11
94 138 99 90 22 132 117 163 73 60 115 
0.573
7
89 65 71 60 79 2 146 
0.258
14
1 165 88 167 25 54 53 147 35 146 113 118 123 153 
0.748
12
104 68 165 32 1 54 27 79 85 65 67 82 
0.211
11
85 153 131 147 168 29 86 130 170 46 173 
0.528
11
157 25 71 108 112 124 171 35 93 64 91 
0.537
8
78 80 84 176 21 101 72 125 
0.322
8
81 122 94 139 28 164 27 60 
0.09
9
43 143 31 54 129 119 89 40 115 
0.715
13
59 52 167 94 24 139 107 67 140 113 110 10 124 
2.087
10
29 83 130 67 121 6 116 158 160 57 
0.015
8
57 168 74 123 95 97 14 42 
0.244
8
134 46 124 171 167 112 96 139 
0.327
9
174 56 26 168 21 133 22 57 175 
0.013
8
105 6 176 9 56 150 2 139 
0.177
13
29 94 51 92 65 41 164 127 21 66 70 156 163 
0.553
12
62 168 167 13 11 77 85 149 110 156 169 170 
0.015
11
124 15 63 131 107 172 49 53 57 8 111 
0.524
9
63 107 158 69 156 165 12 29 59 
0.134
11
140 142 8 44 113 154 164 110 13 11 21 
0.872
9
159 30 132 137 26 173 115 21 162 
0.014
10
74 158 50 69 72 170 37 47 137 152 
0.251
9
159 6 13 78 47 54 113 25 69 
0.197
9
171 10 42 7 152 175 21 56 125 
0.319
9
117 161 18 122 144 40 92 71 128 
0.285
9
1 172 83 9 139 43 69 20 170 
0.383
9
57 142 0 52 113 32 117 17 88 
0.247
10
74 151 102 127 134 7 160 173 67 139 
0.454
11
12 41 49 97 170 79 65 165 20 68 172 
0.68
9
70 81 175 58 99 130 87 5 65 
0.573
7
119 59 64 113 116 7 94 
0.292
8
15 118 143 75 114 53 16 172 
0.082
10
25 63 38 176 72 60 78 143 31 49 
0.558
7
2 52 134 46 93 7 67 
0.316
13
14 136 151 85 4 84 141 3 81 12 28 110 177 
0.381
8
0 96 4 40 126 111 8 11 
0.488
10
144 117 91 149 143 83 31 66 2 19 
0.367
10
89 43 115 3 51 127 27 162 96 145 
0.681
8
6 34 99 64 93 72 124 123 
0.013
11
134 29 32 2 98 101 100 109 125 26 107 
0.44
10
24 48 9 101 5 33 108 88 106 163 
0.165
9
82 118 115 157 105 134 168 47 65 
0.476
11
118 65 108 128 47 12 30 69 149 9 158 
0.551
9
129 39 82 24 115 65 7 111 123 
0.743
10
71 29 128 6 45 152 5 69 48 160 
0.549
8
166 131 4 72 148 164 0 65 
0.072
11
135 66 136 171 103 150 96 148 60 27 145 
0.014
11
28 141 1 75 160 172 40 136 56 5 4 
0.014
15
71 106 75 28 89 72 70 131 133 102 120 82 30 44 158 
0.39
8
16 37 66 31 134 59 5 108 
0.366
8
48 78 159 1 105 131 150 172 
0.118
9
58 138 48 76 136 118 68 10 42 
0.746
10
101 115 72 138 21 64 70 100 113 117 
0.55
12
63 82 79 130 84 92 32 72 125 96 121 152 
0.559
9
162 39 164 134 172 55 143 47 119 
0.294
7
151 32 108 45 87 37 157 
0.013
9
174 55 1 118 64 106 123 89 132 
0.091
9
147 110 82 14 22 31 62 10 25 
0.16
11
141 52 98 21 12 68 173 38 85 11 47 
1.14
9
136 168 175 67 76 46 142 85 103 
0.652
11
27 56 57 14 172 163 175 122 46 45 69 
0.284
8
124 96 85 170 83 137 51 55 
0.476
7
13 124 171 35 115 71 156 
0.224
8
173 90 85 144 103 69 71 133 
0.218
9
72 99 117 41 127 141 135 12 50 
0.7
11
32 106 156 63 13 26 46 109 60 54 160 
0.144
12
125 28 34 9 24 40 166 8 31 39 66 141 
0.015
7
113 54 89 95 155 4 58 
0.77
10
157 163 117 143 164 92 28 94 59 144 
0.015
9
92 110 162 170 176 138 56 26 87 
0.716
9
127 3 69 152 150 73 70 35 66 
0.305
12
92 96 12 72 3 66 82 108 78 111 10 43 
0.999
10
167 36 130 2 32 116 176 20 34 159 
0.465
11
141 1 134 138 8 132 46 176 42 64 16 
0.014
11
108 81 148 103 101 25 110 129 133 3 99 
0.037
8
173 83 106 115 16 10 58 30 
0.224
9
124 66 87 120 9 136 50 6 39 
0.237
9
41 147 8 96 45 166 71 0 2 
0.397
11
79 55 22 169 18 40 112 162 143 24 109 
0.208
9
50 147 94 83 31 61 156 35 110 
0.613
9
46 61 72 112 130 16 128 17 115 
0.396
10
40 43 108 119 159 96 148 160 18 116 
1.05
10
9 102 131 177 7 86 17 162 5 103 
0.192
8
67 95 74 148 25 13 0 92 
0.31
8
63 151 168 146 132 6 17 150 
0.528
12
166 106 96 92 77 115 82 95 119 161 147 175 
0.878
10
17 117 100 122 73 127 80 97 32 170 
1.124
9
72 123 26 169 32 145 36 20 87 
0.035
10
35 158 63 89 165 46 76 168 21 44 
0.418
12
127 24 69 97 61 104 136 174 143 150 42 170 
0.597
12
96 23 69 21 108 140 167 83 138 102 36 71 
0.681
9
55 16 156 54 125 147 173 51 171 
0.116
8
54 69 170 118 149 93 16 115 
0.367
13
120 147 170 132 104 59 15 171 91 95 116 150 87 
0.015
13
173 64 77 147 112 42 151 49 109 26 47 22 35 
0.877
9
36 146 17 95 110 151 168 13 22 
0.344
8
174 149 11 50 8 52 134 72 
0.013
7
153 7 80 87 57 73 149 
0.013
