22
16446 1624 7628 6987 22487 13593 18705 2556 3139 7716 22384 19551 21009 21940 11025 8304 22171 23654 15582 14412 4607 7362 
410.101
28
21725 12357 20657 3717 4247 19809 8358 20169 12358 8663 11942 7848 8071 1467 13867 17841 14829 22798 12184 18796 7866 2119 20623 19843 20641 19438 2588 18690 
533.777
21
7041 2221 3168 9584 11908 21375 16929 10762 15291 21887 3877 22089 6524 1845 85 3148 7389 18991 19951 5961 12371 
360.765
23
4745 13918 18351 9636 2722 6807 887 17770 23154 10815 12987 15131 20670 1223 20839 6836 12625 16806 11994 15499 12947 2027 12942 
338.043
31
2187 18374 21346 3015 2884 2080 12793 6090 9414 21032 6936 7451 13028 431 13793 20798 13575 9199 5691 5143 15279 6120 310 12148 2467 9217 17795 16527 17038 4518 16682 
810.288
32
11560 377 11265 23459 10482 19043 1908 5902 17562 20311 22085 13001 43 18534 17436 14930 9935 4057 21329 4851 17068 19601 8835 19312 5443 6084 21701 3010 23224 16632 2969 12046 
670.597
22
3806 9906 14140 5339 13347 14506 7784 12866 5395 3374 1340 6562 19196 18442 9963 4459 5572 16940 21970 14288 637 870 
352.204
23
22391 8494 7076 5867 9041 11649 16977 11802 7140 8811 20050 16916 1289 15439 4386 15457 2605 14436 14225 12788 23308 4071 9451 
421.599
25
920 8242 8511 20557 3673 23064 7607 16488 18773 13233 7770 21811 21549 7712 4441 10675 12285 1183 11713 218 9328 22832 22820 2352 6260 
457.674
27
18443 4000 9338 20222 20525 20172 15001 8032 12584 17924 15885 1385 15412 15808 15803 16246 1400 2258 17006 962 13955 13235 7075 8095 2987 5407 21308 
607.701
25
382 5228 13711 15995 11355 12263 18435 23198 8406 17334 21461 4730 18376 13701 19911 15983 8672 1764 3346 22096 7711 16579 6551 4275 7137 
407.561
24
22546 152 17453 5842 12833 17602 16716 520 7258 19890 4480 17160 2660 9662 21290 17655 9018 20690 8228 13489 4415 11821 1537 2016 
440.999
26
1410 4475 11222 4241 22261 20725 2015 22820 20630 2051 6901 15472 7166 6392 11635 18517 5952 9886 9922 14153 23018 11013 9333 1302 4584 17370 
367.633
33
5659 2938 3338 13043 10721 8959 13727 22404 8320 8683 6748 20097 18122 13100 22997 20153 16193 3848 5853 22282 8378 17009 2725 12231 18485 15455 18527 5084 22608 9735 6644 5453 19714 
604.262
23
5606 15428 1199 21593 12668 19854 2419 14671 16230 16815 15860 15712 13447 21194 8719 23626 286 8358 10834 12283 606 3850 12211 
440.548
27
21711 21753 2685 2706 18088 17928 2515 23151 10508 11266 22982 15436 21125 17834 18136 12110 17155 19361 7507 22208 14331 12939 1415 20824 10953 14757 21421 
455.8
25
20184 12471 2013 3236 6254 7004 20067 12410 12522 17796 20750 16387 19240 6100 887 13669 6660 2773 7757 5427 1994 17869 442 12191 16929 
433.805
26
16280 8713 23418 13566 9996 18722 15732 11595 1056 9847 8372 17480 23009 17627 21168 7065 3946 22721 1940 21329 7918 12959 7908 2569 15083 21144 
435.73
30
22263 8792 16180 8270 1669 10041 7884 19318 23524 12451 11733 7674 581 4834 16681 11840 3015 5354 18575 10529 1641 22521 455 7889 20523 15304 14357 19230 4677 4781 
623.64
26
6468 21110 18992 3073 17920 6759 5592 11294 21357 11230 9937 10195 5370 10264 18988 20722 21295 12816 9559 3903 21941 11217 8094 6119 8907 9894 
484.297
33
4796 2701 6771 3433 8899 2759 15300 4722 18677 15472 17896 8035 15079 21285 16163 8268 195 1355 12134 14131 336 5329 1554 7873 13224 154 2573 19835 23580 22026 20629 5843 23253 
570.113
32
17876 20589 16137 23154 22444 4473 22600 7702 12517 1125 17740 20031 19836 10150 51 23309 8437 7777 8022 3066 10726 11594 10709 2169 6152 4282 15745 22320 14826 11706 9139 21328 
539.875
25
3291 3216 16411 774 10647 17408 612 21867 597 10640 5418 17026 7946 21128 2653 17247 22391 18028 7176 20882 9899 11903 13018 7364 23520 
451.782
24
16411 5628 11481 18293 8540 19372 3941 21558 14137 1144 15640 20213 20662 18571 2281 2783 12221 17461 7278 21229 3216 4885 16139 22410 
489.138
28
17310 1235 20241 7997 631 10127 12594 10168 19592 7853 20276 2739 3875 15461 933 13073 9919 12380 4301 9610 3637 12998 18817 17027 5550 4464 479 16732 
598.189
29
23164 14875 11190 16539 23470 15226 4142 4376 1097 22491 2715 6666 20612 18116 12404 19099 9581 16140 10920 7288 20838 22556 17340 21217 4404 4281 12562 5875 19505 
430.967
22
14949 2243 10491 20799 2790 16333 10400 4298 23145 18821 23188 7718 23663 20339 21239 474 21988 18393 12315 5896 3684 13654 
404.643
20
2570 2834 1342 22856 13653 18279 15346 12648 18149 4097 16041 16638 21634 5867 13891 18879 152 5000 1324 20279 
355.143
21
10041 13695 10796 22922 1423 7202 3594 7599 15401 4485 7901 7721 8873 11339 15245 16910 10026 7919 4198 10443 13580 
375.473
24
752 12212 22577 13442 13738 3133 11709 6703 4042 20261 22075 7013 21996 15303 17494 22686 21766 18409 20198 431 9858 6203 906 17947 
382.147
24
9962 19238 16199 18751 9655 8331 388 4898 7129 4476 23548 20756 6635 22895 8951 22455 4263 18571 7218 734 6587 18967 1354 13769 
404.94
24
19864 11063 7864 5771 4114 8590 13695 23003 20984 3875 4488 21719 4349 23569 22607 1736 9502 7169 9570 19406 14708 4059 6677 18071 
305.713
21
2289 1804 19288 23373 4881 80 3068 17138 23487 3665 15519 8157 20135 15268 6521 19467 9805 4431 23686 822 3766 
296.689
27
7939 11523 22475 15793 932 15077 16594 1940 2935 19616 17600 18573 14041 20784 11924 16179 3801 18678 1508 14509 17723 18391 23370 3094 10146 3154 17942 
539.121
22
539 4939 21228 17944 22011 2924 15660 9072 14097 2355 14412 15842 17555 1888 20064 14193 22277 6421 22530 15430 11033 15937 
447.902
22
13074 8844 9880 20037 975 9899 13827 4700 13120 23010 14756 8438 23603 21897 5365 10078 17916 2725 3080 14792 15 21723 
435.404
27
8707 20475 1187 6785 11636 1301 12355 1895 6849 15880 1905 7409 12558 19460 289 3997 3462 1738 4715 2257 7431 7946 16457 7599 12456 4563 14385 
452.307
25
14897 6346 10334 1100 11858 5139 18920 18836 19667 18850 694 11070 16465 22008 11523 13638 2563 7536 17834 9139 13215 19498 1534 114 12633 
499.983
22
2645 15656 17205 4693 2559 6670 9925 11705 12734 15601 7156 19959 41 4599 21758 21835 4627 12156 15059 22136 12517 12604 
322.004
25
14901 20659 17687 2515 8980 21632 6474 13776 6404 5636 16723 10270 3950 10109 11559 7466 3185 19999 22251 15642 22831 1305 20378 870 8921 
510.105
30
16081 14421 20741 19900 9180 10896 6733 11626 11377 10345 16673 21670 7972 21004 21876 3538 6575 22278 23161 1631 19528 11829 7777 19993 13415 11170 5167 9225 7893 19381 
559.357
28
12583 23392 21220 5711 3011 2546 18674 20614 16656 19046 21894 9505 1408 4975 15554 12905 21065 20783 13088 6453 7913 6812 4455 6566 18786 16054 2529 23400 
632.414
24
8555 5184 4352 11296 20638 11302 7916 14751 9890 14531 8171 6470 5314 9960 6780 11372 4693 7145 1284 21292 19106 6163 6158 16391 
477.798
25
147 19318 16117 16694 16529 17583 16921 14196 9822 2700 7238 10739 4551 19311 14108 3410 12099 20046 22539 7648 22197 1487 19914 8458 13701 
430.001
22
0 3049 9396 20751 13868 2369 2092 5859 4602 18698 5306 17347 14503 22782 11156 6061 6375 20927 14580 9418 7867 17741 
316.277
29
13559 14541 12768 1147 13509 13615 14821 17374 9512 2307 18158 688 13992 6518 14209 17435 462 9839 12260 23179 325 19800 9059 23422 5764 16343 21909 7889 13154 
515.179
24
14219 20114 2744 11275 23512 20988 4408 16285 1013 5885 15892 11738 12083 3057 12620 20509 3126 8823 17729 16949 4035 8857 1840 7037 
460.007
20
12994 14362 20768 1425 16605 8838 1402 6477 10166 16288 10838 20382 19388 18885 21821 19646 13283 6094 7814 11782 
341.243
31
7701 3481 602 14203 16275 19210 14101 18007 7897 8942 18619 16991 6973 21529 17731 14339 357 15150 19640 8845 13573 11840 5883 10304 19888 6968 9287 3817 4864 1823 20604 
482.265
31
18113 17394 18624 15865 7694 11650 17244 16606 17917 10559 16558 10595 747 13078 3554 10035 23645 10410 14075 7636 6451 6587 20464 1704 21507 3105 2567 12174 2616 4935 23262 
472.564
25
15604 15328 230 16922 671 1280 20677 9139 20542 21663 13473 2447 15922 6672 12066 12485 19555 2981 1380 18230 8635 18955 21769 14179 15603 
557.649
30
4052 7736 4026 20896 8911 19731 9002 6650 10416 22608 4388 148 16872 14560 9852 13192 7270 20663 14971 4017 22188 11365 17552 5006 13962 17850 23625 1454 1727 18827 
553.269
26
20741 3776 13633 10259 23204 20662 4899 8455 8313 3263 339 23233 1029 4958 19900 21033 2609 23122 21550 9417 17359 15948 6202 13096 11368 23291 
463.481
31
8895 9216 17299 9017 15890 19686 3360 15150 17887 6751 13421 22765 4021 6773 12215 20281 18312 7095 17464 15156 254 5618 20561 13934 14834 12071 22667 1680 15550 885 15227 
538.662
32
15447 3445 7222 20311 15317 4566 12060 9177 6876 6485 18549 12837 3961 3103 13028 15369 15162 1777 2451 4612 14412 12135 9772 490 11974 14405 6611 13645 5075 13912 6122 9146 
470.518
24
397 15448 21985 2294 18035 5147 22717 426 5651 6019 20792 4325 20460 21101 7839 7784 4106 17982 1883 16254 19137 3159 2001 12839 
408.595
30
20571 10263 18604 9032 12493 19274 21936 12535 7633 20410 17614 21141 6561 22656 11068 18335 17245 19701 16570 17348 5624 21765 15769 2761 23692 10864 320 20456 501 16977 
461.468
25
22253 12486 4674 1019 4137 11496 15266 17028 57 19194 8931 15745 4367 17721 10631 17231 20960 4786 22930 10505 9324 16202 11833 2656 7494 
382.346
24
21369 4769 15461 12309 16073 9347 22470 19492 6124 8130 6173 10605 22134 16222 21498 3738 22827 3332 11685 23375 15752 4775 1768 17695 
391.822
24
7471 1765 20017 13915 14177 17276 10364 11784 125 1304 6960 19697 18442 13333 16433 20466 20048 22874 21880 8349 1507 6273 13221 22326 
439.545
25
2130 15771 23685 6616 12382 5697 6589 7851 17406 15419 14241 20507 16247 20526 9735 14144 15531 22561 14038 11822 1082 19976 23016 8766 14525 
383.129
23
3624 19012 21011 698 22408 3669 1160 14167 14135 21250 21583 2934 8698 23159 4924 8859 12930 14762 13655 5835 3862 11117 20141 
379.324
29
4256 9646 12151 22020 725 18168 5694 7955 8794 1500 7394 23113 16108 15116 21403 17679 12632 16042 20012 20791 692 10083 19390 21268 17859 22792 4535 1777 6090 
437.508
33
12170 2802 4196 4032 5577 7189 18304 20777 5429 8700 6684 11485 13838 23665 19070 19877 11549 4471 1343 3007 14482 20879 15627 15709 7566 5740 19967 2367 20780 720 8524 14738 23049 
571.845
24
3126 14793 8087 17078 2280 16506 1325 7174 2641 18731 18314 1538 17132 13705 19161 12959 4490 18236 18191 9057 1737 1905 3974 14928 
404.935
21
13956 7596 19127 7433 10326 17152 13796 5800 23676 14112 15054 5590 3892 7752 18877 4750 3219 14171 21290 9026 18654 
318.954
24
9965 4679 4448 17434 846 23370 17874 15517 10418 5603 8818 19481 13941 20368 5001 9787 8335 8978 4600 3485 12380 15090 8896 17480 
482.757
26
17150 3569 21815 2766 15405 1701 5316 19962 11510 21300 7652 719 23018 8482 291 20965 3096 1594 23263 9815 17602 7749 763 7565 619 6171 
439.53
24
9633 20365 500 16656 17298 16721 21356 12394 4535 6089 3351 12290 18475 22843 23345 22735 12239 14561 20478 23266 14184 7670 8617 13858 
355.021
25
16538 9946 10481 15469 7242 20734 2298 16676 8462 22624 10626 21051 3813 6922 10378 17691 21768 3025 18993 2742 22443 14534 11208 392 17256 
468.997
24
21533 18068 2176 5371 2214 1003 6696 3682 5439 23317 22428 18355 11052 11189 7472 18445 6530 22910 7927 15680 16404 13556 1454 15159 
396.896
26
8933 15736 2979 3651 21135 14904 15065 18844 16194 17701 2624 7684 13452 22881 2021 2312 11140 18264 22577 6424 12438 7604 18210 21154 3148 13604 
391.123
27
15730 9986 15628 2523 429 255 6382 15756 19802 6757 16669 65 8658 8933 8571 4533 22310 7164 11309 7118 4063 5812 21262 14904 2616 8595 11617 
369.553
29
6047 20949 7958 17683 13492 7073 14826 6342 20482 7288 13901 14537 9763 11214 18350 16112 14202 11026 10634 17172 14798 7103 8634 10931 2597 19287 17160 31 7545 
509.914
26
1229 18155 6860 6149 14237 22517 14536 2621 11893 4042 12798 8573 17091 5708 2755 14761 20934 4626 3867 22124 13180 19831 5584 13969 2141 7309 
413.316
21
12550 3838 1025 19088 5320 15878 334 11061 1631 10976 13139 3241 6842 18355 20754 9115 484 15099 19193 5164 19879 
331.77
21
8156 16937 6235 15078 7494 3773 19921 17272 7109 21190 1457 15039 21069 5698 5140 16325 674 5682 18520 6439 15681 
418.131
26
15429 3554 18732 19566 12357 5051 10818 14419 2612 12456 11162 14586 16882 2917 10618 18862 19281 9214 17976 7170 1258 18989 1030 14503 2084 8033 
435.537
28
8836 2155 13850 5526 1695 11645 5961 13080 10370 9384 15245 18494 18315 9282 20858 6844 22815 18164 17796 765 18456 21708 4688 443 14371 273 1571 18039 
397.37
24
10964 22722 601 18221 3841 16446 7819 19181 3478 19171 22189 23382 2353 19113 20935 334 11663 2407 5248 22301 12203 16150 219 20100 
423.539
22
7112 21327 13460 9305 21056 4276 7386 15952 10553 10537 22817 12576 13057 19974 2533 22380 12243 16805 2939 23101 851 21547 
360.843
19
1421 23069 5817 13089 16380 20812 1018 7218 21277 12342 22359 3510 18527 7305 8150 11065 17303 880 17078 
367.065
22
15117 10700 18800 12468 4208 6462 7846 7594 13138 3344 19644 17741 5866 22465 6357 9595 7343 6957 6973 21368 2243 8073 
366.433
19
12145 18434 6495 17472 17071 6254 3658 19214 21291 1370 18325 8565 9651 4316 18815 14859 10223 449 13745 
334.98
22
15773 14242 6980 20345 10928 13409 15089 7471 16454 17925 22230 15696 617 15601 13634 19981 15321 11238 8431 20824 325 9211 
367.702
34
14793 20680 7579 18463 15606 9738 9796 9754 5593 4307 8349 9608 161 10325 1793 6531 11239 4421 19272 17374 18656 9852 1686 13948 20400 13836 13796 15681 15568 12936 1745 3 11808 20661 
523.05
22
11708 23187 3321 2788 5364 13783 14416 6874 17867 71 5369 7181 22794 19501 12034 3101 5337 10049 23552 23144 4273 16472 
352.493
25
13619 22147 8919 21867 17831 16457 4311 4416 7874 12578 20326 12486 23095 4753 15700 7705 17495 17230 19193 21333 3228 6823 18482 5387 22230 
502.752
31
9029 1834 3601 10088 556 13585 5216 8743 9354 21032 5759 14470 3487 1186 9577 19887 21112 7921 10912 8604 11865 6487 16556 22907 18540 9474 15505 19931 11627 1756 11154 
504.931
26
11856 13199 5693 23230 15069 20283 1780 9261 1428 20887 20368 8206 14526 2161 7061 23478 2796 12777 19218 20142 21851 13048 10605 22875 7966 10744 
458.841
25
9017 15444 10845 21601 7601 8491 9501 14539 2400 9174 476 13048 20998 4955 2855 7769 1652 14391 5251 10966 4158 19911 4687 2304 22412 
513.883
23
21936 8110 10438 1854 5473 5444 3943 10055 17446 22917 21249 2557 14627 4266 18481 14065 8641 22233 12246 14980 4165 2127 16995 
357.392
20
5069 1388 4837 16807 16426 7103 2439 2215 18041 1497 7358 6661 22311 579 10499 2284 13793 15588 5278 22403 
400.842
21
10847 6082 18471 20484 9965 3411 3841 23494 5736 20807 11837 13096 14382 1982 11577 17018 13087 8368 12513 8057 15391 
311.827
35
9318 11518 15009 21009 17260 15860 2182 7944 1317 15970 6300 7841 9153 2066 5473 2657 4574 21926 23295 5848 18418 20061 4450 13654 21940 6499 3762 10434 2978 3189 3378 9563 21467 1254 15798 
670.937
24
6204 225 5453 7479 19065 23373 15212 17655 11183 3121 17296 161 17615 21396 4647 12935 10434 20862 11030 14250 4354 2084 4317 11872 
367.861
25
7120 9837 3957 13556 17964 20307 2946 7177 3738 7689 3022 7884 15399 13724 12428 20301 16719 6429 13 4841 12417 15104 4773 4620 17645 
367.769
18
10176 21248 1827 9596 14701 17388 4699 9783 21328 17261 3188 20165 23311 15625 7561 10706 203 12513 
284.264
32
10454 18270 488 1673 11190 4843 19449 11916 18646 4665 8813 7555 9222 13820 14450 1527 19469 2220 10409 4330 15815 365 18236 19885 22914 8939 5705 9709 8995 3515 8440 20477 
541.53
22
223 2696 20512 16311 8815 4677 14223 14899 21700 22747 17320 407 22605 3984 18198 4378 16292 9489 6187 17145 6267 6813 
378.913
