22
18705 13593 19551 21009 21940 2556 22487 6987 22384 7716 23654 3139 15582 7628 22171 1624 16446 14412 8304 11025 4607 7362 
2.096
28
7848 11942 8663 8071 13867 22798 19843 12358 12184 20623 2119 7866 20169 18796 12357 1467 19438 14829 21725 20657 8358 17841 14194 3717 4247 19809 18690 20641 
1.634
21
16929 21375 6524 15291 9584 19951 7389 3168 18991 85 21887 3148 3877 2221 7041 22089 10762 1845 11908 5961 12371 
2.395
23
17543 4443 6664 17168 13760 16092 4104 8197 246 10103 10954 19079 15155 2805 15151 1480 19558 15257 7434 9228 6607 5597 18002 
3.078
31
20798 13575 12148 2187 9414 310 21032 13793 7451 21346 6120 6936 16527 17795 9199 431 15279 9217 5143 5691 18374 2467 16682 12793 2884 6243 2080 3015 19649 6166 17038 
3.025
32
11560 377 5443 14930 22085 8835 13001 19312 11265 43 9935 18534 17436 19601 4057 21329 10482 23459 19043 4851 17068 1908 21701 6084 20311 5902 17562 23224 16632 3010 2969 12046 
2.192
22
3806 14506 13347 19196 18442 6562 14288 5339 7784 21970 9906 14140 1340 16940 3374 4459 5572 12866 5395 9963 637 870 
3.004
23
5867 15439 7788 7140 8494 9041 4386 8811 15457 11649 7076 20050 4915 16977 11802 20208 9451 23257 1289 409 4106 18053 21338 
2.105
25
920 16488 4441 20557 7607 7712 22820 23064 21549 10675 11713 3673 12285 1183 18773 218 9328 22832 13233 8242 21811 7770 8511 2352 6260 
2.241
27
2258 17924 4000 18443 8032 12584 2987 15001 1385 13955 962 1400 20222 13235 20525 16246 15885 17006 7075 9338 8095 15808 15412 20172 15803 5407 21308 
3.097
25
13834 3346 16579 13701 18376 12263 23214 13485 11355 22096 382 1764 18435 4730 15995 23198 8406 8672 13711 6551 21461 630 10751 5228 23111 
2.057
24
13909 12833 19470 20690 2002 5842 13347 1432 10274 14647 22546 1537 189 152 768 16716 9511 17602 17453 4805 18785 12314 8790 11824 
1.891
26
6901 15472 1410 4475 22820 5952 18517 6392 7166 2015 11635 20725 22261 11222 4241 23018 14153 20630 9922 9886 1302 9333 11013 2051 4584 17370 
1.627
33
6644 19714 8683 8320 3338 9735 18485 12231 22997 13100 2938 5659 8959 2725 15455 13043 20153 18122 13727 16193 20097 6748 22404 5084 17009 22608 18527 10721 22282 3848 5853 8378 16842 
2.199
23
19854 21194 5606 606 23626 12283 10834 8719 15860 2419 12668 8358 13447 14671 286 16815 15712 16230 15428 1199 21593 3850 12211 
1.378
27
2685 17928 21711 18088 21753 11266 2706 22982 2515 23151 10508 22208 7507 17834 15436 21125 19361 18136 1415 12110 17155 14331 12939 10953 20824 14757 21421 
1.721
25
5427 442 6100 20184 19240 16387 7757 6660 887 12471 2773 13669 3236 20067 6254 2013 7004 12410 20750 12522 17869 1994 17796 12191 16929 
2.113
26
16280 8713 9996 13566 23418 18722 23009 1056 9847 11595 17627 15732 8372 17480 3946 12959 2569 7065 7908 7918 15083 21144 1940 21168 22721 21329 
1.263
30
22263 455 8792 15304 16180 4834 20523 22521 7889 14357 1669 8270 17004 7674 581 12451 16681 11733 7884 10041 19318 23524 4677 3015 10529 11840 5354 1641 18575 19230 
2.529
26
6468 17920 3073 5592 11294 12816 6759 21110 9559 21295 20722 21357 18988 10264 11230 9937 5370 21941 10195 18992 3903 8094 11217 6119 8907 9894 
1.904
33
336 5329 4722 4796 14131 18677 2701 19835 2573 12134 8899 6771 1554 1355 154 3433 195 2759 15300 23580 17896 8268 15472 7873 15079 21285 8035 22026 13224 16163 20629 5843 23253 
1.732
32
23309 12517 7702 19836 17876 6152 10150 20031 16137 1125 20589 2169 11594 4282 8437 23154 51 10709 14826 17740 7777 22600 8022 4473 22444 11706 10726 3066 22320 15745 9139 21328 
1.712
25
3291 13018 11903 9899 20882 16411 3216 17026 21867 612 17408 22391 774 7176 10647 18028 5418 2653 17247 21128 10640 7946 597 7364 23520 
2.558
24
11481 5628 18571 18293 8540 17461 7278 16411 4885 19372 21229 3941 15640 3216 1144 20213 21558 2281 2783 12221 20662 14137 16139 22410 
2.436
28
13073 4301 10127 5550 20276 17027 7853 18817 12998 2739 19592 19513 10168 4464 11636 9919 933 15461 3875 631 12380 7997 479 1235 20241 3282 11833 12594 
2.019
29
23164 16539 11190 23470 16140 15226 12404 18116 19099 17340 14875 10920 21217 7288 4376 4142 4404 22556 9581 20838 22491 6666 12562 4281 20612 1097 2715 5875 19505 
2.126
22
7718 23188 23663 18393 21239 4298 18821 474 14949 10400 2790 16333 20799 23145 2243 15252 12315 10491 5896 20339 3684 13654 
1.461
20
13891 20279 18149 1342 13653 2570 4097 15346 2834 21634 16638 5867 152 22856 12648 16041 18279 18879 5000 17937 
2.061
21
7202 13695 3594 10026 7599 1423 4485 15401 22922 7901 10796 7721 10041 8873 7919 4198 11339 16910 15245 10443 13580 
1.653
24
13738 18409 21996 20198 431 21766 3133 9858 7013 11709 15303 22577 13442 12212 6203 22075 17494 20261 22686 4042 6703 752 906 17947 
1.799
24
23548 4476 18967 734 4263 20756 6587 7218 9962 19238 16199 7129 22455 4898 22895 6635 8951 8331 18751 18571 388 9655 1354 13769 
2.045
24
19864 21719 23569 4488 4349 11063 7864 22607 13695 5771 9502 20984 23003 3875 19406 14708 7169 1736 9570 4114 8590 4059 6677 18071 
1.883
21
8157 9805 15519 4431 3068 23686 80 17138 4881 20135 15268 19467 6521 19288 23373 1804 23487 3665 2289 822 3766 
1.646
27
2935 7939 14041 1508 23370 14509 19616 1940 15077 3801 16594 18678 17723 18391 17600 18573 3094 932 15793 10146 16179 20784 11924 22475 11523 3154 17942 
1.77
22
539 15660 6421 1888 22530 15430 20064 4939 14193 22011 17944 9072 21228 14412 2355 17555 2924 14097 15842 22277 11033 15937 
1.821
22
975 9899 21897 23603 8844 13074 9880 18930 20073 1358 8158 19649 8438 13827 13120 13638 16394 14756 4700 12044 14792 5419 
1.257
27
12355 4715 19460 1301 2257 7599 12456 7946 8707 11636 20475 1905 15880 6849 1187 1895 6785 3997 1738 12558 7409 17036 13039 3462 289 14385 16457 
2.198
25
18836 19667 16465 13638 2563 11523 22008 10334 18850 14897 1100 9139 6346 7536 11070 11858 19498 18920 13215 17834 5139 1534 694 114 12633 
1.993
22
7156 19959 12734 41 15601 21758 4599 9925 6670 17205 15656 2559 2645 15059 12156 4693 21835 22136 4627 14380 12517 12604 
11.874
25
6474 14901 6404 13776 11559 20659 5636 7466 23691 16723 10270 2073 3950 16711 10109 3185 19999 17687 8921 8980 1954 22251 2515 15642 16341 
2.186
30
9225 16081 14421 20741 19900 10896 6733 9180 11626 19993 7777 6575 22278 23161 11170 11829 13415 3538 19528 1631 21004 21876 15404 19381 7972 12811 5167 21670 11377 16673 
1.269
28
16054 7913 18674 18786 20614 12583 5711 12905 6812 23392 2546 6453 21220 16656 4455 16087 3011 20783 4975 13088 21065 9505 2529 21894 1408 19046 6566 15554 
2.308
24
5184 14531 9890 8555 8171 1284 6163 6470 11296 7145 4352 11302 19106 20638 4693 21292 5314 11372 7916 14751 6780 9960 6158 16391 
2.327
25
7648 16529 19318 16694 20046 2700 22539 12099 14196 3410 10739 17583 16117 147 14108 9822 16921 19914 7238 4551 22197 1487 19311 8458 13701 
2.085
22
20927 6375 14580 6061 9418 20751 3049 11156 5306 9396 4602 18698 2092 0 17347 5859 13868 2369 14503 22782 7867 17741 
1.346
29
12768 11149 1147 13615 688 19008 13509 462 9839 13992 18158 12260 9623 19800 17435 325 16343 23179 9059 23422 14821 13154 5764 21909 2307 14541 9512 13559 23427 
1.818
24
14219 20114 11275 16285 23512 20988 8857 2744 4035 4408 8823 17729 1013 16949 3126 5885 12620 12083 20509 15892 3057 11738 1840 7037 
2.011
20
10166 1402 12994 21821 6477 1425 14362 8838 20768 16605 16288 20382 19388 18885 10838 6094 13283 19646 7814 11782 
1.32
31
21529 16991 4864 14101 5883 6973 3817 19210 18619 7701 17731 7897 11840 8942 13573 14339 16275 6968 9287 10304 357 15150 14203 19640 19888 602 8845 3481 18007 1823 20604 
1.954
31
1704 16558 10559 13078 3554 10595 747 14075 20464 23645 10035 6587 10410 18113 6451 2616 7636 17394 12174 2567 21507 3105 18624 7694 15865 17244 11650 17917 16606 4935 23262 
1.374
25
15328 19555 15604 13473 12485 9139 2981 20542 230 21769 18955 21663 6672 15922 671 2447 16922 12066 1280 1380 18230 20677 8635 14179 15603 
1.897
30
1454 4026 7736 4052 20896 9002 10416 8911 6650 19731 22188 11365 21753 17552 4017 14560 15145 11763 22608 148 20663 14971 3119 17478 14884 13192 2109 18827 4388 15308 
1.263
26
1029 13096 20662 339 21550 19900 21033 4958 6202 23122 23233 2609 23204 10259 4899 8455 9417 13633 8313 3263 3776 15948 17359 20741 11368 23291 
1.765
31
8895 13934 3360 14834 885 12071 15150 4287 5618 20561 16650 17887 254 9216 6751 17299 19686 6773 9017 22667 15890 15156 12215 22765 2072 1680 17464 15550 13421 4021 23144 
1.881
32
12135 12837 15447 7222 15162 9772 490 6876 6485 11974 3445 3961 1777 20311 15317 9177 12060 13028 3103 18549 14412 14405 2451 6611 4612 4566 15369 13912 13645 5075 6122 9146 
2.914
24
2294 4325 18035 3159 21101 7839 20460 21985 17982 19137 6019 7784 1883 22717 20792 5147 4106 426 397 15448 5651 16254 2001 12839 
2.254
30
20571 10263 5624 2761 17348 21765 16570 11068 17245 19701 15769 18335 320 501 10864 23692 20456 19274 17614 22847 7633 21936 12493 20410 21141 12535 18604 9032 22656 16977 
1.39
25
4367 15745 9324 22930 10631 11833 20960 4786 10505 17721 11496 17231 16202 4674 19194 57 8931 7494 1019 12486 15266 17028 22253 2656 4137 
1.379
24
6173 4775 10605 8130 16073 22134 6124 22470 19492 9347 3332 12309 22827 16222 11685 3738 4769 21498 21369 15752 23375 15461 1768 17695 
2.561
24
1765 125 13333 20048 8349 1304 20017 22874 6960 11784 21880 16433 7471 13915 17276 19697 14177 1507 18442 10364 6273 20466 13221 22326 
1.825
25
6589 9735 14144 1082 20526 14038 5697 7851 12382 6616 23016 22561 11822 16247 19976 15531 23685 20507 15419 14241 2130 17406 15771 8766 14525 
2.173
23
2934 12930 8859 3624 23159 8698 19012 698 21011 22408 3862 5835 13655 14762 21250 3669 14135 21583 1160 1436 14167 11117 20141 
3.113
29
21403 4256 15116 5694 7955 17679 18168 8794 4535 12632 16042 22792 7394 20012 1500 16108 725 20791 12151 23113 692 22020 9646 19390 10083 21268 17859 1777 6090 
2.183
33
11549 8700 5429 8524 12170 7189 2802 4196 4032 4471 20777 720 18304 15709 20780 5577 19967 1343 2367 19877 11485 19070 3007 13838 6684 14482 23665 20879 15627 5740 7566 14738 23049 
1.977
24
3126 14793 8087 1325 7174 2280 17078 16506 2641 18731 1538 18314 4490 1905 1737 9057 12959 19161 17132 14928 18191 18236 13705 15693 
1.238
21
18877 4750 7752 3892 13956 14171 13796 5590 7596 19127 21290 17152 15054 10326 14112 7433 3219 5800 23676 9026 18654 
2.535
24
9965 17874 10418 15517 5603 8818 13941 9787 20368 5001 19481 17480 11439 8335 12670 23370 17434 15090 846 12380 17851 16337 18522 1135 
1.393
26
719 1594 23263 9815 23018 15405 291 17602 2766 3096 7652 21300 3569 21815 763 7565 17150 7749 11510 19962 8482 20965 1701 5316 619 6171 
2.247
24
22735 18475 21356 7670 14184 16721 20478 500 23266 23345 12290 3351 20365 12239 22843 4535 16656 17298 6089 14561 12394 9633 8617 13858 
1.866
25
13118 16538 18286 9946 3813 23578 10626 11227 8841 392 2862 21227 18993 10481 10378 2742 18419 6922 23185 22443 21051 15469 5301 3025 14413 
2.773
24
1003 15680 2176 18068 7927 22910 6696 3682 7472 11189 21533 5371 6530 2214 11052 16404 5439 13556 18445 23317 18355 22428 1454 15159 
3.16
26
2624 17701 16194 22881 13452 7684 6424 11140 2312 7604 18210 18264 12438 21154 22577 14904 2021 18844 15736 8933 2979 15065 21135 13604 3651 3148 
1.229
27
7164 65 4533 16669 22310 8571 2523 6757 8658 429 2616 11309 255 7118 15756 6382 19802 4063 21262 14904 5812 8933 15730 9986 15628 8595 11617 
1.741
29
6047 20482 7103 19287 8634 2597 14798 10931 14202 17160 11026 9763 6342 14537 13901 11214 17683 14826 18350 17172 10634 7288 7073 13492 16112 20949 7958 31 7545 
2.151
26
19831 5584 2755 20934 20927 12798 13969 14536 13180 2621 22517 11893 1229 8573 18155 22022 1697 6860 14237 6149 14761 18398 5708 17091 7309 21647 
1.708
21
13139 10976 3241 9115 12550 334 1631 20754 3838 15878 11061 18355 6842 1025 19088 19193 15099 5320 484 5164 19879 
2.528
21
17272 19921 7109 3773 21190 8156 16937 15078 6235 1457 7494 15039 5698 5140 21069 18520 5682 674 16325 6439 15681 
1.877
26
19566 18732 12357 10818 11162 12456 2612 5051 16882 19281 14419 1030 10618 14503 17976 14586 2084 7170 2917 1258 9214 18989 15429 18862 7539 13067 
1.303
28
18494 13080 6844 5961 10370 17796 5526 20858 8836 21708 18164 13850 765 4688 9282 22815 2155 11645 273 443 9384 18315 1695 18456 15245 14371 1571 18039 
1.551
24
16446 12203 10964 22722 22301 3841 16150 601 18221 2407 23382 5248 20100 22189 7819 19113 11663 19171 19181 3478 20935 334 2353 22105 
1.518
22
7112 13460 21327 21056 9305 15952 7386 22817 4276 10537 10553 851 13057 23101 12243 12576 19974 22380 2939 16805 2533 21547 
1.266
19
17303 11031 12823 10263 18245 7386 7444 12353 15084 19732 4818 216 15549 19354 19830 161 7716 8497 13827 
1.629
22
19644 13138 5866 6462 4208 7846 3344 12468 18800 10700 7594 9595 15117 22465 6973 6357 6957 17741 7343 2243 4410 21368 
2.528
19
12145 17071 18815 4316 1370 9651 18434 10223 18325 6495 6254 8565 3658 21291 14859 19214 17472 449 13745 
1.446
22
19887 6980 9211 14242 15608 17190 11353 17704 13830 18250 10928 5295 20345 13754 5645 9930 10090 55 23033 16007 16102 16118 
1.578
34
5593 7579 3 4307 11239 13836 18463 14793 19272 13796 18656 17374 8349 15606 20680 20400 161 4421 10325 13948 9608 12936 1686 9852 9796 15568 9738 1793 15681 6531 1745 9754 11808 20661 
2.294
22
12034 13783 5337 7181 22794 3101 11708 19501 23187 71 5369 2788 5364 6874 17867 3321 23144 10049 14416 23552 4273 16472 
1.783
25
17831 16457 21333 15700 8919 7705 4311 23095 4753 6823 17495 3228 19193 4416 17230 21867 18482 20326 12578 12486 22147 13619 7874 5387 22230 
2.022
31
11627 9029 9577 3601 10088 1834 21112 7921 19887 556 1186 8604 3487 14470 10912 8743 11865 19931 13585 5216 6487 9354 16556 22907 21032 5759 9474 15505 18540 1756 11154 
2.714
26
1428 7061 8206 20887 23478 2161 13199 9261 22875 14526 1780 23206 20283 20142 10605 21851 11856 13048 19218 12777 2796 23230 10744 5693 15069 20368 
1.837
25
9501 7601 9017 2304 11946 15444 10845 21601 4707 17863 8491 7284 7314 12887 18477 21312 16560 591 20158 20302 10664 9998 7265 9652 15437 
2.401
23
21249 1854 14065 5473 17446 10055 22917 8641 5444 14980 8110 22233 14627 2557 10438 12246 3943 4266 18481 4165 21936 2127 16995 
1.851
20
5069 6661 7358 1497 4837 16807 15588 16426 7103 18041 2439 2215 2284 13793 10499 22311 579 1388 5278 22403 
2.037
21
23494 17018 1982 14382 20484 11577 6082 18471 13087 13096 11837 3841 9965 12513 8368 5736 20807 10847 3411 8057 15391 
1.976
35
2978 7841 5473 9318 21009 2066 21926 3189 17260 13654 10434 2657 4574 3762 9153 6499 15860 3378 21940 5848 18418 11518 9563 4450 21467 20061 2182 23295 1317 6300 15009 15970 7944 1254 15798 
2.033
24
225 5453 6204 19065 7479 15212 17655 11183 3121 11420 161 17296 14250 4317 23373 19707 23113 13590 11465 20862 10434 4647 22951 11030 
1.586
25
3957 20307 7689 17964 9837 2946 7120 3738 7177 3022 13 7884 13556 4841 16719 20301 12428 15399 13724 12417 15104 6429 4773 4620 17645 
1.463
18
23684 20399 12374 16615 17873 21770 11870 5403 8686 1742 11620 2861 17261 9685 23035 11077 4870 20772 
2.537
32
4665 9222 14450 8813 7555 13820 8995 9709 5705 488 18270 10454 18646 1673 19449 11190 11916 4843 20477 3515 8939 22914 19885 15815 1527 18236 365 19469 4330 2220 8440 10409 
1.251
22
17145 9489 6187 22747 4677 16292 16311 14223 14899 3984 18198 8815 21700 2696 22605 20512 223 4378 407 17320 6267 6813 
2.62
