53
10310 188632 150767 137082 80128 10138 218749 92084 184046 157207 156916 109033 35980 197724 39959 200798 171422 137031 210830 107155 136141 213723 12160 229253 181582 220903 187639 66516 84324 235839 198848 109801 144932 107546 84727 132703 55763 159003 147027 177561 11471 14505 144469 136142 56316 89342 96333 163382 168756 174119 117695 90963 178836 
720.71
53
110807 127479 44312 166822 139461 211709 62764 141587 109590 214902 112597 195243 62670 26097 68833 200628 65321 128453 219414 228914 98068 142278 131208 212032 124938 163844 207232 225000 127711 59556 185836 70845 2760 80177 179052 56183 13601 80645 234250 30115 142500 132584 104190 196214 134384 112343 223018 81172 50461 100021 233769 16902 219685 
367.567
34
167438 190563 75207 23891 234596 84546 132736 121710 207174 30512 187927 53749 133078 68104 148182 132919 202433 193146 96045 163672 59055 235909 146169 229102 226479 109781 150673 81756 95382 224752 139873 122060 69274 114449 
353.631
46
26380 117591 41063 87267 192545 129184 133716 51103 26246 8807 93355 217065 224712 133939 216542 234482 233756 15365 24016 22670 67683 215935 37755 215848 27662 77859 94203 9538 8916 224068 158438 157865 175570 79677 64754 60566 230199 98142 7039 98333 50004 209756 57225 208032 15443 196638 
194.112
44
127920 1217 76484 59566 86869 45110 48644 197951 49949 116890 164858 44577 167331 99627 187163 39785 11392 137264 67551 174525 200255 43369 59827 164579 182512 157785 89848 122007 165792 52210 45904 430 169626 16032 95287 48876 191524 944 206752 44761 234100 173838 54078 200514 
424.68
37
146705 15308 210171 151554 176338 148516 111242 149414 235632 115442 181660 137055 150651 207360 73799 88923 141600 59902 99985 153935 190229 132117 34444 156149 232768 190306 68262 158353 34905 191505 80992 18089 203473 107582 18628 175287 233610 
268.388
38
33465 142182 50315 136924 37564 93214 127075 23618 46291 161426 183848 114297 59633 167000 8802 148973 48710 130885 38709 45652 48338 169622 120950 198364 170987 220828 171364 229885 78604 93569 52166 30290 199967 114572 187730 127073 498 220619 
171.525
47
48192 76145 50069 46475 73835 115922 107986 149594 33468 131426 47808 131838 158113 142414 81026 122963 28796 102111 46426 137016 130080 40800 49247 231872 4512 118346 132905 25175 36669 145574 58681 122987 148140 82967 6233 166600 117699 150410 155129 82333 62451 183795 144607 122337 161348 53555 101769 
224.988
40
108798 144218 104116 160535 208429 50604 16407 129205 28518 21502 75370 99860 196953 112108 43168 129758 104717 182577 65637 200013 58324 180422 111573 48988 45488 118077 37093 213806 8907 18170 34538 230402 191755 187451 140804 234508 182360 224957 4236 91888 
201.133
41
164253 82412 16167 21979 157710 78934 103575 194668 145035 221689 167683 174244 6744 222954 33009 46131 62284 158684 158297 128509 201116 106908 158555 77741 185054 143429 120709 223333 207271 76170 38245 116132 115545 28157 127230 183962 211776 57260 130291 69290 205400 
214.594
42
209168 173732 63486 29910 77962 160092 108806 22014 95409 159715 189921 6178 224364 89866 120612 134936 93110 37001 58596 146621 3373 8567 59228 38787 58564 34919 228649 201727 58218 219496 170047 186548 43407 85079 65679 7781 167435 100824 15311 207794 64041 219406 
258.412
45
51660 176389 191504 45865 87631 141874 181000 94854 84752 6120 186865 97901 120893 104673 54767 88349 20101 58826 75894 67973 149182 209139 208464 128200 162216 191307 139602 10834 146780 17310 126391 173128 139117 104116 213859 117169 220912 49494 10116 160264 183773 81524 190566 47371 133429 
299.17
35
5846 140421 170727 203844 122452 7081 42117 196533 138935 154956 198199 72262 196515 123487 236179 181479 35440 54804 32327 228937 17582 151178 70967 161017 98817 196286 23409 159299 153625 137841 236730 56340 214932 25070 110542 
463.204
40
119308 159266 14053 235235 179669 167482 116488 177357 196259 20859 85105 65418 45708 233206 91411 195868 199017 175596 75569 13473 190597 67996 159332 103733 212900 108225 84117 116590 17894 121223 189919 225245 202252 162607 71167 154686 107208 138959 188339 376 
161.512
37
154641 128231 34175 233867 222268 209166 6810 229854 183369 197490 85238 198085 14465 198610 112706 207734 152620 214483 181831 183136 29895 20119 7084 75825 27691 227424 90608 78347 186169 228007 14420 72981 126361 27527 125027 129271 205326 
214.383
49
65279 148089 233505 203863 104458 52144 236264 105622 175682 231740 201712 165894 108337 149597 76904 94458 5441 108068 52440 19342 73748 139827 138730 184681 103240 234844 21875 99592 54258 7227 224158 20243 46407 234875 151980 52756 159946 41315 170995 3315 23677 38774 16026 32559 124116 68453 235913 39978 110430 
238.149
45
167393 71281 22523 191989 140950 190232 67859 128788 208184 182279 142641 36469 59563 222345 9481 11168 20989 27355 18585 96575 34526 101367 113928 71241 103750 73980 178439 60989 101130 180233 60994 99164 208326 135027 199846 103765 193492 193299 168549 17308 97452 174375 33683 79696 137977 
303.804
39
177171 111910 131285 86075 208650 47893 105675 23165 117611 146997 63958 218642 172797 2106 214959 26366 193342 213500 10064 35244 85347 4299 220370 44479 24052 140620 34107 154384 161345 209725 52701 227569 204333 86280 195968 199750 4131 28866 60171 
19.564
48
173907 108759 23190 17370 136968 148368 71856 223653 143109 44873 43187 112364 171733 51018 141808 104158 174248 40571 62039 75048 5353 212608 28980 185220 57012 186763 145467 302 3137 44001 45288 86546 97058 225465 56579 102233 87082 139255 44517 3708 183798 6637 128561 14348 100693 23398 160863 167568 
123.603
42
46022 221126 34452 188779 3830 145358 115768 119913 7417 19548 19729 7889 68576 179980 178760 112613 177876 233294 23473 74578 139607 156768 58857 77768 18447 70057 101324 68248 201122 213161 119373 168292 212536 10494 224956 73760 69868 171639 80057 116655 78469 97090 
217.235
36
222451 175254 168270 233392 207886 134958 184550 194321 179894 32100 136444 99425 218551 2559 159919 225818 2373 188971 92018 211620 158977 183664 134102 113081 70356 198179 85820 130046 49858 114962 41024 133397 156100 142665 80177 87422 
146.122
40
166443 174460 201996 16615 68106 196107 92499 32941 152959 133758 79539 138544 231666 219362 225005 76110 100069 216774 212826 182601 9481 34113 90469 110669 132906 218881 37749 124813 39615 35818 231510 220300 111946 124553 148652 38227 235319 54155 107640 221260 
142.898
37
8210 39849 213229 7215 8800 109108 87071 106207 58462 218346 38687 188867 17133 124562 112068 159740 92638 127142 127443 32349 175063 41877 43817 157913 165032 195439 96428 182711 225643 47639 231482 28591 73197 28016 176780 53931 201576 
142.671
43
27723 18299 36728 114101 168372 4150 79977 198811 207552 129425 139067 2799 202334 189677 83806 148727 42778 106054 151857 147864 228667 111957 54123 189341 202784 113008 18836 199976 94742 35747 146310 100549 139915 16715 139538 182597 225565 57826 139388 19991 184958 8967 88193 
208.257
45
145903 87798 103665 20563 118597 54760 127451 101528 167501 64835 115422 128929 236141 100289 52487 222390 51285 8039 131966 204160 93398 134832 36382 234546 143066 222582 208965 145205 91562 92695 171759 27893 214324 236855 179178 211530 76614 178273 52530 143248 72760 18593 162684 8890 222119 
242.661
44
229957 204756 123839 96677 1720 93131 168071 154179 201006 85277 102498 88880 47660 49616 138495 131308 162892 181679 43318 146481 160535 69366 30494 56996 129422 59377 228358 98838 90452 230646 155862 73267 138763 125868 83927 77560 196361 178110 172741 17670 170467 86648 87298 203312 
330.285
38
71812 173487 56233 90334 222620 53103 229223 19846 76696 190113 119513 179396 54104 133485 52704 14688 138675 7455 116991 129056 95676 21577 83342 205732 48801 235953 155897 157374 86274 114689 124728 163879 84635 154425 180935 163339 159667 166321 
324.445
52
180225 160210 211563 175802 1974 83444 978 22941 37486 199182 22922 148131 112730 101097 64179 176090 103593 123444 132911 35260 174783 175523 93346 201791 97932 76231 43098 30394 40573 124261 166089 233742 46400 214199 40210 195844 30834 45946 110276 175241 99027 161302 45039 25688 68641 194804 64775 229719 84858 210422 110993 201279 
362.552
42
184272 229819 215884 123048 133060 170088 203802 70787 148828 198940 202100 39868 212177 24602 217173 49466 234787 34932 8455 109514 177250 170364 115679 3460 94360 3366 69200 208379 159690 155156 31556 171178 176125 177494 126377 36572 197225 110085 178090 134990 36288 73910 
123.101
46
219704 65563 114294 169357 135258 141893 120347 82164 185510 19007 163296 74571 189329 37525 213429 6559 90029 236669 157803 10241 59046 112376 130079 123312 190853 65736 112382 24835 168561 56371 159154 58525 134604 183261 121786 80614 220014 4383 145801 167774 60657 2483 143414 209171 3251 95959 
317.429
34
200149 177931 147673 79953 209461 65132 131904 181302 21351 42931 161360 136957 216439 165654 8273 136492 92173 121662 27223 48858 156107 52957 205503 60638 120870 67860 74820 220575 7361 82405 158822 224139 45398 98315 
256.936
41
148884 192365 226561 233640 144642 177744 117409 224842 126847 1231 167716 47013 109227 173783 128538 48683 43193 204459 141050 183459 193381 195070 167928 111600 38714 196076 7047 150768 165903 57021 223025 164931 152551 43725 199732 190947 221536 173439 129998 33705 230535 
226.415
42
98053 217825 10221 68912 52075 216315 169606 121711 20706 29906 158465 189853 4395 34751 120288 205059 2939 4884 19583 2120 219091 183019 76090 57104 225472 181462 45212 13735 116776 63830 28428 219027 161494 74555 203689 89658 94504 222414 198014 140031 12687 59047 
316.927
36
96390 148007 214480 90200 6682 196525 200998 192095 199188 153170 191559 83995 123629 182024 107923 164899 103541 81682 117940 120467 182465 10022 93293 148924 23493 21207 20705 216359 84398 136418 44694 92732 149337 9325 30044 74599 
206.382
44
41351 10813 194620 27466 78437 191672 218593 148999 113055 47772 138788 73578 236909 182438 195645 31445 112512 66634 28553 202299 72654 113736 221127 80811 139808 85688 225464 224043 156818 107026 169869 153200 235219 222167 188066 125860 125346 156343 102295 48669 6975 41885 161081 222725 
84.76
44
128524 226328 199599 58701 173750 54908 235373 30633 189069 170851 226954 46617 42011 220863 104228 103625 187704 1551 54211 227310 180435 8712 87708 69544 131469 82750 67369 33487 44676 164709 214341 174573 12924 145944 73453 120013 62221 38312 103389 113935 192577 5977 207154 236372 
211.937
40
26853 199321 64693 182305 15984 50815 232615 181232 84966 138998 126894 158716 147146 16153 191077 193785 205139 3217 171670 121822 45720 138857 721 125989 133653 206922 161918 199254 110090 151925 150284 19597 48718 35460 49239 161506 141285 180834 132603 30139 
181.642
37
11253 31879 58511 101282 25721 150905 138677 127633 101800 53583 22578 4125 29738 227027 200260 206855 36275 107944 195982 8237 120122 203830 233877 45355 111979 52596 81244 41820 143335 79906 42143 44837 49324 20875 39336 121858 201963 
153.25
40
184745 43423 184740 216426 199405 15875 31913 82225 62872 203837 22905 125535 84361 35017 118999 49319 47535 30913 234065 164881 98641 87053 154551 202965 85582 234538 153227 205524 196494 143875 53305 24305 88719 197104 180312 161907 103513 121434 107423 191742 
272.313
44
127054 149739 194032 204312 10755 157980 8021 71263 145586 208658 167662 135349 230085 175097 10085 226746 131973 100449 212235 120953 139646 223307 45584 50040 109457 12467 177818 55301 51331 60317 169620 128499 20631 120071 100969 111560 157940 109898 33446 55762 36059 63308 34082 143571 
557.24
38
196123 91802 213700 119296 98743 47460 193020 163187 175888 101449 125056 202302 173515 140445 217347 27905 50906 158435 56877 209142 143136 98212 205940 53786 178614 96279 54071 61355 150195 53407 112923 67216 125261 224504 129733 236067 13122 55799 
284.205
47
52544 111127 177316 202770 210083 49379 112373 118018 137859 17060 91448 152958 32628 158641 92875 206696 90957 217627 193549 229995 55124 35397 186451 137389 146798 93675 110457 233795 233943 165978 160105 7713 114788 210221 126923 223147 39887 64143 174154 149680 41256 153357 9941 226644 95645 29625 69796 
427.46
39
107184 73579 101206 2532 7041 149408 13895 68339 53846 133569 80362 134078 46780 4860 173690 159773 209396 34041 129270 61988 224761 66902 132906 175826 168313 65006 120751 170646 155758 224851 33880 146513 197472 116808 217475 188533 173195 78873 179637 
317.698
38
139046 91454 95272 231582 32010 10848 207835 161656 33534 182832 35930 42905 225896 61649 98177 134006 117648 152758 217354 236224 115325 70414 229292 50560 57373 194178 195564 32938 79284 116876 181695 23111 200489 13574 119302 18808 14252 207656 
321.741
44
194273 235319 74682 55727 176250 196212 11967 216667 96761 92652 169759 78167 166103 101929 90142 217455 142387 209214 54691 184873 234140 209622 111462 148392 6910 156088 115547 68242 129194 159135 152070 23870 64979 43247 189963 197112 227486 81294 222721 206779 170599 109724 219096 37243 
108.408
57
44229 176323 175779 11590 11906 88772 22556 94175 45348 142088 152667 217214 151517 224574 73421 183619 16084 229687 220366 168989 188563 45750 38122 40203 213485 103525 215771 141818 75807 131178 82465 91812 110741 208689 13227 18287 139413 17949 125034 184063 26126 195465 227811 150843 108908 208642 87052 228924 56679 77536 113092 195137 152487 66400 228886 163903 69329 
189.42
41
185221 125044 71718 135458 185041 163789 9310 179287 781 52543 107956 188795 176711 145090 14150 148901 25838 50125 224004 39951 60959 138430 52714 190021 97717 68161 207307 98418 103924 146971 153218 175184 144410 236997 20145 17202 130620 42449 162865 35478 215233 
236.581
35
142450 2884 108237 39950 74873 175549 220076 110079 113234 233735 64713 151420 229422 209867 68213 111496 206548 196916 225636 85757 135644 9818 141139 122900 229305 124129 222094 122017 51653 215309 137368 66302 102975 34289 129907 
246.84
47
135076 62418 157976 234582 4996 196323 14805 159611 177452 128669 154125 29086 106316 158805 145466 91340 190947 34722 115695 20617 47868 63832 116722 37878 31709 190253 51954 172481 148568 145748 129334 168906 150380 42224 121601 112343 48306 219585 123749 96498 81807 177697 188820 164647 230155 55836 177684 
527.416
33
63561 183753 173750 115964 56052 98109 5432 117332 189090 119514 218825 118586 95742 181109 113604 33121 90129 28005 172101 157908 216347 73994 124872 43880 142649 173641 171461 214999 32333 221953 31760 41793 83472 
224.205
40
54385 68314 223935 235950 197706 75068 225386 166835 64899 128956 27988 183779 28746 206634 176906 116424 224986 200985 62919 157359 102484 1134 223444 169614 200771 218630 229862 97744 142989 143359 55879 51656 12606 118230 34457 233043 64358 226156 3931 133269 
286.615
49
208892 32413 123763 117556 216877 46647 162768 165257 224121 116424 56652 71505 221206 111419 81836 57539 72095 18428 195420 145204 191218 98122 96929 113063 149429 95403 179280 63972 227133 19325 177551 83632 215257 109660 202238 103017 142945 7363 191172 60271 143813 46696 233978 165807 14354 122599 132367 119780 181354 
376.21
46
87921 229310 99377 45570 190802 50207 194303 88409 133294 104005 218093 69984 136535 103506 79865 126942 214460 26458 157289 125939 234861 105774 230398 120430 191078 61855 6660 173343 65340 180380 63083 541 56808 162221 154089 182861 95145 230077 72119 49892 183049 98525 36432 208324 148422 149295 
187.718
50
45018 66288 6780 36272 57905 223370 149803 128014 122896 171598 99388 75922 105819 32879 69960 223791 89118 37214 125659 118410 138930 134328 197462 23327 120322 232361 114744 9347 169998 6786 104772 51080 2995 227851 193972 165387 190265 232693 177158 32660 109971 49133 133002 144561 203072 198798 65458 52616 57622 73214 
695.74
53
45565 156409 167657 136247 210958 55699 185296 74196 146387 197739 233995 228266 183632 142192 176362 162189 92092 90536 234300 81620 161363 221227 97858 129835 219830 84574 176471 164254 60659 86848 12458 163873 222370 66719 7346 111394 216709 50605 226121 186083 207175 627 167952 49109 21991 206058 8191 131156 146629 63750 228498 123776 157818 
196.099
48
207840 58143 47691 79737 2202 223096 198633 17457 77779 189730 217130 134581 76626 157491 229750 53995 184103 209474 38085 219221 160358 213312 231095 223769 144395 85049 81310 189983 185338 86324 212260 184179 150648 163576 164905 137087 231356 234502 35805 215625 32041 216884 3276 157825 166074 204244 1868 180244 
325.241
43
11001 30553 146359 230282 128449 140086 160682 178720 225961 194889 180102 72217 152593 48836 158626 42854 149657 109474 234908 63213 219898 209459 88843 121051 115726 16310 82750 132898 58170 117793 230102 91411 79224 75777 101129 215570 116126 46906 100530 99978 124246 137446 204486 
276.435
33
231808 144440 62364 162970 108576 185088 176788 93510 76292 120834 32012 52947 115207 158427 150306 173043 194355 125051 194022 123903 32847 40731 198489 187613 76680 184128 148588 177456 38339 89852 160813 25490 96732 
405.25
39
139484 205837 214574 20145 81984 144454 210446 210170 1734 1697 7768 216203 151206 42833 122243 197824 235087 224495 153225 205284 852 35984 182896 199197 146146 200707 158290 23569 74365 208654 192837 96542 178757 225462 191857 147978 129058 6051 113078 
186.577
46
217478 105384 60118 158944 30705 65446 54286 25662 149392 194467 139211 179151 117454 143342 36922 191714 228002 229830 138836 66844 137297 180463 30546 124710 165820 42625 59004 15761 223138 216002 113854 153764 4309 67765 208551 9150 204347 199278 104694 120715 203046 169128 220062 228779 18359 129986 
331.973
36
65659 93040 137751 13708 57289 114590 70797 67390 223504 51752 137233 20015 99782 225390 119991 138971 47695 70305 134699 155463 98281 110794 81265 99557 121475 114768 226299 45817 219519 39987 229915 152523 112140 220754 40596 136107 
19.971
36
153816 80562 136129 229557 236113 22041 88210 182173 53518 132540 229759 34685 37769 68930 207804 103589 90904 121540 9077 173075 218589 111381 228429 90810 35384 92869 100292 125761 47352 170189 15710 162451 66000 119073 35770 102098 
162.976
45
68686 49646 172508 191323 181717 217628 40247 17418 3281 215728 116368 65527 119910 78932 188481 113005 143696 231003 67219 180538 48482 235076 196234 105971 107241 222230 219621 184628 16477 75650 71792 232000 118510 157231 135115 189714 218279 113622 163690 25519 4636 221696 96446 33768 133038 
449.033
35
37795 155703 74973 136233 99250 136802 168219 89549 135142 116839 15591 62725 131555 229452 119004 197234 70308 65629 138821 158989 39237 219901 122971 148407 19147 109580 35040 145810 153580 196230 129817 120460 18515 128277 133704 
222.529
46
193318 220045 203593 68604 133221 110704 52420 62780 45312 7358 109206 83600 10772 226969 140151 99764 91160 174340 148113 157501 36760 117405 125174 172970 156969 118124 199988 64424 16798 209701 142506 34154 95512 226339 209065 2996 210472 164325 156591 77214 121974 155830 135011 56601 59233 226402 
155.092
38
7861 134660 126081 109273 51619 45549 114105 34119 156481 187655 16113 59938 157323 149853 65181 135780 76229 28322 73952 19225 101777 196032 162025 30844 227273 131789 95919 231601 55372 69128 27912 107750 201399 157078 204837 49139 18353 188840 
473.607
50
129323 198150 25689 201183 66224 192534 96951 73450 232938 74664 96528 11135 176795 182183 178560 207255 2312 97182 213289 219223 104721 89577 98570 179342 171522 57658 206475 215276 107124 162798 62849 213059 16015 3283 26818 117100 14702 211849 41228 160175 228575 39093 150757 105315 22564 191058 225455 204219 35487 164372 
166.914
38
78911 48287 151477 233343 20252 216560 34704 77701 135574 180985 144398 24055 162758 76455 65773 233398 97701 11739 62933 137549 120629 28652 96528 114321 56302 190352 36982 226094 105183 209539 105774 224270 40184 48870 4467 159191 3289 205468 
416.864
40
217650 96163 156890 221033 112359 73405 195756 181607 21506 193326 18697 63025 229794 93045 78453 172494 133011 40832 83293 224382 160462 125519 115175 110143 51149 95796 183818 131001 44782 119052 202459 44074 30428 75427 92672 24758 217100 154408 61947 102151 
296.137
43
231632 194048 164273 180192 164711 176790 19874 204740 57042 15226 2679 113053 192434 22088 150014 182897 170122 135227 80980 38261 21354 221331 60418 146477 74027 150708 115660 83537 232322 108162 143740 194503 4044 84972 149230 85004 20899 2754 116896 18015 197864 142175 190329 
358.34
39
102818 152493 220453 152446 66381 169523 219405 100025 98221 49661 200229 135156 89459 168934 197926 6489 5672 143261 112017 220773 206181 227026 36367 222422 29324 201403 38264 39161 64285 215820 61740 141467 158304 169043 3255 118294 223901 12647 124205 
225.742
36
168191 172696 24952 80740 110372 100963 47516 41798 120874 3191 16083 199041 134463 154534 189656 175937 14925 29419 3949 131243 26760 70079 107716 213872 67878 232665 150396 137438 18850 111341 167144 217583 162877 201480 2181 224079 
161.194
35
141951 103676 61236 75317 3214 127833 199452 107533 37527 101633 25687 188933 31060 4989 61320 171099 109022 230454 185133 89263 11222 208679 182381 229016 129428 165273 97923 87645 95150 166801 123900 226973 183378 26831 227051 
304.033
51
140993 149814 90370 162343 56588 158764 85067 69452 154862 70397 217722 21426 127569 73657 140422 160334 81683 225665 79422 219683 127783 87597 159311 39753 83646 44923 88246 203828 164173 114777 111518 221037 217859 127696 230965 8117 97762 178634 133464 50458 34948 208965 24037 9472 135517 209877 163923 170592 210815 37395 65414 
375.339
52
21394 148572 91901 216330 216627 191951 180043 16279 184698 191909 56914 176335 73337 142837 154483 225246 620 152018 19876 39268 220634 221543 59470 44424 161629 212824 32641 198834 31400 53679 139670 208607 192407 151789 100741 66145 125609 37740 177130 234346 39356 3716 34733 168862 135530 109454 14870 128004 72891 134665 171349 206796 
151.27
47
124187 134469 102689 196438 902 135989 42362 30767 200922 123606 103227 87806 194432 228748 23419 223575 232813 65080 157154 29454 8751 155363 48758 111381 20080 191877 38913 74365 182904 75395 130147 14888 70669 174409 183999 141853 182742 127564 209758 119668 87228 74903 236713 29896 106237 171324 118153 
228.116
43
58228 132070 41091 78354 84695 214458 111607 68765 223469 208684 199036 59217 48193 122900 168889 100657 105166 27255 181303 137117 102129 178828 185894 127146 11521 74903 221410 78008 112540 92387 194244 172333 175242 231881 63821 202331 143009 230207 124050 140232 224632 15890 105046 
196.099
40
219925 64798 142503 148129 17548 88846 106948 132316 194635 28660 178559 189537 108990 106066 76419 117766 170292 85012 192584 101003 236032 45305 186145 44183 169410 149742 134665 89881 31995 32996 8045 106384 196613 43161 175678 114451 23908 181185 52296 142113 
300.967
46
108555 228328 114949 85517 182259 38054 85001 201597 94972 5796 139352 60901 161600 98371 221893 140478 86237 152653 208203 77504 204670 223793 148088 183774 176216 10474 61512 90198 23299 163399 225380 73862 3782 74026 107680 183949 6661 81814 181766 103946 157825 235802 107875 17987 11363 152553 
404.947
41
181704 229797 228808 121568 81989 194842 168277 79210 27293 193293 56678 233025 78381 139692 173642 74037 162823 113219 51812 211228 14162 65297 76114 176134 115682 104089 91083 97752 166531 131320 176864 55311 7220 169275 128209 135665 83120 140648 95823 15198 105399 
273.916
55
63526 218189 229139 112368 212941 107161 206122 189338 213121 186938 52136 11910 194684 73728 80172 181007 133030 222205 185917 152839 174865 179514 234286 71194 91208 176004 41531 184647 193557 211846 63491 184431 214662 7004 81032 65856 5569 64656 65148 198853 182552 24578 16684 205575 138087 166551 142259 131228 81704 188051 149608 108741 184934 84364 138633 
400.619
48
167198 173679 178560 140515 188115 231414 119056 115564 45735 102754 161815 208953 131855 69025 231157 231029 16576 194347 189518 72122 50245 205803 190351 107731 140338 121900 134414 47107 51975 99830 124390 62301 89124 185252 194736 196311 184838 225187 44308 202832 176524 106783 154677 123705 190850 136372 98564 177338 
193.502
46
35040 70630 63595 133398 202152 98119 110317 207591 180996 18062 85040 163857 180360 34839 52016 79152 91870 151910 106022 45199 64621 230978 148074 9074 48030 215668 88888 89846 185100 175825 236562 183143 19266 112035 22578 231366 223633 19441 212085 1039 3055 166455 135298 201790 5486 20072 
208.951
46
177987 54680 38221 136818 57038 170335 194314 146144 110269 97104 78639 56618 233218 231934 229695 211450 110307 188108 68551 79793 8622 76799 166520 148115 113578 132366 50035 174918 144692 130370 137127 73100 215147 17166 122013 150185 148372 173777 103170 132932 36665 104979 114674 153909 20312 181176 
283.264
31
99511 202370 26746 178204 48857 159947 219474 171125 57864 86591 89217 96349 88756 202716 207615 65486 95654 219000 190389 50871 9326 177980 142096 103666 233337 120874 97736 188219 99414 20007 173932 
306.95
46
29999 67606 157696 85929 27527 138589 218677 220167 111865 136770 55368 35323 42317 190280 53876 58641 109351 167058 4046 130209 52002 30445 168411 690 96692 235266 10938 102891 70643 75550 70433 85387 199870 30233 203519 231741 85046 79104 24064 36041 4132 214174 190989 143347 14815 19077 
234.45
41
44665 201273 174088 189814 115031 201161 70536 115743 16985 117101 102569 86188 171491 77406 32448 234211 125947 182386 2612 196107 112515 32340 102682 3636 7028 169841 227207 56970 79416 69736 71198 149963 11161 202837 100785 129109 64012 140493 39541 24662 236717 
230.261
37
79247 172331 194975 160181 32721 35482 21686 231124 225947 231830 4418 97456 190991 219764 126325 54344 77438 68927 95054 168149 214671 8499 29511 123095 151967 69079 38830 145196 105553 184021 171956 84866 43047 232672 117790 64041 172120 
166.438
36
128473 10286 142710 16647 196435 20033 87312 72737 121300 230817 168726 17806 220277 84009 181052 203663 57729 126113 12896 102244 14209 91910 195276 175346 55104 134633 8843 115489 100338 133361 118776 222861 37845 118898 60494 216878 
255.829
40
198477 92309 112095 179808 160028 115070 232554 64933 85699 79878 186306 115580 59299 155659 99825 91998 45250 40423 6103 235326 38002 79327 48853 44476 34842 41486 206188 92189 42126 173166 203203 232655 53980 202891 225316 138939 210992 17146 36662 15452 
133.437
44
51488 132039 109852 140624 146327 26678 34013 135573 234167 39192 9797 21729 216953 73771 48436 72201 76368 110002 218620 198100 18261 129465 133258 118855 223183 100454 193095 191596 189526 216263 12445 154687 43587 28020 12525 13360 202157 198271 178171 225687 65861 123159 21 32426 
248.371
52
170055 108924 15894 144980 174169 142572 116739 101086 102690 168853 98144 74120 84853 80114 94941 62466 105158 102435 116531 40317 147176 198753 129900 38390 111365 111014 169797 43743 146745 196203 227880 16053 78795 3554 14884 6630 183931 40710 108999 24377 60067 221292 112052 74694 193333 74198 63486 20705 102634 167819 164752 71893 
234.396
51
40612 168224 12572 119476 60576 220065 29287 203688 17822 224249 123178 37415 161690 129197 25056 89735 179062 132475 165334 77082 39560 55083 144758 22728 43357 203721 46136 55331 36058 70204 152441 8549 37148 134970 56532 40335 135698 170580 147824 14882 207288 208968 165629 53189 219060 39903 21542 190410 8893 29159 52091 
559.059
49
236822 34129 54963 204682 46090 198494 101285 62745 104502 6211 19823 107950 66773 12670 195988 88862 192065 104506 15910 26603 34322 28923 121696 106814 76928 139418 217808 49171 90518 143392 215879 68110 723 169019 63720 11273 101040 36409 173510 10413 23794 138379 208170 233048 223368 80659 128150 183516 225905 
350.945
44
115517 199923 171433 6396 40371 23743 195452 212027 85222 86026 145368 197121 73555 221199 111984 144845 191178 148206 209316 129357 172511 150067 124335 174972 57349 60591 33948 134840 25751 202643 217519 85412 201297 104646 44572 9530 102405 22357 166742 7712 214153 45727 120122 192306 
212.199
40
134817 227726 100279 43932 20665 103784 161267 126752 96472 23465 103781 151840 199482 129038 217465 228003 45049 30472 143470 107171 93710 52495 142026 40870 69711 11491 164979 162102 87104 53448 233316 154685 226022 21796 20678 108355 133354 44541 7953 33567 
206.201
30
226452 81254 233414 81456 218155 10148 74893 37804 41665 197831 150229 96154 179282 171376 141003 28023 212300 180836 68149 3395 155506 143067 103846 184422 70553 95554 178994 50565 1234 227996 
264.75
49
38732 158165 147188 192368 63698 67608 113469 179989 199058 231842 56969 42999 100738 227210 97386 90653 111292 33251 234605 41182 189484 144957 143192 66368 59463 148814 178622 186378 117711 226301 236806 228878 207288 154519 136986 178680 30396 210966 155624 89514 26941 204136 112399 64408 224279 171151 41348 61791 229156 
244.73
42
22272 212090 212188 174019 171590 147773 26243 185060 219146 132200 202897 98313 2291 153420 220618 198316 169778 76084 171303 79922 74671 169984 202673 109492 1575 184379 203540 76515 37724 204953 104406 189385 236817 36307 87202 138712 44713 74825 204305 229796 35130 82778 
423.416
36
77003 137218 60050 205124 112302 193765 148112 171528 118772 137168 66724 137403 55602 116069 135836 165344 186172 14261 212987 80871 158654 17304 83918 117132 154347 169616 134266 990 70671 93708 171518 59398 73448 117800 10475 93684 
187.991
