53
10310 39959 150767 188632 84727 137082 197724 200798 80128 10138 107155 132703 171422 55763 210830 11471 144469 137031 14505 177561 159003 147027 163382 117695 168756 136142 56316 89342 96333 174119 229253 213723 181582 136141 220903 12160 198848 235839 107546 109801 84324 144932 187639 66516 35980 156916 218749 109033 157207 92084 184046 90963 178836 
32.277
53
62670 65321 2760 44312 207232 100021 195243 112597 56183 233769 80177 13601 80645 127479 26097 166822 225000 234250 124938 110807 139461 211709 30115 214902 220805 163844 212032 127711 132584 109590 68833 59556 196214 200628 142500 104190 62764 142278 98068 131208 16902 134384 141587 128453 228914 219414 112343 185836 223018 81172 70845 50461 179052 
23.433
34
132736 132919 121710 84546 234596 148182 224752 139873 146169 109781 207174 23891 122060 229102 187927 226479 30512 190563 53749 150673 235909 59055 81756 133078 167438 95382 193146 75207 202433 163672 68104 96045 69274 114449 
27.406
46
87267 9538 26380 117591 192545 129184 224712 41063 133939 51103 60566 158438 215848 224068 230199 8916 26246 133716 64754 217065 208032 216542 8807 215935 93355 67683 37755 57225 209756 77859 79677 98333 27662 233756 24016 50004 22670 234482 94203 15365 7039 175570 157865 98142 15443 196638 
22.613
44
164579 165792 174525 122007 52210 206752 44761 127920 167331 234100 45904 430 43369 187163 11392 137264 173838 59827 182512 67551 86869 157785 48644 95287 45110 44577 49949 48876 169626 164858 1217 16032 59566 76484 89848 39785 116890 191524 99627 944 197951 200255 54078 200514 
27.847
37
190229 235632 149414 34444 111242 150651 15308 190306 153935 137055 181660 148516 146705 99985 68262 132117 115442 59902 156149 141600 176338 207360 107582 158353 203473 18089 151554 34905 191505 210171 232768 88923 80992 18628 73799 175287 233610 
24.741
38
23618 33465 120950 50315 220828 169622 142182 171364 136924 46291 229885 938 127075 93214 45652 161426 183848 37564 130885 204525 114297 234344 48710 8802 59633 167000 199851 51857 148973 78604 93569 148640 166586 12244 134311 11400 30580 170987 
22.446
47
48192 76145 50069 46475 73835 115922 107986 149594 33468 131426 47808 131838 158113 142414 81026 122963 28796 102111 46426 137016 130080 40800 49247 231872 4512 118346 132905 25175 36669 145574 58681 122987 148140 82967 6233 166600 117699 150410 155129 82333 62451 183795 144607 122337 161348 53555 101769 
21.898
40
108798 144218 104116 160535 208429 50604 16407 129205 28518 21502 75370 99860 196953 112108 43168 129758 104717 182577 65637 200013 58324 180422 111573 48988 45488 118077 37093 213806 8907 18170 34538 230402 191755 187451 140804 234508 182360 224957 4236 91888 
21.516
41
21979 201116 106908 207271 223333 77741 120709 157710 158555 76170 130291 128509 6744 158297 143429 174244 57260 78934 211776 46131 116132 158684 222954 103575 221689 167683 183962 127230 62284 38245 164253 145035 82412 33009 194668 16167 28157 115545 84221 69290 205400 
23.132
42
3373 8567 6178 173732 189921 209168 146621 95409 159715 38787 59228 170047 134936 63486 207794 219496 186548 22014 43407 15311 58596 89866 108806 58218 224364 167435 100824 58564 85079 37001 120612 160092 228649 34919 93110 77962 7781 201727 65679 29910 64041 219406 
25.478
45
51660 128200 54767 104673 176389 208464 120893 186865 81524 97901 20101 88349 6120 84752 183773 209139 149182 160264 67973 58826 75894 104116 139117 173128 220912 10116 146780 49494 213859 117169 25333 17310 191504 45865 231168 47371 145208 87631 141874 10834 157107 139602 191307 162216 190566 
24.981
35
176262 42117 167769 200783 33751 206802 55868 151178 7081 223165 100149 154956 5846 220917 17582 196533 222749 25070 125281 122452 214932 203844 230362 212248 185847 228134 98817 228937 56340 54804 35440 70967 32327 62279 195569 
28.384
40
119308 159266 14053 235235 179669 167482 116488 177357 196259 20859 85105 65418 45708 233206 91411 195868 199017 175596 75569 13473 190597 67996 159332 103733 212900 108225 84117 116590 17894 121223 189919 225245 202252 162607 71167 154686 107208 138959 188339 376 
20.34
37
209166 183136 227424 154641 27527 128231 112706 7084 198610 6810 90608 222268 229854 29895 183369 20119 27691 181831 214483 186169 75825 126361 152620 207734 198085 197490 85238 78347 14420 125027 233867 14465 72981 228007 34175 129271 205326 
24.091
49
76904 21875 235913 233505 231740 105622 175682 99592 148089 201712 65279 54258 149597 236264 165894 108337 52144 234844 203863 104458 138730 103240 52440 7227 184681 94458 224158 124116 139827 108068 73748 5441 20243 68453 19342 16026 32559 46407 234875 52756 38774 41315 151980 170995 3315 23677 159946 39978 110430 
22.758
45
128788 67859 167393 20989 199846 27355 140950 71281 103765 11168 193492 18585 22523 191989 135027 190232 9481 208326 208184 59563 193299 222345 36469 168549 113928 182279 178439 34526 60989 96575 174375 180233 97452 101367 17308 142641 101130 60994 33683 71241 103750 29024 73980 79696 137977 
24.259
39
177171 111910 131285 86075 208650 47893 105675 23165 117611 146997 63958 218642 172797 2106 214959 26366 193342 213500 10064 35244 85347 4299 220370 44479 24052 140620 34107 154384 161345 209725 52701 227569 204333 86280 195968 199750 4131 28866 60171 
19.783
48
174248 173907 136968 104158 40571 23190 97058 225465 17370 143109 62039 86546 56579 71856 148368 75048 223653 102233 141808 45288 87082 51018 44001 212608 5353 3708 28980 43187 171733 112364 185220 139255 44873 183798 302 57012 186763 6637 44517 145467 3137 14348 100693 128561 23398 108759 160863 167568 
20.373
42
221126 34452 46022 68576 188779 156768 145358 3830 115768 139607 119913 7417 58857 212536 19729 7889 19548 74578 23473 77768 18447 119373 10494 201122 70057 69868 233294 80057 171639 179980 101324 213161 112613 68248 177876 224956 178760 73760 168292 116655 78469 97090 
21.887
36
113081 2559 194321 175254 184550 222451 218551 233392 99425 159919 41024 134102 133397 134958 207886 179894 136444 2373 32100 156100 87422 225818 188971 70356 142665 49858 114962 60038 168270 85820 130046 198179 153917 71521 176328 183664 
22.263
40
166443 174460 201996 16615 68106 196107 92499 32941 152959 133758 79539 138544 231666 219362 225005 76110 100069 216774 212826 182601 9481 34113 90469 110669 132906 218881 37749 124813 39615 35818 231510 220300 111946 124553 148652 38227 235319 54155 107640 221260 
20.276
37
218346 8210 58462 38687 39849 43817 28016 165032 106207 87071 157913 73197 8800 7215 195439 41877 32349 175063 231482 17133 109108 188867 28591 213229 159740 92638 127443 127142 47639 182711 112068 96428 124562 53931 225643 139351 176780 
21.12
43
57826 151857 139388 225565 106054 83806 189677 147864 42778 148727 2799 19991 182597 139067 129425 207552 16715 202334 139538 168372 4150 79977 198811 36728 114101 27723 18299 139915 100549 54123 146310 35747 113008 94742 111957 228667 189341 199976 202784 18836 184958 8967 88193 
24.953
45
131714 167501 222582 143066 208965 64835 18593 115422 145205 162684 91562 87798 13902 128929 123350 72431 129956 234546 101528 103665 145903 79567 140667 20563 127451 36382 134832 93398 118597 131966 150619 54760 87449 72760 204160 8039 236141 100289 143248 214973 215963 164345 51285 29350 187737 
22.424
44
229957 162892 168071 154179 30494 155862 93131 181679 204756 96677 56996 123839 1720 131308 129422 73267 49616 138763 138495 85277 201006 47660 69366 59377 125868 146481 170467 98838 178110 43318 160535 87298 77560 172741 90452 83927 228358 196361 230646 102498 17670 210604 88880 231936 
26.316
38
133485 84635 7455 173487 54104 179396 163879 163339 154425 52704 180935 71812 119513 235953 14688 190113 138675 76696 48801 116991 205732 83342 19846 155897 157374 21577 129056 124728 53103 114689 95676 229223 86274 222620 90334 56233 159667 166321 
23.783
52
30834 76231 43098 101097 45946 97932 210422 30394 211563 175802 84858 110276 195844 40210 229719 40573 112730 64179 22922 64775 201791 148131 1974 176090 93346 124261 160210 175241 199182 123444 175523 174783 180225 978 99027 22941 161302 83444 166089 37486 103593 233742 35260 214199 46400 45039 132911 25688 194804 68641 110993 201279 
22.681
42
134990 171178 202100 133060 184272 170088 123048 203802 3366 69200 70787 3460 229819 170364 215884 198940 39868 177250 148828 155156 159690 109514 8455 34932 212177 217173 234787 49466 24602 31556 73910 99914 195275 113392 166647 11356 174757 137793 25442 67686 76018 94360 
21.367
46
10241 219704 2483 56371 60657 185510 19007 169357 65563 143414 168561 59046 24835 209171 159154 3251 157803 114294 82164 236669 112382 163296 167774 120347 145801 141893 74571 90029 65736 189329 4383 37525 58525 134604 6559 190853 220014 135258 183261 213429 121786 80614 123312 130079 112376 175393 
24.598
34
21351 60638 92173 156107 136492 205503 52957 74820 7361 48858 220575 120870 67860 158822 82405 161360 42931 177931 224139 8273 200149 165654 65132 216439 147673 181302 136957 79953 209461 27223 131904 121662 45398 98315 
25.903
41
204459 192365 148884 195070 226561 167928 48683 233640 43193 144642 177744 117409 126847 38714 224842 111600 141050 47013 167716 1231 183459 109227 193381 173783 128538 196076 152551 150768 221536 7047 165903 57021 223025 43725 199732 164931 173439 129998 190947 33705 230535 
24.46
42
34751 120288 98053 4395 140031 189853 203689 2120 74555 158465 181462 217825 2939 76090 20706 29906 198014 57104 205059 121711 222414 161494 94504 219027 219091 169606 19583 4884 28428 45212 52075 89658 68912 63830 183019 216315 225472 10221 13735 116776 12687 59047 
24.512
36
96390 20705 216359 21207 148007 123629 214480 84398 103541 136418 164899 23493 148924 93293 10022 191559 6682 182465 90200 83995 182024 120467 117940 107923 44694 92732 149337 153170 199188 192095 200998 9325 81682 196525 30044 74599 
23.918
44
41351 10813 194620 27466 78437 191672 218593 148999 113055 47772 138788 73578 236909 182438 195645 31445 112512 66634 28553 202299 72654 113736 221127 80811 139808 85688 225464 224043 156818 107026 169869 153200 235219 222167 188066 125860 125346 156343 102295 48669 6975 41885 161081 222725 
20.845
44
44676 120013 62221 226328 128524 131469 69544 42011 82750 38312 220863 173750 12924 73453 67369 199599 87708 46617 58701 174573 170851 33487 192577 54908 103389 113935 30633 226954 8712 189069 5977 235373 104228 180435 214341 54211 227310 187704 164709 1551 88919 103625 207154 236372 
23.055
40
26853 199321 64693 182305 15984 50815 232615 181232 84966 138998 126894 158716 147146 16153 191077 193785 205139 3217 171670 121822 45720 138857 721 125989 133653 206922 161918 199254 110090 151925 150284 19597 48718 35460 49239 161506 141285 180834 132603 30139 
21.577
37
127633 138677 233877 45355 31879 39336 101800 203830 111979 11253 58511 120122 150905 101282 195982 8237 107944 53583 25721 206855 52596 227027 36275 29738 4125 49324 42143 20875 200260 22578 44837 81244 143335 79906 41820 121858 201963 
21.9
40
184745 118999 22905 202965 87053 154551 35017 85582 203837 49319 107423 125535 47535 84361 30913 98641 234065 164881 153227 205524 88719 234538 196494 53305 24305 143875 43423 15875 82225 62872 184740 216426 31913 123760 199405 144492 121434 26935 184097 197104 
23.511
44
10755 100969 111560 63308 139646 204312 51331 120953 149739 157940 33446 8021 194032 109898 127054 55301 12467 100449 177818 212235 223307 128499 54029 169620 45584 145586 140481 120071 109457 189883 208658 230085 50040 55496 20631 60317 25570 55762 36059 143571 70283 36064 121471 157980 
34.783
38
91802 213700 196123 173515 47460 163187 140445 119296 236067 98743 54071 175888 129733 202302 224504 101449 217347 125261 193020 96279 27905 125056 53786 50906 98212 112923 56877 67216 53407 158435 178614 205940 209142 143136 61355 150195 13122 55799 
23.983
47
32628 95645 226644 202770 111127 52544 210083 158641 160105 177316 49379 165978 92875 112373 9941 152958 233795 233943 91448 153357 206696 217627 17060 118018 174154 110457 149680 90957 137859 114788 41256 64143 146798 93675 210221 223147 186451 126923 7713 137389 193549 55124 35397 229995 39887 29625 69796 
25.295
39
173195 101206 133569 224761 66902 61988 80362 188533 132906 129270 134078 175826 149408 46780 73579 7041 107184 53846 2532 173690 4860 146513 168313 34041 155758 170646 197472 65006 116808 159773 209396 68339 120751 13895 224851 217475 33880 78873 179637 
25.701
38
182832 229292 194178 42905 32010 231582 23111 139046 95272 225896 70414 207835 10848 91454 181695 61649 116876 50560 79284 98177 161656 134006 32938 200489 57373 195564 236224 217354 44543 13574 152758 117648 119302 18808 14252 115325 33534 35930 
27.66
44
194273 235319 74682 55727 176250 196212 11967 216667 96761 92652 169759 78167 166103 101929 90142 217455 142387 209214 54691 184873 234140 209622 111462 148392 6910 156088 115547 68242 129194 159135 152070 23870 64979 43247 189963 197112 227486 81294 222721 206779 170599 109724 219096 37243 
21.147
57
44229 176323 175779 11590 11906 88772 22556 94175 45348 142088 152667 217214 151517 224574 73421 183619 16084 229687 220366 168989 188563 45750 38122 40203 213485 103525 215771 141818 75807 131178 82465 91812 110741 208689 13227 18287 139413 17949 125034 184063 26126 195465 227811 150843 108908 208642 87052 228924 56679 77536 113092 195137 152487 66400 228886 163903 69329 
21.004
41
162865 9310 153218 179287 185221 14150 148901 185041 135458 25838 145090 50125 176711 71718 125044 188795 224004 146971 42449 98418 781 52543 103924 190021 107956 207307 39951 68161 52714 130620 97717 20145 163789 17202 236997 60959 138430 144410 175184 35478 215233 
22.216
35
225636 110079 196916 220076 142450 51653 206548 74873 175549 85757 122017 209867 39950 102975 108237 215309 135644 113234 124129 2884 222094 9818 137368 111496 229305 68213 141139 229422 64713 233735 66302 122900 151420 34289 129907 
24.825
47
157976 129334 219585 234582 4996 135076 62418 34722 177697 37878 96498 48306 31709 159611 196323 14805 145748 123749 20617 190947 112343 145466 115695 121601 188820 158805 148568 91340 81807 172481 106316 51954 116722 29086 190253 154125 177452 42224 168906 128669 63832 47868 230155 164647 150380 55836 177684 
32.052
33
113604 173641 33121 173750 90129 181109 95742 43880 221953 142649 171461 115964 63561 118586 124872 98109 73994 125117 218825 56052 216347 183753 117332 5432 157908 32333 189090 172101 119514 214999 28005 41793 83472 
24.972
40
54385 233043 64358 183779 235950 116424 133269 27988 226156 68314 200771 218630 28746 132510 197706 34457 142989 169614 229862 223935 128956 143359 225386 75068 97744 223444 224986 206634 166835 176906 62919 200985 1134 55879 64899 102484 51656 118230 12606 226495 
27.828
49
32413 208892 63972 165257 18428 224121 191218 162768 117556 216877 227133 123763 116424 98122 57539 72095 46647 19325 177551 56652 81836 195420 109660 96929 83632 149429 145204 103017 95403 113063 215257 142945 60271 111419 202238 233978 179280 191172 132367 221206 7363 122599 143813 71505 46696 14354 165807 119780 181354 
25.555
46
230077 214460 180380 87921 194303 99377 229310 49892 72119 65340 190802 26458 173343 6660 45570 63083 126942 98525 157289 183049 541 61855 79865 36432 218093 50207 104005 69984 95145 182861 133294 208324 154089 88409 136535 103506 125939 162221 56808 234861 230398 191078 105774 120430 148422 149295 
22.825
50
197462 193972 165387 227851 99388 2995 66288 57905 45018 223370 75922 65458 52616 6780 203072 36272 51080 134328 138930 104772 73214 149803 6786 144561 101066 190265 133002 232693 32879 49133 105819 69960 177158 118410 32660 128014 169998 9347 114744 120322 109971 23327 232361 223791 37214 122896 89118 171598 125659 198798 
29.839
53
45565 156409 167657 136247 210958 55699 185296 74196 146387 197739 233995 228266 183632 142192 176362 162189 92092 90536 234300 81620 161363 221227 97858 129835 219830 84574 176471 164254 60659 86848 12458 163873 222370 66719 7346 111394 216709 50605 226121 186083 207175 627 167952 49109 21991 206058 8191 131156 146629 63750 228498 123776 157818 
20.499
48
185338 231095 213312 189983 223769 3276 189730 86324 216884 204244 137087 58143 217130 219221 81310 157825 134581 76626 207840 32041 77779 38085 144395 157491 85049 209474 215625 229750 17457 231356 53995 180244 72184 35805 184103 166074 150648 2202 163576 212260 198633 164905 79737 223096 47691 184179 35716 160358 
24.306
43
11001 30553 146359 230282 128449 140086 160682 178720 225961 194889 180102 72217 152593 48836 158626 42854 149657 109474 234908 63213 219898 209459 88843 121051 115726 16310 82750 132898 58170 117793 230102 91411 79224 75777 101129 215570 116126 46906 100530 99978 124246 137446 204486 
22.163
33
93510 40731 76292 173043 194355 198489 150306 89852 187613 125051 120834 108576 162970 32847 160813 123903 158427 62364 32012 177456 115207 185088 76680 38339 52947 184128 148588 176788 144440 231808 194022 25490 96732 
29.025
39
39378 20145 200707 214574 155754 2802 151206 139484 147978 42833 4856 65787 205837 142696 216203 66820 197824 122243 225462 191857 81984 178757 7768 230348 210446 223220 1697 96542 113078 68606 144454 210170 235087 1734 224495 144471 153225 146146 177185 
24.059
46
54286 204347 228779 105384 228002 65446 216002 30705 223138 199278 15761 158944 104694 217478 9150 229830 120715 191714 203046 60118 42625 220062 36922 124710 59004 165820 139211 25662 149392 194467 30546 138836 113854 66844 179151 153764 117454 143342 4309 67765 208551 180463 137297 220477 18359 129986 
25.833
36
65659 93040 137751 13708 57289 114590 70797 67390 223504 51752 137233 20015 99782 225390 119991 138971 47695 70305 134699 155463 98281 110794 81265 99557 121475 114768 226299 45817 219519 39987 229915 152523 112140 220754 40596 136107 
19.772
36
218589 182173 22041 88210 173075 9077 121540 228429 90810 236113 7675 103589 153816 136129 229557 90904 80562 73792 35384 47352 68930 125761 53518 132540 229759 102098 207804 170189 15710 34685 162451 37769 119073 100292 92869 111381 
22.651
45
189714 218279 235076 219621 49646 113622 96446 196234 135115 48482 119910 180538 184628 68686 163690 67219 143696 172508 191323 231003 78932 217628 157231 16477 25519 118510 65527 17418 75650 222230 113005 221696 4636 40247 181717 107241 188481 232000 3281 105971 71792 215728 116368 33768 133038 
30.683
35
99250 136233 15591 135142 116839 37795 62725 158989 138821 74973 155703 65629 70308 196230 136802 168219 39237 219901 129817 89549 120460 229452 197234 122971 119004 131555 148407 153580 35040 18515 145810 19147 109580 128277 133704 
24.562
46
56601 34154 157501 62780 148113 45312 52420 142506 117405 174340 95512 164325 36760 209701 156969 226339 209065 109206 110704 2996 156591 64424 125174 199988 16798 7358 172970 133221 203593 226969 77214 83600 135011 118124 10772 68604 210472 140151 121974 155830 91160 193318 220045 99764 59233 226402 
20.703
38
73952 19225 55372 134660 131789 101777 227273 59938 149853 157323 16113 30844 204837 65181 187655 135780 34119 49139 69128 157078 45549 196032 28322 201399 162025 156481 126081 76229 109273 114105 27912 95919 107750 231601 51619 7861 18353 188840 
30.56
50
57658 129323 198150 96951 192534 25689 206475 74664 164372 232938 201183 66224 215276 96528 57198 182183 11135 73450 176795 219223 178560 97182 2312 171522 213289 98570 158281 207255 179342 89577 107124 3283 104721 213059 162798 62849 117100 14702 16015 191058 22564 225455 41228 211849 204219 160175 105315 26818 39093 181970 
21.043
38
48287 105183 226094 151477 78911 233343 159191 20252 109965 205468 105774 24055 209539 11739 36982 62933 180985 97701 190352 233398 144398 34704 224270 216560 48870 137549 4467 65773 76455 162758 40184 120629 28652 114321 77701 56302 96528 162745 
29.695
40
154408 125519 93045 193326 115175 229794 221033 112359 217100 78453 96163 156890 217650 63025 73405 18697 51149 110143 95796 195756 172494 183818 131001 40832 21506 133011 160462 181607 30428 83293 44782 224382 75427 119052 92672 44074 24758 202459 61947 102151 
26.489
43
80980 194503 135227 164711 38261 113053 221331 21354 192434 84972 204740 180192 57042 2679 182897 143740 176790 146477 170122 116896 164273 60418 150014 108162 2754 74027 22088 194048 232322 83537 4044 18015 15226 115660 150708 231632 20899 197864 85004 168677 19874 142175 190329 
24.993
39
6489 223901 39161 152446 66381 64285 89459 143261 219405 169523 38264 168934 215820 118294 220453 152493 100025 3255 102818 36367 61740 5672 112017 98221 206181 141467 135156 201403 200229 49661 227026 29324 222422 169043 220773 197926 158304 12647 124205 
23.072
36
213872 120874 232665 107716 162877 201480 67878 137438 150396 70079 18850 100963 41798 47516 26760 111341 110372 80740 131243 154534 24952 3949 217583 167144 172696 29419 199041 134463 168191 3191 189656 175937 16083 14925 2181 224079 
22.142
35
141951 3214 127833 75317 89263 185133 199452 103676 230454 61236 182381 208679 11222 229016 87645 109022 97923 165273 129428 61320 37527 4989 31060 171099 25687 101633 188933 183378 107533 226973 123900 95150 166801 26831 227051 
25.442
51
140993 149814 90370 162343 56588 158764 85067 69452 154862 70397 217722 21426 127569 73657 140422 160334 81683 225665 79422 219683 127783 87597 159311 39753 83646 44923 88246 203828 164173 114777 111518 221037 217859 127696 230965 8117 97762 178634 133464 50458 34948 208965 24037 9472 135517 209877 163923 170592 210815 37395 65414 
23.126
52
21394 142837 216627 148572 59470 191951 216330 161629 44424 154483 109454 91901 180043 73337 56914 184698 225246 168862 176335 212824 135530 16279 220634 191909 152018 39268 34733 19876 3716 221543 125609 620 139670 32641 31400 39356 198834 177130 134665 192407 37740 151789 72891 53679 234346 66145 100741 208607 14870 128004 171349 206796 
20.365
47
124187 134469 102689 196438 902 135989 42362 30767 200922 123606 103227 87806 194432 228748 23419 223575 232813 65080 157154 29454 8751 155363 48758 111381 20080 191877 38913 74365 182904 75395 130147 14888 70669 174409 183999 141853 182742 127564 209758 119668 87228 74903 236713 29896 106237 171324 118153 
21.011
43
68765 175242 124050 58228 230207 27255 111607 105166 140232 181303 224632 92387 231881 223469 84695 112540 132070 100657 137117 63821 78008 102129 41091 78354 214458 208684 202331 122900 48193 221410 168889 59217 178828 143392 143009 127146 185894 15890 199036 11521 74903 64734 172333 
21.791
40
106384 236032 117766 178559 44183 28660 108990 219925 76419 192584 194635 101003 142503 106066 132316 196613 8045 149742 85012 32996 64798 45305 169410 89881 186145 31995 43161 106948 170292 134665 234610 189537 192481 194580 148129 17548 32326 52296 88846 113155 
25.105
46
94972 182259 163399 201597 85001 108555 228328 5796 90198 85517 61512 10474 114949 225380 221893 38054 98371 176216 139352 60901 183774 223793 140478 161600 77504 148088 86237 73862 204670 152653 208203 3782 107875 17987 157825 235802 107680 181766 74026 183949 103946 6661 11363 81814 14513 23299 
25.042
41
74037 162823 176864 229797 173642 115682 15198 228808 211228 194842 51812 121568 113219 81989 169275 193293 56678 131320 181704 233025 135665 97752 16009 95823 55311 166531 14162 193191 128209 83120 139692 140648 168277 76114 65297 7220 176134 79210 144994 27293 185250 
23.7
55
63526 198853 65148 91208 218189 229139 41531 176004 189338 64656 206122 24578 234286 182552 179514 16684 52136 112368 71194 184647 205575 212941 211846 107161 11910 193557 63491 186938 194684 174865 80172 73728 213121 181007 108741 138087 185917 184431 166551 184934 152839 133030 222205 7004 142259 131228 214662 149608 81032 188051 5569 65856 81704 84364 138633 
25.994
48
50245 140515 167198 205803 188115 173679 190351 107731 140338 72122 102754 119056 178560 115564 161815 208953 231414 189518 131855 121900 231157 45735 194347 196311 134414 69025 89124 16576 51975 47107 124390 184838 99830 62301 194736 231029 185252 225187 190850 136372 176524 202832 44308 106783 123705 154677 98564 177338 
21.359
46
70630 201790 180996 35040 207591 133398 98119 63595 175825 202152 110317 85040 18062 34839 19441 185100 163857 52016 19266 183143 180360 236562 22578 112035 79152 231366 223633 106022 91870 151910 48030 88888 9074 89846 45199 230978 148074 215668 64621 1039 212085 135298 3055 166455 5486 20072 
22.834
46
177987 136818 8622 76799 166520 57038 79793 114674 54680 153909 148115 68551 38221 170335 146144 194314 110307 97104 78639 188108 211450 132366 110269 104979 113578 233218 174918 56618 132932 103170 36665 130370 50035 173777 229695 137127 215147 231934 144692 17166 150185 148372 73100 122013 20312 181176 
22.879
31
89217 207615 142096 188219 103666 159947 88756 233337 86591 171125 202716 48857 177980 120874 26746 202370 65486 95654 99414 219000 178204 190389 97736 57864 219474 99511 9326 50871 96349 20007 173932 
27.373
46
214174 190280 102891 42317 143347 27527 190989 29999 85929 157696 35323 53876 136770 67606 55368 64709 138589 75550 220167 70643 17824 70433 218677 85387 167058 10938 30233 231741 111865 203519 199870 14815 109351 30445 690 235266 52002 58641 96692 168411 4046 130209 85046 79104 36041 103660 
22.474
41
44665 86188 125947 129109 100785 202837 201161 115031 70536 64012 102682 182386 102569 171491 2612 189814 3636 32448 77406 115743 196107 11161 234211 112515 174088 32340 71198 169841 79416 227207 56970 201273 69736 7028 149963 16985 140493 117101 39541 24662 236717 
24.058
37
21686 79247 32721 172331 231124 168149 214671 145196 8499 105553 123095 69079 29511 151967 117790 38830 184021 171956 4418 84866 126325 190991 232672 43047 95054 194975 231830 225947 97456 219764 160181 54344 77438 68927 35482 64041 172120 
22.163
36
142710 16647 121300 175346 72737 100338 196435 20033 133361 102244 14209 55104 12896 17806 115489 126113 134633 91910 57729 118776 10286 222861 37845 203663 195276 118898 181052 84009 128473 8843 220277 87312 230817 168726 60494 216878 
26.496
40
198477 92309 112095 179808 160028 115070 232554 64933 85699 79878 186306 115580 59299 155659 99825 91998 45250 40423 6103 235326 38002 79327 48853 44476 34842 41486 206188 92189 42126 173166 203203 232655 53980 202891 225316 138939 210992 17146 36662 15452 
20.735
44
132039 26678 216953 21729 51488 140624 100454 34013 146327 109852 9797 73771 118855 133258 129465 193095 18261 48436 76368 72201 234167 135573 39192 191596 154687 216263 43587 28020 110002 198100 12445 189526 218620 13360 65861 198271 12525 178171 123159 225687 21 202157 85111 223183 
21.974
52
170055 108924 15894 144980 174169 142572 116739 101086 102690 168853 98144 74120 84853 80114 94941 62466 105158 102435 116531 40317 147176 198753 129900 38390 111365 111014 169797 43743 146745 196203 227880 16053 78795 3554 14884 6630 183931 40710 108999 24377 60067 221292 112052 74694 193333 74198 63486 20705 102634 167819 164752 71893 
21.877
51
29287 134970 40612 123178 56532 220065 60576 37148 89735 119476 203688 25056 135698 208968 129197 165629 55083 39560 40335 37415 12572 168224 17822 8549 161690 53189 170580 152441 36058 14882 132475 55331 70204 179062 77082 219060 165334 147824 144758 46136 207288 224249 22728 190410 21542 39903 8893 203721 43357 29159 52091 
29.459
49
236822 128150 49171 217808 139418 233048 223368 192065 90518 208170 88862 80659 195988 104506 76928 28923 15910 26603 106814 68110 121696 34322 138379 215879 23794 723 10413 36409 46090 11273 63720 101040 169019 173510 34129 204682 54963 198494 19823 101285 107950 62745 12670 104502 6211 66773 143392 183516 225905 
23.578
44
115517 172511 6396 150067 45727 212027 102405 22357 129357 166742 171433 124335 199923 40371 7712 174972 57349 9530 23743 195452 209316 60591 148206 33948 197121 144845 191178 214153 134840 25751 111984 85222 145368 221199 201297 85412 104646 44572 86026 202643 73555 217519 120122 192306 
22.129
40
96472 33567 134817 126752 226022 39116 21796 161267 227726 199482 199061 154685 53448 129038 107171 93710 151840 103784 233316 43932 143470 20678 52495 217465 228003 23465 108355 40870 103781 190816 45049 142026 162102 30472 20665 69711 100279 164979 11491 139374 
23.845
30
29363 28410 157650 45871 221195 174021 84467 152536 166713 86796 136003 194312 70553 129686 50683 155506 114798 3395 100568 198296 140908 74893 165643 108643 155677 39451 21528 62270 7208 133546 
25.237
49
144957 210966 63698 143192 89514 155624 189484 171151 41182 41348 26941 224279 234605 30396 38732 204136 33251 158165 111292 66368 192368 112399 59463 147188 113469 178680 178622 148814 64408 67608 90653 97386 179989 231842 226301 136986 186378 56969 154519 199058 117711 42999 207288 100738 236806 227210 228878 61791 229156 
22.694
42
212188 212090 229796 220618 36307 198316 171590 1575 236817 174019 147773 22272 104406 87202 204305 138712 169778 189385 98313 26243 2291 171303 74825 219146 153420 74671 44713 76084 76515 185060 79922 203540 132200 109492 184379 202897 204953 202673 169984 37724 35130 82778 
30.813
36
134266 55602 186172 165344 117800 14261 154347 169616 212987 80871 135836 116069 137403 158654 17304 117132 990 83918 137168 70671 148112 205124 193765 171528 137218 171518 118772 93708 112302 73448 59398 60050 77003 66724 10475 93684 
22.391
