17
128 376 287 420 1402 1974 1835 1600 545 930 1784 1938 597 59 212 27 539 
54.628
16
1560 610 1338 2060 651 753 1127 1239 1764 1639 2295 1483 2154 459 8 1952 
52.669
18
1572 533 653 945 1868 1219 544 159 1506 1761 1373 1266 1057 1798 534 1254 121 1086 
48.497
24
267 1298 2131 2221 663 694 1628 275 366 2231 1462 1484 1796 1362 1747 2285 528 2195 934 1475 1503 84 442 480 
65.527
13
529 487 2040 2105 386 837 2324 1330 87 2101 2122 112 1993 
21.176
15
742 1539 2173 197 1728 131 524 496 367 724 881 118 1566 1753 2354 
29.878
16
1101 264 413 1778 1005 1971 657 1566 706 1804 1327 1753 2205 24 690 891 
28.025
17
536 1791 2152 739 790 1688 1851 1346 1571 673 1466 1634 997 1567 2258 482 1004 
32.61
14
1443 641 2367 1927 621 799 1959 784 1084 1053 1548 721 127 1557 
28.192
21
1936 2178 46 1413 2184 1196 2261 1880 2137 1709 1978 469 1749 1870 1953 1616 387 1395 2158 50 829 
66.378
15
316 688 721 1565 2128 1111 141 2271 1763 1406 611 313 2247 40 52 
35.023
18
439 1378 2283 1719 404 1856 888 450 1705 1251 2266 2174 107 1314 2060 579 2008 2368 
39.828
12
743 472 442 1494 1718 2177 1865 1563 1150 1006 548 1192 
23.156
16
1777 1832 148 766 1512 373 1391 1577 330 1418 1949 2113 168 2228 1144 1157 
30.288
19
727 2171 113 438 2090 379 895 922 141 25 2017 2197 1376 1816 1210 2020 1226 374 1625 
38.441
14
1160 1868 355 1473 1223 1948 581 308 2151 735 56 1338 32 1074 
28.92
18
2276 885 1036 1721 307 2093 2263 353 82 699 223 696 1700 1972 1102 955 1404 2025 
44.249
13
2242 1760 2088 2152 656 1040 1196 1551 2171 2232 331 298 563 
31.666
14
425 1564 1944 2329 748 1388 1221 1459 1314 383 1613 561 63 1824 
24.61
13
895 242 630 364 1657 1852 1042 172 2291 933 258 106 2046 
29.836
14
1636 455 616 292 2031 1952 128 2168 1801 2202 265 1206 1224 1253 
23.478
15
2330 475 2215 545 843 487 887 782 522 584 885 257 1982 33 1653 
31.592
16
1111 345 1515 1707 529 96 2125 523 1524 1750 149 1803 1924 328 745 2062 
37.796
16
325 353 547 1089 433 1128 2109 888 1528 1517 1024 1046 2048 1674 54 837 
54.506
15
2369 900 1298 529 619 939 1266 1943 292 733 1030 2046 801 1033 1072 
32.013
17
775 1918 1017 1971 1013 1704 1097 327 186 2124 298 1022 99 515 306 227 1931 
41.801
15
2252 1694 277 2190 1888 892 1802 205 1504 1270 367 1073 1000 84 624 
49.629
18
1583 2332 2322 1609 1417 1580 1772 1942 2309 410 1578 274 1074 1933 1692 1682 82 1519 
50.259
16
1914 75 1666 1422 900 897 911 1288 2238 2162 906 1348 1355 1020 137 1387 
52.871
18
582 1345 427 136 1738 2240 508 1292 2004 1404 444 2074 898 1344 76 1723 456 2364 
30.82
14
1070 1491 1096 1513 2048 941 1703 768 423 827 914 1453 457 2222 
26.624
18
800 1229 1921 1726 1807 2130 1941 22 286 1700 472 1194 1727 1358 1789 1462 303 602 
42.77
15
573 362 735 431 2194 1551 1501 1541 2015 77 664 109 1790 552 2227 
29.506
19
1152 159 1401 1054 768 888 960 249 27 1193 2021 1634 2067 2227 1846 402 953 1706 1870 
41.812
17
1090 273 684 1391 1627 779 1061 277 1444 1968 2263 76 1193 812 141 1831 2247 
34.939
18
783 1690 1972 345 474 1276 1413 2252 386 1078 1620 2246 670 1189 2337 1492 313 352 
32.561
15
1648 2320 2065 2281 1756 1791 504 1747 1092 2002 335 1221 1800 469 2060 
35.296
15
865 239 920 1859 169 986 620 884 444 1887 1208 1911 722 81 1036 
35.6
16
1777 2076 1362 2297 1706 1903 545 1390 1317 1375 2213 437 444 1617 1456 2002 
31.514
15
1831 1850 1239 1639 2070 685 1551 1039 604 36 558 986 355 900 1316 
46.638
18
1136 1420 1490 1622 467 1059 465 427 1147 1571 410 1210 758 1739 1654 705 217 643 
38.416
12
1496 2028 1840 2232 193 1545 536 845 2038 2310 723 2064 
22.725
22
1813 2121 650 1804 2150 1996 2178 1214 1536 240 1564 801 2064 1121 651 2133 80 2348 1382 1119 1434 2042 
47.364
20
1463 789 2054 1588 2183 907 1272 830 1438 381 1937 1577 1738 534 461 1891 2059 755 433 1867 
58.911
20
1871 130 1995 903 2316 769 1368 897 1530 2103 208 1393 1097 1561 1192 333 637 1069 461 2176 
55.845
14
377 501 1193 1671 2063 1410 1566 648 558 1229 307 167 1180 1608 
36.019
16
132 328 378 1296 1932 2211 1808 1428 1536 1939 1881 1987 560 568 831 1498 
43.762
15
1693 1314 310 1747 215 236 252 1627 2124 185 1734 1548 1888 1123 1570 
25.991
16
746 270 654 566 2183 1273 1090 1139 350 1088 1391 443 1642 628 548 783 
25.638
15
456 1740 1717 707 1314 2309 171 2193 1385 1194 279 1994 1258 27 885 
26.977
15
1345 201 2230 207 717 2058 893 897 1239 1516 1077 794 1907 901 2055 
29.628
17
1503 680 1175 715 2162 887 2179 1545 989 1135 1123 251 2339 1573 1031 1221 2089 
35.748
17
2128 1699 759 275 246 1051 283 2157 1116 950 2015 373 2020 74 2262 1895 2041 
30.354
19
575 1181 1968 583 394 2272 590 2111 2348 22 2361 447 930 1325 1571 1395 1825 1588 2034 
58.99
15
369 1244 1897 1896 987 1422 2235 499 1456 102 1122 1065 1140 56 749 
22.426
15
1484 1775 2034 1521 643 591 301 2071 1786 1541 782 900 1670 179 1644 
44.116
16
600 599 1842 781 1667 216 2286 1987 1955 1583 1327 1218 980 982 878 884 
48.748
15
2005 1404 2084 1909 2137 67 2016 1781 86 754 1127 941 1444 1460 2123 
28.658
18
1007 1969 1982 314 1290 2221 729 1443 2227 611 45 1069 2073 275 1234 529 272 2197 
51.622
18
316 1545 263 2060 1733 264 1516 1986 1171 886 1194 1560 1779 588 2032 1753 1481 2330 
30.843
21
28 1156 406 50 1441 1202 1732 2301 1853 553 186 2012 280 1758 1625 1971 2006 579 884 987 2261 
56.564
14
1305 176 501 733 1872 1290 2009 1429 66 2220 1656 1133 147 1931 
32.863
14
1944 2333 1968 2010 866 427 1789 111 759 707 2262 272 13 2302 
27.607
16
1070 2217 627 2347 2358 2016 208 756 2090 832 433 2235 638 828 734 1681 
25.476
19
44 1780 1090 1842 352 1146 1534 396 1628 28 381 956 618 1509 1755 1365 2027 591 1388 
39.671
13
1246 917 854 1384 2128 2 1530 1975 1600 1330 689 758 1426 
27.805
14
133 1389 1120 2010 2045 1259 716 2221 863 1403 699 1861 546 1478 
24.754
14
531 1724 2330 467 556 831 560 1666 697 549 1015 716 166 452 
26.177
18
32 506 2190 669 1510 1941 530 1005 1552 1993 35 286 1334 206 2087 708 59 2047 
48.018
20
1494 1512 379 1403 1300 1614 2085 501 1846 1965 2166 50 1446 174 207 778 1502 1464 364 1159 
42.66
14
2091 108 866 422 1589 1535 2296 1388 380 945 122 2119 966 1666 
36.262
15
1197 845 1388 145 1342 257 995 2128 1164 1044 2263 1478 1872 654 1092 
35.716
20
840 1052 1144 2117 491 1755 937 503 1436 1367 2314 261 2020 1793 31 1517 2175 1972 259 729 
60.392
16
2085 441 616 1601 701 974 814 1032 2166 951 1717 1891 353 2062 169 1633 
42.133
15
298 663 194 1265 1628 1139 1748 256 1190 1064 899 1073 1405 495 1944 
34.328
16
1049 1942 2006 816 1755 990 1362 2088 479 1758 610 267 2111 1486 958 2056 
40.58
14
1653 1928 1073 2234 580 1783 1405 1173 1179 1167 1611 959 561 967 
21.388
19
1048 703 798 1179 101 1815 63 461 1923 336 2089 1941 571 1596 123 950 2209 388 1732 
43.566
17
1790 89 1257 396 1641 1124 96 1277 1323 361 1391 1236 1721 61 1365 38 2368 
31.536
14
2178 2113 1601 1747 1675 1671 1258 545 1889 1007 63 173 1181 1753 
25.833
15
2191 798 261 1806 2199 342 11 1155 1383 1231 547 453 1216 1465 2188 
30.463
14
393 1411 962 2131 2313 1737 2338 2067 1832 2342 2140 2366 211 364 
25.708
20
182 1886 2258 1306 1892 1988 1340 1153 1718 2160 1212 380 956 420 951 435 2075 2276 1410 1755 
53.559
17
713 2137 1719 1105 791 1792 1597 366 1144 1253 1985 675 1936 2051 1982 989 1424 
40.659
16
415 1363 232 1092 307 451 973 2093 436 887 2105 986 1429 798 722 1102 
31.934
17
1724 464 1541 918 1200 406 811 2149 1603 680 1447 1834 848 1098 1395 335 950 
36.213
19
73 1164 562 369 2139 888 1599 2014 375 403 1321 1143 2249 803 1643 1652 2232 9 2134 
48.195
20
2029 765 61 281 2271 314 1495 1663 1187 1881 2179 1442 1846 2063 915 1551 1088 2280 232 1770 
51.952
15
2038 2083 1715 1526 1796 1920 1640 1221 1257 1696 2159 1482 1702 84 576 
27.992
15
262 1741 2323 751 1797 1923 246 623 1692 393 1622 1287 1878 199 1097 
29.091
14
1086 1140 2023 1340 1374 242 2307 1500 341 479 1266 122 693 1431 
26.252
20
124 345 871 363 974 117 153 80 675 1220 1311 181 872 615 813 614 1913 104 307 2254 
30.879
16
672 1573 208 122 1765 165 969 420 914 1099 984 1596 1826 240 95 890 
31.163
17
284 68 1795 631 1681 1494 426 22 1808 2064 1469 196 1357 724 106 17 1048 
58.149
13
169 519 1013 648 652 983 1174 345 1103 344 1919 1494 1968 
25.805
15
550 1102 1219 262 274 1571 764 1355 1523 1108 309 152 2182 372 1598 
28.462
20
2119 134 1716 1031 1589 1396 1995 1236 260 925 2190 705 1066 522 1819 1493 2195 3 708 1939 
49.096
17
341 1647 2341 758 615 790 261 1102 2290 860 241 1339 1191 1564 2365 396 2367 
46.656
13
272 1667 1573 1064 1158 1869 1992 2313 1077 1343 1397 119 349 
26.844
16
1009 661 600 747 915 1272 1836 1888 2349 337 813 918 137 1473 1144 1893 
35.158
