17
376 128 1600 287 1402 1974 545 905 1625 420 539 550 829 2299 1003 567 1641 
0.18
16
2060 1560 1952 753 1639 2051 1338 651 1626 2295 1764 409 1239 1127 459 2042 
0.304
18
1572 1373 1506 1254 1086 544 1219 504 159 1868 534 1057 945 1761 1798 533 653 739 
0.201
24
2131 1362 267 275 1747 1462 2285 2231 1796 1484 366 2221 528 934 663 1503 694 2195 1628 1298 1475 84 442 480 
0.303
13
529 837 2324 87 2101 1330 386 2040 2105 2122 487 112 1993 
0.627
15
881 367 131 524 1728 724 1566 197 496 118 742 1539 2173 1753 2354 
0.28
16
1101 413 264 1804 1007 1005 1778 1327 1566 1360 1753 657 891 799 706 1971 
0.126
17
2258 1567 536 1791 2152 1346 1571 739 1688 1851 790 1634 1466 673 997 482 1004 
0.351
14
721 1443 799 641 1084 1959 2367 621 1548 1927 784 1053 127 1557 
0.333
21
1749 1880 1936 1953 2178 2137 1413 46 2261 469 2184 1395 1196 2325 1416 1870 1709 1978 1133 829 1616 
0.256
15
1565 721 2128 1406 1763 2271 52 2217 1861 141 1111 2245 1812 1590 2111 
0.128
18
1251 888 450 1856 1705 2266 439 2174 1378 2283 404 1719 2060 107 579 1314 2008 2368 
0.277
12
442 1494 1865 743 1718 472 1150 1563 1006 2177 548 1192 
0.713
16
2228 1391 1577 1832 1949 168 373 2113 330 766 1777 148 1418 1512 1144 1157 
0.364
19
922 2017 895 25 379 2197 727 113 438 1816 2171 1210 1376 1226 2184 2090 2020 374 1625 
0.346
14
1338 1223 1948 56 1868 32 1160 2238 355 1473 2151 581 735 2354 
1.394
18
1972 955 2276 1721 1036 885 307 2093 2263 353 699 82 696 223 1700 1102 1404 2025 
0.472
13
1760 1040 2242 2152 656 2088 331 2171 2232 1196 1551 298 563 
0.448
14
1564 1314 383 425 1944 748 1613 2329 561 1459 1221 1388 63 1824 
0.23
13
92 1238 2056 1346 611 1902 813 2153 2305 1457 2196 1505 2010 
0.445
14
616 2202 1952 1636 1801 1206 2031 455 2168 265 128 292 1224 1253 
0.291
15
843 522 257 545 2215 782 887 487 885 584 1982 33 2330 475 1529 
0.275
16
328 1803 1707 529 149 1924 1524 1515 1750 345 96 2125 1111 523 745 2062 
0.253
16
1674 1517 1089 1046 837 1024 122 353 2048 547 331 496 714 1866 938 954 
0.305
15
529 1266 1298 900 939 1030 1943 733 801 619 2369 292 2046 1033 1072 
0.344
17
99 775 1022 306 1918 515 298 327 186 1971 1017 1704 1013 2124 1097 227 1931 
0.529
15
2190 1802 918 1888 1000 620 892 205 822 1011 277 1504 1027 1115 2346 
0.364
18
1692 2322 1583 2332 1578 410 1580 1942 2309 1933 1417 1519 274 1772 1074 1609 1682 82 
0.186
16
75 1020 897 1666 1422 900 1914 1355 1348 906 1288 2162 911 2238 137 1387 
0.352
18
427 1404 582 1344 76 2004 898 1292 1345 444 2240 1723 508 136 2074 1738 456 2364 
0.273
14
1846 1696 1703 1793 2099 1004 941 1345 2068 984 871 1110 1334 1867 
0.468
18
472 286 1700 1727 1358 1462 1194 1789 1726 1807 2130 1941 303 1229 22 800 602 1921 
0.129
15
735 1501 362 1541 573 109 1790 1551 2015 2194 664 77 431 552 2227 
0.187
19
1193 2021 159 27 1054 1401 402 953 1634 960 1846 888 2067 768 1152 2227 249 1706 1870 
0.583
17
1391 779 1090 812 141 1061 2263 1627 273 76 1444 1968 277 684 1193 1831 2247 
0.281
18
2337 1492 1189 1690 1620 2246 783 1078 1413 2252 474 386 1276 313 345 1612 670 1972 
0.425
15
1648 1221 504 1747 1756 2320 1791 1092 469 94 1948 2195 1771 2247 2281 
0.195
15
239 722 986 865 169 444 1859 1887 1911 1208 920 884 620 81 1036 
0.474
16
2213 1617 1706 1375 2297 1390 545 1903 1317 1777 437 444 2076 1362 1456 2002 
0.373
15
1639 1831 355 36 558 604 685 1039 1551 2070 1850 1239 986 900 1316 
0.225
18
758 1622 1739 1654 1147 465 1571 1210 410 467 427 1136 1059 1420 1490 705 217 643 
0.265
12
1545 2232 2038 1496 2028 1840 193 536 2310 845 723 2064 
0.948
22
2178 1996 240 1536 1214 1564 2064 801 651 1121 2133 2042 1804 1813 2121 650 1434 1382 2150 2348 80 1119 
0.128
20
830 1577 1463 1272 2054 789 907 461 534 1937 1891 381 1588 1438 2183 2059 755 433 592 1738 
0.776
20
1069 1871 130 1368 897 1530 2103 799 1545 187 1192 1561 1097 1492 1176 208 1393 1900 2176 1536 
0.136
14
2063 167 1410 1229 377 1566 307 648 1193 501 1671 558 1180 1608 
0.433
16
568 328 560 831 132 127 1610 909 308 1877 1636 827 2250 1640 906 1987 
0.25
15
1888 1548 1693 185 1314 215 236 252 2124 1747 1627 1734 310 1123 1570 
0.326
16
654 1642 443 566 270 2183 746 628 1139 1090 1273 1391 350 1088 548 783 
0.426
15
171 2193 2309 1194 1994 1385 1717 1258 1740 707 1245 1314 279 456 885 
0.41
15
2058 893 897 1345 201 794 717 1077 207 1239 1907 1516 2230 901 2055 
0.198
17
887 1545 1135 2179 989 680 715 1503 1175 251 2162 1573 2339 456 1031 1221 2089 
0.179
17
1699 74 759 2157 2015 283 950 2020 2128 373 2262 1116 246 1051 275 1895 2041 
0.189
19
447 394 1181 2272 930 1968 2111 583 1825 590 1325 2361 1571 1395 22 575 2348 1588 2034 
0.501
15
2235 1065 987 1244 102 1140 1897 1896 749 369 1456 1122 1422 499 1036 
0.313
15
301 1775 2034 643 1670 591 2071 900 1484 782 1786 1521 1541 179 1644 
0.273
16
1770 258 1092 752 573 511 1583 1764 572 1967 372 1881 600 799 1218 2358 
0.376
15
2072 2084 2016 1909 1404 1411 86 67 754 2137 2123 941 2005 1781 2018 
0.714
18
729 1443 1007 1982 275 1234 2227 1969 2221 314 1069 1290 611 2073 529 45 272 2197 
0.2
18
1733 886 1194 1171 1986 1545 316 263 1516 2060 1462 2032 455 264 588 1779 1560 2330 
0.179
21
553 884 28 1156 1732 987 1625 579 1853 2301 2006 1971 2012 280 1758 1202 186 50 406 1441 2338 
0.263
14
733 1872 147 2220 1305 1133 1656 1290 176 2009 1429 1169 501 1921 
0.268
14
2333 1944 759 2010 427 272 1789 2262 866 1968 707 111 13 2302 
0.326
16
1070 627 756 208 638 2358 2347 828 2090 734 433 1964 832 2235 1187 2016 
0.454
19
1090 1780 1842 44 1534 352 396 618 1509 1146 28 591 1628 956 381 1755 2027 1388 1365 
0.124
13
1384 1330 2 854 1246 917 1600 2128 1530 689 1975 758 1426 
0.221
14
716 863 1403 1120 2221 1389 1861 1259 699 2010 133 2045 546 1478 
0.561
14
2246 2222 1818 548 461 1724 452 531 1264 1699 1574 2330 266 1272 
0.303
18
530 35 32 713 1993 506 2047 286 2190 536 1552 1005 1097 1510 669 1941 653 1798 
0.406
20
379 174 1846 778 1446 1403 501 207 1300 2085 1502 1614 1464 1494 1965 50 1512 2166 364 1159 
0.311
14
2119 122 1388 1589 2296 422 1535 945 380 866 108 2091 966 1666 
0.182
15
257 1164 2263 1044 1478 1647 995 145 2128 1342 845 1388 1092 1197 1872 
0.329
20
1367 2314 1793 937 503 1436 31 2020 261 1972 2117 729 1052 1144 2175 491 1755 840 561 1517 
0.271
16
2062 1032 2166 353 1891 189 616 823 875 441 2085 1633 1601 1006 951 192 
0.217
15
1139 1748 1073 1064 1405 1628 1265 1190 194 663 899 298 256 495 1944 
0.254
16
1755 1758 479 2111 1486 990 2088 1362 267 816 2006 610 1049 1942 958 2056 
0.505
14
1567 1928 1653 1802 561 1073 2234 959 10 580 1783 2204 1611 1932 
0.462
19
1941 2089 1048 1923 1815 336 798 703 101 1179 63 571 1596 461 950 123 2209 388 1732 
0.608
17
1277 1721 89 96 61 1956 1365 1790 396 1641 1323 1391 1257 361 1124 1236 2368 
0.231
14
63 1007 1889 1747 545 1258 173 1601 2178 2113 1671 1675 1181 1753 
0.534
15
1231 2191 1806 1383 547 261 11 1155 342 453 798 2199 1216 1465 2188 
0.556
14
1737 1832 2338 2131 2342 2313 1411 962 393 211 2208 1594 1401 2067 
0.339
20
420 1212 2276 1886 2258 956 2117 2160 1306 182 951 435 1718 1153 1340 1988 2075 1178 1410 1755 
0.253
17
1985 2051 1719 1597 1936 713 1982 675 2137 1105 791 1144 1253 1792 366 989 1424 
0.294
16
415 1363 2093 1092 232 973 451 2105 436 307 798 1429 887 986 722 1102 
0.326
17
1724 680 1834 1098 1395 848 2149 464 1541 918 811 1200 406 1438 1982 1401 1603 
0.461
19
2232 73 1164 2014 369 888 2139 1143 1599 1643 9 375 403 803 1321 1944 12 2040 1652 
0.202
20
765 314 2179 1663 1846 1495 1442 281 915 1881 2063 1551 2280 1187 2029 2271 61 1088 232 1770 
0.332
15
1715 1696 1482 1221 2083 1257 2038 1702 1640 1526 1796 1920 84 644 2159 
0.631
15
1287 393 262 1622 1741 2323 1097 751 1923 1797 246 1692 623 325 1878 
0.289
14
479 242 341 1266 1500 2307 122 2023 1374 1086 1340 1140 693 1431 
0.494
20
181 872 80 1311 1220 675 1913 615 614 104 813 153 871 345 974 363 117 124 307 2254 
0.205
16
122 420 240 1826 1573 672 165 969 1596 1765 1099 984 914 208 95 890 
0.284
17
196 2064 106 284 1469 22 1808 1795 426 724 1494 1681 1048 587 1357 392 631 
0.596
13
648 345 1919 1013 983 344 1174 169 519 652 1103 1494 1968 
0.253
15
309 1108 152 1355 764 2182 1523 550 1102 1571 262 1219 274 372 1598 
0.21
20
1493 1066 2119 2195 1031 1716 1819 522 134 705 925 3 2190 1995 1236 260 1589 1396 708 1939 
0.238
17
341 2341 615 758 261 790 1564 2365 2290 860 1191 1102 396 241 1339 1647 2367 
0.132
13
272 1667 1397 1573 1869 1158 2313 1992 1077 1064 625 119 349 
0.265
16
661 1009 600 915 337 1893 1836 813 1888 747 2349 1272 137 918 1144 1473 
0.125
