9
228 224 185 64 116 153 119 24 109 
0.698
10
206 1 49 91 97 83 154 188 145 198 
1.425
7
150 57 164 140 166 225 231 
1.036
11
41 58 140 160 105 64 188 103 159 17 178 
1.689
12
175 169 91 183 18 92 235 23 71 166 67 84 
0.759
11
148 180 175 10 120 101 125 96 138 208 98 
0.018
9
115 110 201 58 139 37 27 7 220 
0.018
12
183 72 146 60 165 136 50 182 195 194 67 235 
0.538
10
65 71 5 74 137 167 170 225 12 36 
1.235
10
107 34 181 224 67 128 155 235 17 166 
0.482
11
157 133 213 100 159 212 136 51 49 73 197 
1.884
10
29 85 62 92 79 67 130 28 20 122 
1.317
10
136 90 233 86 120 141 52 32 28 217 
1.426
14
2 163 13 149 157 31 155 36 75 12 48 220 25 192 
1.789
10
211 106 195 210 138 174 144 197 28 104 
0.768
9
214 188 78 150 226 30 209 53 84 
1.35
13
48 163 59 220 34 123 149 132 4 15 200 89 161 
3.693
13
80 197 47 208 194 99 118 96 219 10 81 12 34 
0.018
9
130 185 25 31 53 101 149 5 144 
0.861
12
92 158 136 123 138 180 178 194 188 225 160 200 
2.853
10
187 94 232 195 213 219 2 192 109 115 
1.779
12
49 216 222 176 215 96 52 160 195 208 97 38 
0.017
10
131 81 97 133 7 135 212 44 53 63 
0.623
10
42 34 161 58 84 160 230 151 78 111 
1.859
14
230 132 145 142 124 147 161 153 100 199 53 102 106 204 
1.19
10
224 213 190 7 39 196 217 146 73 202 
2.093
9
19 51 69 179 197 131 156 31 68 
0.701
9
182 48 18 157 236 145 123 132 72 
0.017
11
155 76 212 170 131 17 92 40 89 141 214 
0.625
10
119 73 58 100 72 163 183 118 32 155 
1.227
9
18 128 154 165 43 189 36 65 200 
1.016
10
210 157 207 227 69 190 201 83 169 187 
2.103
9
34 38 59 110 184 232 107 74 176 
0.259
12
123 150 232 15 42 156 144 162 124 105 0 82 
2.401
11
46 180 39 118 187 59 195 91 189 151 159 
1.193
10
229 3 156 217 4 16 176 195 63 122 
0.224
12
194 8 6 42 19 26 157 236 40 20 68 146 
1.86
8
233 207 186 65 37 59 14 180 
0.722
11
178 78 137 227 210 49 21 24 85 145 58 
0.017
9
231 40 132 37 216 25 70 0 58 
2.328
9
181 66 116 15 23 216 178 16 128 
0.979
9
183 224 221 201 175 12 192 8 11 
0.017
11
36 48 232 162 118 87 34 100 208 27 168 
1.228
8
183 35 57 120 202 235 6 152 
0.993
11
159 161 200 180 14 108 211 52 56 8 49 
0.998
8
230 193 5 178 37 107 40 65 
1.076
11
61 130 218 97 151 41 7 45 82 221 4 
0.016
10
146 155 159 183 45 142 26 95 180 216 
0.403
11
207 141 80 87 163 31 25 36 183 76 106 
0.327
7
35 224 177 233 68 26 181 
0.935
12
5 102 154 143 141 96 71 30 146 220 24 103 
1.948
9
81 33 168 162 77 177 169 41 190 
1.955
11
219 123 52 122 1 40 145 190 46 6 121 
0.732
7
34 217 46 183 226 5 222 
0.845
10
104 124 232 217 228 190 130 138 111 156 
0.576
11
19 92 161 128 189 51 7 191 83 155 149 
0.018
10
43 225 33 190 147 144 1 212 68 172 
0.017
9
212 145 110 204 123 146 201 21 222 
1.391
8
168 33 234 56 221 195 61 186 
0.564
13
84 210 230 174 69 187 24 32 117 28 197 31 109 
2.599
11
29 85 210 26 14 171 59 70 130 79 95 
0.68
12
86 41 148 193 158 138 13 103 127 50 11 59 
1.585
9
75 194 150 38 140 162 227 49 69 
0.869
8
110 16 163 194 180 222 4 224 
1.424
8
24 55 197 217 127 175 3 52 
1.108
12
204 89 179 220 22 84 151 162 185 223 2 67 
2.567
8
158 33 66 99 129 54 9 214 
0.775
8
109 77 90 182 202 98 6 235 
1.458
10
124 125 201 27 177 207 222 45 34 214 
1.003
10
57 48 130 111 77 112 123 211 23 144 
0.472
10
190 37 122 177 189 117 102 16 183 40 
0.018
10
75 24 149 30 173 106 79 134 94 137 
0.017
9
188 201 215 22 76 92 74 136 177 
0.018
10
88 214 47 168 233 41 115 134 18 74 
1.234
13
120 166 183 191 196 45 110 119 221 161 30 26 57 
2.299
9
226 48 142 56 75 94 129 54 225 
1.606
10
176 186 146 18 30 37 118 212 104 217 
0.019
8
49 85 198 162 145 34 234 26 
0.017
12
73 93 161 170 225 3 147 106 152 172 212 158 
0.019
11
116 28 203 100 111 50 11 154 110 170 226 
0.018
9
210 223 175 211 151 21 61 53 108 
1.35
10
52 15 131 122 132 69 30 36 20 24 
1.248
10
236 7 16 211 105 49 52 89 157 81 
0.018
8
46 220 115 144 221 166 96 121 
0.476
14
90 199 128 10 45 116 235 212 218 103 190 137 166 19 
0.019
11
209 1 213 77 222 101 46 11 72 91 177 
1.154
9
71 171 15 224 236 32 63 228 111 
0.02
10
91 65 93 137 177 35 28 66 10 206 
0.02
11
68 98 122 231 181 46 203 25 147 19 22 
0.878
9
70 9 116 39 213 76 86 1 119 
0.784
9
15 208 37 112 198 109 14 5 130 
2.435
12
2 142 185 21 163 40 117 26 30 150 10 61 
2.09
9
176 39 223 163 198 61 118 22 169 
0.221
9
68 101 32 119 15 181 208 63 151 
0.845
10
191 209 189 125 14 194 133 21 138 233 
0.018
12
47 190 122 32 94 213 236 12 131 114 198 231 
0.973
7
193 91 219 192 154 42 65 
1.025
11
27 58 188 22 109 230 9 30 106 113 167 
0.32
8
219 97 105 168 68 32 9 70 
0.016
9
64 12 203 186 165 51 176 3 74 
0.912
