9
48 199 225 23 153 228 216 194 235 
0.064
10
206 1 91 49 188 154 97 83 145 198 
0.122
7
140 150 164 57 166 225 231 
0.158
11
188 103 58 159 64 140 160 105 41 17 178 
0.132
12
32 166 235 71 183 106 92 23 175 18 169 186 
0.052
11
148 180 175 10 120 101 125 96 138 208 98 
0.018
9
115 110 201 58 139 37 27 7 220 
0.018
12
194 183 136 60 72 165 50 195 146 182 67 235 
0.052
10
225 5 137 167 74 144 65 205 36 170 
0.107
10
107 34 181 17 37 86 10 24 92 96 
0.053
11
51 136 212 100 133 49 159 213 157 73 197 
0.129
10
85 29 62 92 28 67 130 79 20 122 
0.133
10
86 120 141 136 90 233 52 32 28 217 
0.101
14
13 31 75 2 220 36 48 37 155 149 157 12 25 163 
0.093
10
144 174 210 138 195 106 76 211 28 197 
0.059
9
150 188 214 226 30 78 209 53 84 
0.134
13
34 15 163 4 200 48 89 149 59 220 132 123 170 
0.182
13
80 197 47 208 194 99 118 96 219 10 81 12 34 
0.018
9
31 25 101 185 130 149 53 5 144 
0.074
12
194 178 188 225 92 158 123 138 180 136 160 200 
0.234
10
2 192 115 187 94 122 195 232 213 219 
0.147
12
49 216 222 176 215 96 52 160 195 208 97 38 
0.018
10
44 97 135 81 212 131 7 63 107 133 
0.069
10
230 160 151 84 58 161 34 42 78 111 
0.155
14
147 100 230 161 142 153 132 145 124 106 53 201 193 199 
0.058
10
146 235 196 39 7 213 224 217 119 202 
0.151
9
179 156 51 197 19 131 69 31 68 
0.072
9
182 48 18 157 236 145 123 132 72 
0.017
11
17 131 155 92 76 212 170 89 40 141 214 
0.063
10
119 100 73 72 58 163 118 183 32 155 
0.109
9
154 36 18 165 43 128 189 65 200 
0.097
10
207 69 83 227 190 210 157 201 169 187 
0.179
9
107 59 232 34 38 184 110 74 176 
0.044
12
148 115 79 23 55 195 135 155 102 226 168 203 
0.105
11
46 180 59 187 195 118 39 91 189 151 159 
0.081
10
156 176 16 4 229 195 217 3 63 122 
0.038
12
20 40 194 8 42 6 19 26 236 157 68 146 
0.105
8
186 207 78 233 180 65 37 121 
0.07
11
178 78 137 227 210 49 21 24 85 145 58 
0.017
9
231 40 0 92 206 21 98 22 37 
0.177
9
181 128 178 15 116 216 66 23 200 
0.075
9
183 224 221 201 175 12 192 8 11 
0.017
11
208 100 48 36 34 118 232 162 87 27 168 
0.092
8
235 183 35 120 57 220 184 202 
0.103
11
52 56 161 180 179 63 115 86 4 89 159 
0.075
8
193 5 230 107 37 65 135 178 
0.1
11
61 130 218 97 151 41 7 45 82 221 4 
0.016
10
142 183 155 26 159 45 95 146 180 216 
0.049
11
141 163 207 36 80 183 87 25 31 76 106 
0.042
7
68 35 224 204 124 133 181 
0.096
12
143 154 220 146 30 96 102 5 141 71 24 103 
0.11
9
33 81 12 177 41 168 162 169 191 
0.167
11
123 52 219 6 209 40 122 145 1 46 190 
0.054
7
183 34 217 46 222 56 226 
0.088
10
190 124 228 104 217 138 130 232 111 156 
0.066
11
19 92 161 128 189 51 7 191 83 155 149 
0.018
10
43 225 33 190 147 144 1 212 68 172 
0.02
9
148 59 94 48 54 83 79 81 129 
0.107
8
168 195 221 234 56 33 61 186 
0.07
13
174 24 117 84 32 28 210 69 230 187 197 31 109 
0.128
11
85 29 210 59 26 70 130 14 171 79 95 
0.075
12
86 41 158 148 193 50 138 13 103 127 11 59 
0.098
9
140 75 38 227 162 150 194 57 69 
0.076
8
134 150 95 58 166 68 72 233 
0.162
8
142 231 192 82 118 1 22 23 
0.117
12
223 151 162 22 84 220 204 179 205 89 2 67 
0.149
8
66 129 187 33 54 99 158 214 
0.079
8
98 6 5 131 156 203 89 109 
0.132
10
222 45 177 125 27 124 201 34 56 207 
0.078
10
211 130 112 123 48 57 77 111 23 144 
0.049
10
190 37 122 177 189 117 102 16 183 40 
0.017
10
75 24 149 30 173 106 79 134 94 137 
0.018
9
188 201 215 22 76 92 74 136 177 
0.018
10
115 41 214 47 88 233 168 134 18 74 
0.108
13
161 30 166 120 45 26 110 196 191 183 210 119 221 
0.106
9
178 54 19 208 25 133 55 152 209 
0.15
10
176 186 146 18 30 37 118 212 104 217 
0.018
8
49 85 198 162 145 34 234 26 
0.017
12
73 93 161 170 225 3 147 106 152 172 212 158 
0.019
11
116 28 203 100 111 50 11 154 110 170 226 
0.018
9
154 53 174 211 175 99 225 184 213 
0.119
10
52 20 30 36 131 122 15 132 69 109 
0.112
10
236 7 16 211 105 49 52 89 157 81 
0.018
8
98 106 114 64 93 62 128 232 
0.055
14
90 199 128 10 45 116 235 212 218 103 190 137 166 19 
0.019
11
77 72 213 11 46 1 209 101 91 207 222 
0.082
9
71 171 15 224 236 32 63 228 111 
0.017
10
91 65 93 137 177 35 28 66 10 206 
0.019
11
25 77 19 134 122 158 68 116 181 46 59 
0.065
9
86 116 213 39 76 70 9 1 119 
0.07
9
198 15 14 208 37 109 112 5 130 
0.164
12
21 142 163 185 150 40 168 2 10 117 26 30 
0.112
9
163 176 223 118 39 61 198 22 169 
0.038
9
101 208 32 181 15 68 119 63 151 
0.08
10
191 209 189 125 14 194 133 21 138 233 
0.018
12
190 47 236 213 122 12 114 131 94 32 198 231 
0.068
7
193 192 91 154 219 42 65 
0.131
11
109 30 22 27 230 9 106 188 58 113 167 
0.039
8
219 97 105 168 68 32 9 70 
0.016
9
130 62 234 159 12 51 112 88 162 
0.077
