9
228 224 185 64 116 153 119 24 109 
2.332
10
206 1 49 91 97 83 154 188 145 198 
1.815
7
150 57 164 140 166 225 231 
0.874
11
41 58 140 160 105 64 188 103 159 17 178 
1.745
12
175 169 91 183 18 92 235 23 71 166 67 84 
3.72
11
208 148 180 175 10 101 120 125 96 98 138 
2.119
9
115 7 37 27 110 139 58 201 220 
1.651
12
194 183 72 146 60 165 136 50 182 195 67 235 
2.457
10
65 71 5 74 137 167 170 225 12 36 
2.126
10
107 34 181 224 67 128 155 235 17 166 
2.733
11
157 133 213 100 159 212 136 51 49 73 197 
2.967
10
29 85 62 92 79 67 130 28 20 122 
1.202
10
136 90 233 86 120 141 52 32 28 217 
2.097
14
36 75 31 155 12 48 220 13 149 157 2 163 25 192 
4.183
10
211 106 195 210 138 174 144 197 28 104 
2.539
9
214 188 78 150 226 30 209 53 84 
1.294
13
48 163 59 220 34 123 149 132 4 15 200 89 161 
4.02
13
10 81 96 219 118 12 194 80 47 197 208 34 99 
3.145
9
130 185 25 31 53 101 149 5 144 
2.4
12
92 158 136 123 138 180 178 194 188 225 160 200 
2.367
10
187 94 232 195 213 219 2 192 109 115 
2.276
12
49 216 222 176 215 52 40 208 97 96 29 160 
3.592
10
131 81 97 133 7 135 212 44 53 63 
1.261
10
42 34 161 58 84 160 230 151 78 111 
1.682
14
230 132 145 142 124 147 161 153 100 199 53 102 106 204 
5.561
10
224 213 190 7 39 196 217 146 73 202 
2.462
9
19 51 69 179 197 131 156 31 68 
1.531
9
145 123 236 182 132 48 157 18 72 
2.245
11
155 76 212 170 131 17 92 40 89 141 214 
2.28
10
119 73 58 100 72 163 183 118 32 155 
1.525
9
18 128 154 165 43 189 36 65 200 
1.581
10
201 83 157 190 207 227 69 210 169 187 
2.22
9
34 38 59 110 184 232 107 74 176 
1.187
12
123 150 232 15 42 156 144 162 124 105 0 82 
4.839
11
46 180 39 118 187 59 195 91 189 151 159 
3.133
10
229 3 156 217 4 16 176 195 63 122 
2.143
12
194 8 6 42 19 26 157 236 40 20 68 146 
2.967
8
233 207 186 65 37 59 14 180 
1.674
11
178 78 137 227 85 210 24 145 21 49 58 
2.303
9
231 40 132 37 216 25 70 0 58 
2.607
9
181 66 116 23 15 178 216 16 128 
2.061
9
111 40 69 183 201 221 158 9 232 
2.208
11
36 48 232 162 118 87 34 100 208 27 168 
2.229
8
183 35 57 120 202 235 6 152 
1.665
11
159 161 200 180 14 108 211 52 56 8 49 
4.835
8
230 193 5 178 37 107 40 65 
1.491
11
130 61 41 218 4 97 151 45 82 7 221 
1.452
10
146 155 159 183 45 142 26 95 180 216 
2.561
11
207 141 80 87 163 31 25 36 183 76 106 
3.055
7
35 224 177 233 68 26 181 
1.831
12
5 102 154 143 141 96 71 30 146 220 24 103 
3.249
9
81 33 168 162 77 177 169 41 190 
1.862
11
219 123 52 122 1 40 145 190 46 6 121 
3.556
7
217 46 183 226 34 5 222 
1.596
10
104 124 232 217 228 190 130 138 111 156 
1.238
11
51 189 83 155 19 92 128 191 161 7 149 
3.083
10
41 77 193 94 33 225 43 190 63 122 
1.807
9
212 145 110 204 123 146 201 21 222 
1.964
8
168 33 234 56 221 195 61 186 
0.806
13
84 210 230 174 69 187 24 32 117 28 197 31 109 
5.273
11
29 85 210 26 14 171 59 70 130 79 95 
2.52
12
86 41 148 193 158 138 13 103 127 50 11 59 
3.368
9
75 194 150 38 140 162 227 49 69 
1.99
8
110 16 163 194 180 222 4 224 
1.192
8
24 55 197 217 127 175 3 52 
1.156
12
204 89 179 220 22 84 151 162 185 223 2 67 
3.011
8
99 158 33 66 129 54 9 214 
1.875
8
109 77 90 182 202 98 6 235 
1.837
10
222 45 124 125 201 27 177 207 34 214 
2.28
10
57 48 130 111 77 112 123 211 23 144 
2.474
10
190 37 177 189 102 16 117 183 40 122 
2.125
10
30 134 137 185 195 86 24 173 17 208 
2.495
9
136 37 113 188 160 62 194 2 33 
2.109
10
88 214 47 168 233 41 115 134 18 74 
2.077
13
120 166 183 191 196 45 110 119 221 161 30 26 57 
4.639
9
226 48 142 56 75 94 129 54 225 
1.631
10
44 45 120 230 79 41 146 186 4 152 
3.118
8
34 234 49 85 145 198 26 162 
1.558
12
170 161 225 212 106 172 147 73 14 93 3 70 
5.353
11
110 154 170 50 28 116 203 100 11 111 226 
3.654
9
210 223 175 211 151 21 61 53 108 
1.84
10
52 15 131 122 132 69 30 36 20 24 
1.716
10
236 7 211 105 157 49 52 89 16 81 
3.224
8
46 220 115 144 221 166 96 121 
1.985
14
212 235 103 166 190 218 137 90 199 10 116 128 19 45 
3.597
11
209 1 213 77 222 101 46 11 72 91 177 
2.32
9
32 71 63 103 219 171 224 3 161 
2.087
10
35 65 91 28 206 93 137 177 10 66 
3.921
11
98 122 68 181 46 203 25 147 231 19 22 
3.212
9
70 9 116 39 213 76 86 1 119 
2.641
9
15 208 37 112 198 109 14 5 130 
3.258
12
2 142 185 21 163 40 117 26 30 150 10 61 
4.349
9
176 39 223 163 198 61 118 22 169 
1.729
9
68 101 32 119 15 181 208 63 151 
1.167
10
94 191 34 209 204 134 21 138 8 14 
3.369
12
47 190 122 32 94 213 236 12 131 114 198 231 
3.6
7
193 91 219 192 154 42 65 
0.973
11
22 109 230 9 30 106 27 58 188 113 167 
2.1
8
235 166 9 68 168 219 7 130 
1.362
9
64 12 203 186 165 51 176 3 74 
2.172
