46
200498 110179 201234 65458 246209 298643 286748 250765 310382 115574 293106 267420 247735 96969 39226 279801 153866 231505 102048 179762 69912 249605 134907 38590 227194 167659 246954 207724 147410 124402 137097 226240 262125 177491 171898 200603 257363 251473 283148 245686 145068 144478 228278 66403 46452 205506 
6288.62
55
61182 272865 280634 170031 39519 96451 229623 77098 97674 235134 265464 207070 310223 262743 169612 171154 227446 43258 205909 166202 210753 145227 296140 58470 250254 272766 115649 12195 99289 25258 239873 222944 279433 141875 7269 121086 297418 35681 186556 178001 274812 182153 310561 157456 80064 75531 10736 37109 251439 236043 219126 131332 27325 129930 163637 
7694.32
43
193401 273038 131393 300632 269781 173238 97220 121452 30747 229929 3120 105569 113528 70224 127635 81283 152641 151904 247195 304560 145664 269256 314031 220795 191807 93815 224117 248555 43742 156228 21305 256450 4834 222060 231197 40692 146370 107304 113782 35364 242255 80276 314234 
5444.73
48
162137 215493 181599 244368 235680 186006 48866 259332 136929 66543 223150 43284 77143 133485 297325 254109 84753 274378 292511 291214 55065 101637 313471 162910 57257 182104 249836 7746 46545 171397 171745 19488 4842 186159 193332 95367 53371 211902 231877 172139 283624 117830 261372 72591 8187 20510 103249 264472 
5942.65
50
176910 31915 196038 43361 80250 136522 53648 62035 56190 65339 32192 293958 435 210697 243920 1363 185571 160586 260317 314995 77078 204927 181690 314578 26136 119332 188251 10850 118986 24484 129644 49213 265834 305968 177609 282739 147932 208627 183074 92260 60850 19406 243628 36641 92257 137513 9379 114084 15365 291308 
8081.88
40
37068 81631 89187 5465 192190 147784 134756 275937 271042 151549 136313 198962 138076 54290 168622 239619 315236 250990 96752 285103 259816 45253 208899 103420 309041 132513 287361 80243 282360 246296 67755 292006 196543 301951 146916 191656 269968 175222 35687 52965 
5654.3
42
140235 57069 52700 115662 287040 303880 25975 225714 282168 135458 77693 14932 151890 130457 46422 60591 95351 95731 91520 182134 12928 172056 180578 159545 294539 188263 44728 74859 56037 187919 89216 251155 106267 200471 21775 27727 306611 106543 257745 315431 115485 146342 
6154.31
55
209660 204558 178570 3228 73260 175004 174922 220823 133313 138458 33766 105819 43142 18536 226236 293367 164484 293552 236337 173024 37607 309761 166606 116971 221708 247238 22533 102215 243087 232551 304369 310966 104973 211330 257182 195239 185129 1770 40878 3381 119063 124092 208048 86338 142333 80632 189585 89461 184603 155335 29364 133754 63279 246505 295980 
6989.18
48
299699 294572 144905 102144 301661 28138 44622 25974 151966 132029 139294 185660 20897 297215 123746 7099 267528 133093 292897 77271 119445 87637 107584 55269 98610 187667 87229 292147 207906 88359 127110 101746 131334 145473 182495 128991 298234 215573 233935 12082 2544 155768 247341 32792 192975 33937 124077 166530 
7394.52
41
42766 47510 55358 152189 166671 122160 204871 449 82631 47090 220469 112400 66426 251197 307995 124562 280799 275888 24990 202111 215974 238728 221053 292467 238508 291059 185304 302375 212911 202064 203200 60322 92946 271342 145588 75785 189224 41624 206150 75513 306780 
6873.39
38
93412 88340 47058 186797 167310 150714 246378 77557 224282 56026 149500 98485 313932 223168 263643 95598 124350 54847 18575 265233 91844 199836 179634 100493 248859 228850 18420 126162 297798 181642 122798 53669 7824 46703 87817 314481 13210 74051 
5446.92
35
224750 287832 172752 207084 143952 117096 231477 226466 84873 167595 144574 210377 13166 173572 53131 95304 241074 207297 99958 22088 292646 153212 61715 275839 129012 314912 149854 243280 233795 259766 67349 265878 4231 71455 267305 
6131.44
35
240231 114925 57967 23505 167138 165257 13729 199178 244477 114466 312142 153208 242132 162727 311856 43689 305483 249630 199384 4128 78164 183236 121836 48636 171411 165051 21021 291840 257782 186852 215190 224082 259443 70469 222863 
5520.31
41
172141 200254 192896 315453 119519 214138 94459 41445 43382 29260 184904 99948 269153 271660 88557 83096 3189 269004 288550 46358 190541 301985 46970 165849 120877 148569 216961 258609 131535 163104 32937 245007 148767 73769 181406 242323 26381 229261 178287 19179 103521 
5741.49
50
174790 261470 178532 85655 156232 219757 253677 308221 249980 185918 208718 143329 270321 16587 229894 43250 268303 241396 56213 82864 164958 183300 228015 75950 106584 75423 166326 61927 137319 287591 284029 261071 201288 307540 256853 117802 158460 31223 310456 248183 291471 249083 126834 185041 68801 107759 4502 183534 23464 218369 
7107.52
41
253164 231975 314499 50636 59430 62263 199026 177596 222986 116121 74214 64168 14671 238310 168276 119554 122369 210631 214288 107885 92214 166961 52454 173062 285851 103728 146348 284332 79415 205984 130698 160312 81883 125548 249102 121791 115430 304614 143850 149013 197942 
5443.59
45
333 104562 88137 59748 183067 113522 8272 98163 214266 265999 62817 266427 186161 215879 300366 296706 186094 308342 261226 70935 244214 254249 133005 187925 235209 21773 288222 242608 173250 125612 143986 304239 204577 231869 244679 263561 104546 234927 170556 99251 291260 300025 33124 40231 282453 
5756.36
37
151800 197736 280022 138792 117357 47822 232683 29298 52424 123150 246167 291367 196699 307932 75444 200346 22758 257324 118798 155525 40675 285814 248535 296774 93180 201637 220307 110692 259712 272487 65510 222243 74704 94629 229944 14635 50996 
6917.96
47
20416 120362 276310 167189 65654 268424 133473 103288 109784 208753 119641 293351 181406 270578 85542 122226 79110 23055 203804 236537 109039 60363 64779 176954 14966 115216 213578 240631 155328 286382 109936 32842 43079 20951 213089 168820 159308 72256 144234 241730 259047 144030 101958 75889 32503 20453 61594 
6708.32
45
66062 303178 171496 132423 82097 279206 188996 274136 296888 124282 313771 153293 124069 272287 120155 38488 254410 172150 75081 200740 46021 2771 304809 129962 3883 22292 204487 162046 205598 26476 35941 25740 101523 185901 272631 275484 42176 165039 273032 130653 168245 44778 239597 201480 243751 
5805.26
42
109308 114347 53156 288671 275503 20125 124606 251585 275427 291299 10181 240624 25036 192716 158717 17959 171197 39174 194474 273695 309982 128336 72423 210271 234212 120218 299272 305207 77045 104787 97489 184509 239173 234139 237176 11800 175118 110323 17651 211093 130201 267694 
6427.12
40
281784 248275 17338 166680 3745 293981 58416 167433 191936 140984 96466 116568 128926 80658 28108 172028 37063 155527 32124 123426 248076 26913 115079 126148 67238 38236 173307 49689 890 77959 12298 303069 39912 114483 239609 34733 96841 261330 197020 240926 
6602.91
42
287775 20594 267101 288970 217970 56109 180344 133269 11863 138645 276190 30551 55638 261284 223405 112832 144410 66566 11356 47863 118486 297486 177836 61985 57023 268189 251432 180064 117265 305558 51909 236598 26515 94309 24017 113038 233963 310217 81550 266266 235542 273247 
6154.4
44
155739 262157 205933 247671 181173 245316 280356 43762 38863 107882 167553 180561 249728 310400 62747 262464 266269 96645 211505 253529 245616 282725 233783 229628 222241 137313 163536 284561 35981 60052 206939 247830 4439 94488 115454 199073 136038 173680 50966 43532 159570 60667 44673 108707 
6063.81
37
34614 173303 36434 259848 247855 163212 90123 9704 2600 170128 39758 223482 115279 120523 291858 261199 233572 160503 42977 6045 105256 157365 293734 58512 126431 130888 290507 180867 186443 148217 255690 264553 180029 158418 151322 9596 225734 
5843.25
47
203247 194364 160815 46216 252720 202502 28971 237814 115062 146797 87082 205975 226247 168913 127200 25747 21638 54721 43922 293277 38745 273082 199212 163136 159585 251286 159456 52705 110792 128117 96916 195939 59147 183525 158373 235205 40473 249665 212347 84224 120822 288714 252071 124201 281649 106067 111391 
6566.54
46
221422 62632 286074 162369 245867 144860 7034 141596 204687 19229 32728 181768 159640 82901 165582 263340 295123 111631 129249 260595 117249 201578 28141 79165 250434 188483 215687 134375 105925 226744 171322 254769 185182 139751 220384 235782 260027 99501 233214 67525 274643 269053 54007 243944 46631 155052 
6763.65
35
283797 252622 235666 136173 231877 21567 2472 244052 176040 223493 34735 275921 62923 135605 240860 33481 192148 20884 89088 265210 50480 105657 249605 42002 164069 257067 186167 256970 147620 211225 223009 209323 237758 57682 247952 
6182.88
50
176563 228746 241917 222146 135945 120053 272421 275229 231665 59627 12932 238181 197601 240616 41128 255385 4488 123842 240359 112811 182680 272818 67636 16316 72032 165357 10609 304333 16997 269693 125604 10655 210327 110197 47432 285063 184975 213546 41793 167552 5810 208193 56133 165221 250095 103694 119606 24990 205444 213347 
6608.52
39
67796 53315 214939 40499 302985 20793 2706 42552 68621 75668 47716 307031 82846 3357 98379 311162 135260 86669 80188 98464 225612 42321 96449 273226 299615 233504 297506 24761 300458 143563 265175 229785 244873 18772 98851 217550 182763 178189 179231 
6381.81
33
75899 57904 288656 54873 138484 72115 35630 60280 194857 101906 141500 44139 195460 236203 14459 262284 276903 8196 15502 204691 113620 66030 223466 79616 188590 254834 291194 84362 76135 112684 237434 6074 308657 
5123.69
48
161837 23789 53552 267689 10032 206698 81800 272927 194820 187077 221783 292039 253260 236546 241048 172078 84230 138634 89503 55827 72462 253546 124845 213176 153564 85858 212962 123069 8093 115359 209644 73364 165439 187063 181138 283793 143793 147435 261583 112498 36081 21978 174776 106818 165326 214733 69139 200286 
5861.8
44
229610 224467 32333 133404 288830 56100 190332 48 162472 181179 74246 158814 113418 306863 255868 277893 28066 124574 76266 23070 47983 269497 294262 218542 138298 80756 166161 109615 130976 227517 108113 80909 23487 38849 124098 12318 155111 177222 202693 160247 48349 42670 90375 239247 
6403.95
41
277867 127398 180754 138783 45388 247392 241156 235020 18032 237156 193392 177461 2910 46895 134360 8558 129068 33165 195328 15576 124284 63103 100985 49498 226853 303706 71320 141451 308721 5998 21595 217489 244842 143932 61921 158299 171851 216568 61260 40107 277509 
6217
40
263418 268083 200729 58194 150877 66089 177918 307058 289706 62494 285019 220118 154627 155058 11051 112839 2469 314733 276236 242705 196121 187260 271125 295852 49374 116653 217713 68437 105601 252082 34997 13546 242261 114132 191204 21617 107897 65580 75652 222821 
6398.8
38
34125 205920 109571 293334 110522 199559 101206 282693 297776 3239 214444 242716 137883 56353 87673 81345 236255 290366 288814 123019 74195 106055 183096 45051 194749 311930 61251 29222 4980 74352 79070 305472 52681 125325 229837 298677 46463 268674 
6026.96
36
37455 264198 260618 161596 7093 35039 264316 257375 29587 291011 37476 78829 165991 203301 309461 108682 295598 68429 274728 174656 212638 74283 29068 306955 56904 283034 247327 254127 223262 77260 239804 101183 225505 682 97449 255310 
5425.87
40
20643 153892 239597 146652 84843 74030 105300 91310 116901 163683 32753 145375 286298 301241 226496 146265 283930 219622 168549 110428 128483 242484 237509 204421 245791 53615 248061 135939 131244 143478 196103 140611 130612 118947 182620 132645 308429 102003 6585 123863 
5449.43
38
203138 206601 128710 200130 123066 99999 257594 253111 165391 298066 223205 116323 22944 242501 45066 178186 51455 222660 67704 184075 73824 276100 196168 312293 139569 237259 175806 39956 315287 272133 178706 128055 273459 43204 176355 283852 16985 56846 
5509.16
43
216045 275350 123740 182021 74395 138399 69863 208555 215997 14418 193118 90060 95557 282637 261459 173271 177040 291826 136672 141391 52816 76898 242549 53998 31741 281761 72956 143140 42141 227055 153152 255139 166262 223391 181506 65881 20738 249191 32440 312034 29401 938 205729 
6335.22
40
114325 168219 82009 58752 87097 274416 112273 235569 168878 159138 49630 138132 288659 21044 197698 230782 167198 233724 237040 115823 77419 286012 52242 224812 79407 47804 219804 118979 288288 95779 219943 305592 295670 81760 12783 274352 304548 42717 28515 95298 
5927.59
39
39087 163618 60007 106062 58277 186022 204535 88082 291765 69487 148118 24644 25780 219744 151897 226447 303420 246837 299746 5704 6267 112496 48212 285427 271213 80207 161888 23705 191767 129148 74984 156229 129828 274487 39327 255134 22520 60193 251495 
6112.64
48
41078 8067 157030 201408 73279 77428 267896 134597 130326 238962 110056 246569 272857 270031 270184 272211 244149 191056 185792 260169 138660 32479 34544 229857 282352 255388 96438 289618 145808 95162 159600 129480 55175 87127 129698 89936 128817 248658 17737 262743 296669 83666 294788 311758 15337 266298 22963 311436 
6183.75
52
233162 157462 135985 34209 237413 155974 241191 6422 163729 111457 277039 270374 31815 243349 9718 13745 58696 30097 106698 53453 241631 182111 301370 11665 96246 20834 79681 56535 205516 266618 147238 148948 224549 131641 28616 164542 313441 221939 137870 26720 3203 117783 302254 293377 199426 284184 262521 291160 160704 83171 33590 71256 
7733.3
58
179530 51386 33665 213133 168383 125034 223538 282422 66861 214460 304569 271222 158839 295967 291377 138004 69209 38192 10378 118238 169772 234561 261640 205357 213180 66375 284605 234657 215892 93643 85801 46839 48169 50091 180293 84937 88787 129501 201093 268762 226516 25663 192264 129507 26919 233233 198990 293882 191311 137283 141339 140215 179602 190468 103901 264271 91536 146382 
8466
45
217151 209738 195941 278886 17151 168885 299015 115155 94880 137393 61868 88515 204489 182527 310274 124431 262059 64361 159639 54104 167847 251099 144616 109786 105104 62103 167347 294792 39961 22464 27703 23367 305140 217649 46598 108220 61743 221504 185193 132709 96125 37092 158579 42928 65147 
6704.05
48
192710 108443 25479 213698 209509 97785 59050 155213 129356 37775 246971 182230 293867 184225 70952 58393 222331 86600 256756 175814 32700 267912 135118 99975 43373 45158 289726 155310 68907 93200 249454 43244 314165 201827 115364 116129 294801 310604 108873 132626 236438 297746 62438 178788 251091 20085 45467 107828 
6595.78
41
7512 263524 142079 106077 289974 291574 293119 68141 152142 86305 250852 202339 162734 246149 298791 257660 44910 240950 223678 274483 253864 278694 53886 296311 134612 249298 243701 170980 176779 196327 246339 64165 58928 72830 212654 168677 111162 74600 297385 19734 232617 
6236.14
46
269060 260934 233068 70119 258505 35679 295640 131282 227853 232179 78084 169725 56825 13934 246100 17082 35044 178505 176344 156025 76410 252336 116140 185160 63540 293510 302956 232148 310509 144030 165636 187168 84524 170246 179241 132073 176693 170881 156499 121390 57667 238635 38493 185001 66128 174669 
6189.94
51
277628 285655 262597 91316 284412 190640 112239 241685 240946 18331 268832 301791 163953 172216 137469 73170 146759 94619 195950 141380 5126 274693 190825 181850 282345 120395 50418 315309 265694 235858 110257 29169 237105 181688 243672 183342 227698 252542 151860 287583 58938 66664 131321 314357 239817 154892 23779 44884 83432 33747 227887 
6554.24
45
1741 95467 263781 238746 269893 119799 144639 271644 33101 170099 162798 169374 177078 148542 131432 69745 227807 45383 98120 99396 86500 211560 35840 219432 161482 44433 12881 37099 204613 145311 149190 39472 112234 245393 144478 58820 62721 253134 153402 10227 137754 90339 242859 102017 218123 
6282.26
34
285227 48236 129883 218230 264878 289503 14298 302371 44224 115879 221390 188033 76185 130559 147032 145108 220678 197217 73554 107610 30246 86552 301973 129653 203802 244071 220752 301957 315522 237822 12340 154784 3125 273806 
5868.46
45
52495 249329 236945 248553 29054 204066 309464 177887 53417 22042 230166 197609 21568 273079 184823 138175 103002 154798 26164 312622 127590 33822 259322 158191 67371 68038 103753 271081 15917 188283 90392 33420 297691 122600 218863 298810 196981 185545 165267 208159 245504 25198 254471 84241 198719 
5776.76
43
152428 39133 200340 5590 306866 81696 276341 77755 43496 248593 11935 306653 50187 124848 227541 256224 207522 2073 124209 212713 199099 222803 70202 230255 223690 133975 100009 110764 41372 193322 167490 185060 130332 50677 80373 30100 275491 220257 6332 199009 128337 24537 142607 
6468.9
41
72921 132301 180414 184458 278288 2675 206201 60414 55106 309737 56059 68447 159449 176368 288919 198354 247904 113983 156734 169709 286568 31692 9765 116469 254442 285476 43795 11212 141020 161555 239856 290881 65118 217614 116547 133048 59130 101972 92896 18756 165925 
5779.72
38
142612 148874 141325 23851 212893 311321 89829 52659 57736 117358 211627 447 272317 81000 241673 221794 93506 95491 89156 41046 79718 193207 122079 162576 116548 156798 103518 118732 22155 297113 155017 259867 24107 47776 164779 42400 50443 67943 
5798.41
47
55587 232835 192955 286615 93937 158075 20716 39101 164039 79574 87974 185720 200552 88565 222863 155262 22110 225697 127348 87858 131246 308202 249793 169128 34572 46528 127069 38032 223099 310423 118880 114771 267372 259388 4089 67638 74883 138528 164586 86247 301824 70963 108896 116538 140091 77689 220420 
6134.74
42
313889 97311 271381 260760 286748 263830 193378 239524 244011 94783 112418 293799 234464 169653 74910 209167 106429 192388 31438 6815 203774 231793 118542 166490 123670 201040 100882 194601 157677 161717 12918 38559 66637 181615 263339 240360 107894 220248 223031 136126 99481 278480 
7087.47
42
303369 165507 216039 16799 168139 59501 220692 256825 202308 4575 156830 63039 23333 273652 226487 236446 175696 284259 53571 257699 237970 152591 72940 256733 169067 261880 105435 293784 272393 5895 252297 89439 273780 189027 235039 61959 119005 100170 75385 79682 8075 43166 
5524.03
40
56833 264177 227817 59345 66968 1773 30463 203282 101519 69234 189813 209379 290750 30067 49696 101257 197912 287906 24867 292088 19519 237323 129586 81735 301204 301812 178735 226235 32763 214315 3625 179505 314729 205673 219811 70995 168024 176401 139026 233301 
5743.66
41
207361 237406 152379 225895 13141 244543 69795 216716 44368 152808 49627 268783 205027 137736 86946 181360 111726 257704 267822 98978 267775 125680 10789 152976 175724 261676 148974 227254 289087 93438 165626 282833 65073 307645 313401 86238 280000 315548 266164 68173 205724 
7260.14
41
152717 25899 236009 154647 274486 51072 308314 12962 253325 169604 301235 82055 291284 24229 278631 79945 30745 137494 61420 47549 301137 298252 145034 35608 266790 147267 219610 142359 300256 34623 54996 132651 315327 146307 153465 258736 126518 242730 84299 17439 221174 
5801.08
43
41560 287589 296115 166768 242666 196068 155905 117467 81148 265593 25780 130760 45944 58862 9711 267759 3283 137372 3077 235432 60944 222727 309082 305064 61779 138669 208550 315242 155235 309837 216519 53262 138913 280117 274728 205643 263231 215479 11165 120892 74563 52333 72637 
7737.04
48
140880 33871 156653 215934 241783 315913 265290 125809 22377 111649 264889 52934 305700 63956 194613 153914 78019 265273 149145 134167 149010 259962 16120 140464 224750 120263 125150 288493 22970 122262 207461 246525 286424 127908 54936 151009 266549 113202 200818 77615 99147 312455 99568 274829 151984 19386 1837 235391 
7421.21
41
242373 285747 211718 194021 87890 78535 211932 260445 224909 145167 31156 106355 181153 228920 142298 47814 169571 172817 13557 164322 181320 292963 306247 21635 147370 162637 203940 281104 248507 218739 27015 4691 28617 222266 236821 286042 233099 311705 281365 55948 219764 
5726.71
45
91247 82757 277640 40791 201519 258171 53738 127823 228592 253298 253829 158700 107687 152849 273216 152989 76532 298234 230442 5175 74502 137168 305318 157555 266170 195689 173270 60736 186300 83918 3133 157220 115387 258296 255709 157820 194540 17397 274852 158321 110305 7743 202186 1624 278587 
6420.81
39
294266 38120 129200 197894 37315 141673 38099 241547 296007 313074 103852 38276 311012 23125 290973 86975 105781 72831 65782 6125 239135 240428 289414 116741 30035 197437 3885 223225 273457 58209 247299 105182 261353 349 32855 280532 41806 14625 144402 
5467.39
39
62271 51558 239035 267363 12990 301260 247509 50637 26043 43273 211191 276708 310120 139052 8767 100642 117964 219588 28533 295855 261605 170295 51955 237497 18019 34536 304988 19437 243474 74193 155485 207825 177119 215238 226469 58907 152157 23079 275129 
5119.37
40
65123 232550 141562 231555 173303 143587 32781 60339 212221 117471 133047 227792 246577 280684 53123 44911 56525 31697 169736 117758 210925 11007 158820 27267 194196 193948 65265 39371 92495 148555 161799 138354 263800 52255 249015 213892 10615 267273 100761 239373 
5944.94
44
171584 54181 130874 310322 160206 252980 252956 181067 114316 252151 225330 84260 21057 199193 160779 207479 165174 284027 74453 214796 99368 293104 58484 136687 108679 77188 159802 6869 74504 277596 90549 107041 247269 166057 296093 296984 37872 125132 152355 161032 176501 140393 49682 162300 
6260
43
229778 1874 16364 153811 82203 198458 233420 231309 259633 35728 273242 21022 19046 303216 145978 223695 3365 50656 186260 141044 252132 70816 205389 162419 36660 162550 284775 260832 273406 294530 118146 200719 195030 56045 184339 268352 177316 260540 166313 174142 165094 38153 43318 
5732.58
46
225388 143331 23620 275054 315739 61384 191743 168832 143035 169252 306580 263465 86778 156581 33775 183279 175339 234601 17230 103956 123988 162874 72743 243338 195250 68424 70645 131044 102501 210735 239782 266604 225258 312953 76769 313857 75975 305777 120575 75547 127133 162952 90264 121715 26216 217049 
5328.98
44
133606 231738 68621 212699 160394 32754 129050 277435 192918 146068 83574 254470 77025 300287 991 64350 130139 145682 264477 284579 81861 299137 267093 273033 293824 44971 90433 265313 189330 279603 122611 91893 110348 272386 222527 262161 251275 109549 288976 96059 230178 254266 37388 278176 
7042.73
45
94465 212752 167668 76312 105708 179503 57761 315829 178878 89637 40679 6809 155776 119038 63777 197793 32437 168556 285848 34793 295458 196519 115894 238330 125077 313763 95206 16931 38589 310868 126822 42822 170594 158425 214303 76394 255015 50697 82992 258072 275754 132057 294637 10097 11216 
6255.7
46
265513 301597 189703 78194 297012 266379 1634 227303 128859 4231 137014 159503 246477 234292 23762 232061 161454 146441 51071 100312 280253 194613 128450 116649 199474 86694 22421 274203 120644 155396 67036 253567 78291 11385 222465 92434 315455 304836 92320 264582 298681 248495 46165 101212 94621 203345 
7006.23
38
310548 42299 254508 313724 243502 177693 88289 242151 259215 22233 289666 225410 23321 151310 299356 280263 271771 246160 286191 87567 274076 120253 259027 305187 86312 7854 137427 125379 160305 258529 195854 240935 138868 73421 286003 32125 36355 155140 
5678.25
38
82280 179741 243625 136373 55127 178466 27174 180851 298071 182260 197310 204254 133745 30697 45431 176736 164768 82750 115876 32940 145702 124487 149033 220274 18297 213997 30942 43151 168010 3520 299003 203118 219778 27172 292750 61247 4925 37583 
5497.38
38
4280 31644 295216 267339 246284 12369 220293 88779 178672 40033 278909 282977 81113 138651 156254 306259 55699 209165 105593 310480 18343 87034 258181 91478 8603 190361 1750 247161 262172 167331 70819 52009 118618 31933 56993 111826 12664 113531 
5557.18
46
263614 65127 121064 87321 84785 111242 53393 248341 275976 37099 269000 304645 165343 165874 181397 261494 113244 183423 280253 6032 28963 98964 161555 229851 286050 248496 306739 283420 230869 85201 136324 91482 82462 188395 129132 236040 140222 264503 250593 76014 292059 139166 5283 176396 230 225994 
6495.92
37
102860 311223 281749 93543 127678 67034 281654 313019 6191 55297 66481 6076 51735 192747 260640 38018 310370 259297 253880 123781 98245 109766 230365 209009 133248 71628 209130 285274 180910 308382 63162 312735 310512 95635 72765 117257 210864 
5803.54
45
293887 256100 235047 181516 112578 290362 66159 284928 237570 313920 194233 107455 4250 287879 274006 245403 186252 313197 217233 35321 56395 209745 306331 34125 137902 20740 315742 79839 95331 7298 167799 39145 13311 298513 139921 174339 153754 306683 312866 115053 264247 125697 41595 1890 32198 
7467.91
54
132495 197789 272428 205485 156170 149931 198711 107820 293341 278653 10264 160710 145348 203914 22458 227348 302317 76959 12719 45002 141970 98588 216191 84881 110834 226716 112961 121066 10635 150586 277926 156311 243084 264758 109323 9326 147219 298406 30600 179451 93631 173614 191778 76277 296017 192943 119681 89188 243068 40230 197815 269508 17668 227669 
6219.2
40
65529 139088 132844 291157 268117 26914 228620 14082 19758 117112 179775 309220 23841 292477 68685 29452 287152 103069 42071 207922 155359 149710 210422 28868 298183 283956 96836 17811 227637 148805 255997 178680 251692 314257 117208 203700 297483 46890 81493 174808 
6417.95
52
47644 283883 60104 16982 299519 278234 264287 275628 158770 70882 71282 155499 49755 127088 197810 159932 153079 120676 289176 277665 86414 86557 250067 188601 299423 167460 77562 307734 310000 21091 67705 800 20744 189735 65789 124795 313339 40280 235567 95677 173459 288426 117190 154414 128009 56926 242265 67088 47835 82381 3817 306691 
8573.79
46
59092 1304 145222 95606 183871 116811 128474 145066 125607 54915 12912 173542 192578 111942 275229 52770 54479 210694 120059 291711 151087 308859 257968 229832 89632 70983 60668 29823 159236 274193 118247 185267 118799 187415 222285 165800 296432 7322 309483 246581 33331 122737 102709 92131 1112 119839 
7015.52
48
57274 195820 264779 150758 10589 91974 10599 215849 163787 193655 180235 133684 86567 188387 294131 26073 77045 122188 215799 252312 9242 104117 290476 242470 199842 118631 125614 300227 15959 263526 73883 238480 272212 245204 191281 34956 246997 72516 213990 314881 60645 84028 57111 62345 96165 250978 171525 311064 
7050.06
35
200285 41514 19701 229902 133372 16147 275708 156759 116383 197553 122632 60731 298946 143986 236352 314548 64552 28084 237005 73053 47326 194400 259069 169878 154638 207294 105087 160985 307340 222815 48017 102684 115813 71504 134811 
5283.62
41
169731 256739 250861 2582 309841 281752 11386 83364 245267 86983 41723 256046 8352 251277 169792 60698 62139 179995 287679 50489 161247 254238 176621 105767 36597 124525 105519 132002 241733 153128 63291 234458 103715 60882 53850 261101 251096 11439 297110 18535 136339 
7958.23
49
170660 228209 113440 43399 314737 191 262161 120699 29040 104886 248411 2335 231193 202657 163465 245896 151526 289331 236051 125187 81454 152615 229898 90146 124490 138028 214199 244730 17578 254499 159940 148543 289437 158150 51371 152006 201210 276735 117819 280390 257293 269364 64444 61081 167688 201205 216424 134792 276482 
6183.33
37
83871 262251 11077 38861 96023 74349 3607 250815 23379 124915 54649 28962 71793 173699 185258 258535 283678 176420 171345 26387 178989 91606 6570 140700 89351 289709 121617 141852 300270 47201 45757 172556 9244 301808 183931 28960 191638 
5220.42
43
159565 199355 53128 222493 49485 253458 129878 12488 200081 134360 71849 74761 164881 158792 35849 96380 279537 303127 133590 156476 256840 162472 302414 127205 167546 6421 209591 256462 176261 6122 190336 139098 199639 49585 29710 276289 124476 103081 19574 104608 189731 68285 261025 
5501.1
39
227997 14277 224060 69833 107540 310482 82571 188804 100997 227383 206261 150884 95475 33226 270178 188511 167905 81851 35096 112567 45721 176641 232399 167268 136802 287455 19349 116016 269154 119747 77007 58906 239733 305632 229453 277259 313237 21144 242866 
5579.68
40
110240 73327 139477 283484 165183 299820 14125 281739 62322 72652 189239 38007 128349 228215 267394 284590 297192 251769 248378 36403 296118 11867 306099 217996 294144 155882 281674 117022 106390 45680 242519 47510 29214 2905 63629 273374 214958 253148 122397 275114 
6277.32
47
55935 64870 27050 236739 150593 119422 235654 168524 76183 135531 29592 129763 80767 107963 311874 48056 229796 23416 49094 121558 290039 107712 286409 120835 198319 111356 311992 39219 236416 137605 219473 189438 289386 59463 292561 309512 64409 289143 79085 39306 288520 108602 66383 112921 82974 36260 194669 
6090.57
39
22545 187953 312625 151584 259705 152993 74400 177664 306503 135372 13179 185291 191250 286930 94071 263226 278221 89945 7640 152819 305250 117894 20895 140592 139960 145325 107228 236499 194288 301943 35130 169482 282712 226052 282288 133397 16080 1343 90975 
5252.7
39
99975 269229 303680 18369 16016 192200 235535 74374 139410 171784 258419 231037 257493 84991 34542 279867 216629 295125 249774 116115 204564 181500 24676 17647 210866 287320 73378 66373 116 34625 151998 227681 187275 80067 253163 190367 2667 205262 262707 
6083.51
42
212157 287282 39852 186841 188374 123186 249782 206352 70733 37450 241510 65603 199028 261319 276701 186103 185741 39566 42212 95809 108557 276420 229352 226166 216249 118928 204767 292699 205897 126190 58418 68120 251148 14836 117919 41590 97672 288227 275999 173460 62601 155409 
5618.1
42
60790 111942 75143 232052 92812 25317 223161 239239 270029 219075 256218 167410 165077 187776 193889 278206 287755 139946 234871 29956 309578 236178 205840 290701 256113 51831 105122 53780 290307 279807 289870 273162 26215 50778 70829 99566 279800 127987 228355 19246 143189 201853 
8203.19
38
24640 72480 220557 219620 129482 160084 46402 314593 156714 253379 170878 200285 121170 230041 10349 63699 73589 268099 18755 115560 128127 117057 274269 199369 26181 61457 32546 296121 200590 209257 54414 115455 29220 235166 198508 203464 52621 138270 
5537.26
35
187026 220178 52671 132341 166649 76598 315474 165764 146732 35082 107717 198387 257693 130424 261621 144876 129021 43155 66063 203252 113521 14314 87683 27541 67084 93664 10278 278621 226734 75495 230957 197962 146032 16934 206022 
5425.89
