16
2122 1863 2343 825 921 784 2036 364 2918 1142 2180 2094 1299 1281 2477 2554 
0.268
16
860 2939 3124 1534 2169 2001 2068 310 1762 251 3092 2286 3053 2871 1464 2166 
0.615
14
1719 983 573 2649 1121 205 1664 2765 1735 2772 1355 1461 297 1569 
0.67
19
3057 31 1757 1283 2842 1252 607 314 1777 1883 2234 2575 1052 2461 152 1392 4 1910 2276 
0.862
15
1428 3005 2401 1572 1463 991 2153 2443 1271 427 2232 758 269 1239 2843 
0.273
14
1036 884 2354 298 984 1565 1746 2165 2205 800 243 1253 1111 1398 
1.422
19
2 3119 1839 2279 192 2878 38 361 1634 2659 2958 2411 1366 710 649 1417 2124 1011 2423 
0.234
16
827 1840 2281 1371 1860 720 2698 1555 1835 1649 1781 3037 1250 1871 757 1469 
0.894
14
2168 1882 2915 2724 1327 1026 1493 3110 471 1966 1760 1052 1033 2773 
0.299
14
350 1654 3154 182 433 1566 1535 206 2454 327 2693 1368 188 1774 
0.723
17
2804 1885 3042 3086 1014 2841 2393 12 1887 2695 1044 316 756 409 1153 1410 2974 
0.659
17
3084 862 2058 1094 797 1559 983 1057 2497 883 2451 600 1428 439 1030 2262 2485 
0.44
24
2150 1691 1885 669 421 628 2330 1634 355 2481 1752 2478 433 1770 1289 969 566 1294 152 2743 750 1010 333 2435 
0.556
13
1683 1939 2204 640 194 1697 2611 2448 1730 719 428 232 3140 
0.368
16
223 776 299 1133 2311 2421 833 2255 267 821 1382 276 1518 2948 1058 978 
0.17
22
1809 1505 969 959 666 92 498 2286 2573 25 1784 2999 1469 1634 887 2274 334 881 624 1897 2729 1318 
0.162
18
2149 2467 278 805 1771 885 295 2138 506 957 2449 2261 101 2550 1685 2111 53 670 
0.319
17
1139 765 1780 145 1419 1719 3016 224 2549 1127 2505 963 669 2969 52 302 2542 
1.016
17
2092 1449 880 1056 2154 2198 2043 2912 373 1700 2249 1997 335 2644 1426 2013 2368 
0.274
15
450 8 1998 2224 1086 960 1286 2698 2336 586 2733 835 2348 1573 2673 
0.297
18
2036 2947 1509 1811 1364 122 81 967 1969 75 143 1581 1883 721 1146 2561 1698 1803 
0.219
13
1493 175 1158 2816 2355 2514 80 1784 936 3142 1247 2008 2298 
0.392
15
482 996 3154 2594 1962 1667 3038 1376 609 2892 91 493 2333 981 2415 
0.376
16
2700 2192 1583 1191 1631 1072 2019 2887 2761 1243 1049 1000 2895 2797 2400 2977 
0.451
13
2467 2188 3 1132 234 761 643 2419 2173 2165 2123 55 1332 
2.585
16
1798 2649 2895 202 3155 2890 1497 269 1682 1664 809 2146 1280 276 60 2564 
0.324
12
74 2827 865 607 1005 2004 556 1253 810 2159 784 1694 
0.247
14
2811 740 2470 1405 1130 379 3146 2385 2931 1216 2268 1768 759 966 
0.566
15
2338 2736 422 2180 619 107 693 581 1718 2428 688 960 435 183 188 
0.406
19
1753 543 2973 639 2339 2553 2811 2539 3117 2919 1511 325 784 2906 1143 1296 2413 1535 1939 
0.379
18
2422 1372 3154 1984 1366 1657 1448 16 1915 1594 66 2170 1854 1497 1397 2416 811 2439 
0.404
20
2957 48 2379 344 2687 1249 383 1513 99 227 2079 1134 557 2114 2329 2333 2068 101 1175 1443 
0.602
18
1569 2270 1994 2148 1510 731 2393 2883 2922 1444 2319 2189 843 1168 219 2157 332 968 
0.336
22
1604 2391 1213 1877 2675 1445 1001 290 753 609 76 3 1433 129 2073 1772 1714 2866 1555 147 42 1348 
0.315
22
1282 1876 2700 2296 2356 1499 3133 1846 3016 2786 2764 1646 251 913 2809 1451 1494 450 1475 2611 1187 1403 
0.308
18
772 2035 187 2542 1998 1794 2926 2173 2491 2019 2807 2234 323 117 2506 229 153 2899 
0.333
16
322 1751 1951 959 2136 434 1240 101 114 2027 1089 2453 2 1614 87 2412 
0.387
17
1001 2696 1276 2605 1807 831 1931 2742 1568 634 431 302 1091 1075 1424 1319 1781 
0.244
19
2587 1910 1283 1647 3125 964 486 792 11 2301 2616 2340 1627 1511 2213 610 1209 566 2550 
0.441
18
1584 2218 764 2663 62 2805 1125 2352 549 1359 2582 809 2076 2623 2211 2195 955 2717 
0.241
15
880 2291 450 2917 164 3121 826 2628 227 2250 1427 2490 346 206 2211 
0.247
20
2681 1294 1204 1271 2712 1056 2465 1298 824 2651 771 2151 3034 2360 2087 3098 444 1026 320 2257 
0.29
16
2747 219 1133 771 1580 908 2465 2575 841 2565 2075 1042 2958 217 1418 3005 
1.002
18
1434 1784 2780 2815 1370 1645 1414 150 2802 26 517 2406 466 2277 892 2618 451 2124 
0.167
14
2824 1715 13 3037 2031 1510 2538 36 2810 2928 2132 59 292 2351 
0.538
16
2459 1788 2588 2804 1430 735 1526 3005 3156 1947 1906 1889 2834 2342 891 2080 
0.491
15
2464 2039 2511 977 1516 2276 1432 555 2110 96 2483 1066 927 1856 2974 
0.579
14
2664 2405 2102 2028 2088 2474 228 334 1299 1152 817 1825 1315 1370 
0.37
16
2885 263 26 2278 2625 1200 192 456 565 2063 642 875 886 2757 83 2646 
0.494
18
2250 2424 1656 1118 2569 929 1395 864 2916 1386 587 110 996 1123 351 2042 2058 327 
0.181
21
2628 2736 2857 1863 1291 2771 170 1065 74 450 764 588 1772 1103 1442 666 1584 380 3090 451 1359 
0.47
18
420 1550 1709 1433 2797 1890 1037 2980 2818 1360 2690 271 144 3075 672 2130 1012 2240 
0.802
19
2639 142 1049 489 6 2329 2439 457 1168 2403 1087 686 1199 2194 1235 3140 518 1316 1597 
0.223
19
497 2368 2668 2418 2164 2924 938 1789 1384 1927 1080 1102 463 1710 1608 2927 1817 1498 2317 
0.38
13
2524 3037 729 1972 1326 2264 682 252 1595 1142 1332 2057 2496 
0.449
16
2631 1951 1228 2405 749 1160 1956 2772 915 814 1699 2963 2654 417 1891 2099 
0.399
19
2146 1304 1615 1541 711 971 3037 3095 1198 1649 314 1211 946 2483 2068 2204 1961 171 3022 
0.54
24
402 1374 1073 1837 2331 2167 2117 2765 620 1441 150 1633 377 2468 2322 2405 850 189 2574 1998 810 197 659 962 
0.546
17
921 696 2336 199 743 713 1527 2189 289 1767 3086 765 2264 2945 2469 2563 3038 
0.458
23
788 1954 609 1555 836 742 1272 823 2833 137 1788 985 2400 1278 393 692 806 1520 1350 397 2163 848 990 
0.501
14
2158 236 2462 849 365 15 1025 650 1674 1924 806 1618 2317 3069 
1.153
15
1903 1225 2283 65 665 226 1566 2729 1240 1792 484 103 3079 1416 2258 
0.885
18
11 2502 1255 25 2176 1006 1645 2135 2383 1036 2259 2583 1174 1113 1400 731 721 1189 
0.337
16
240 2322 2488 1742 187 300 2988 1503 575 2845 582 2129 90 2821 1483 2031 
0.806
18
3112 1223 326 179 32 1721 3082 724 2509 3096 1787 1614 1115 1692 1466 1569 1304 2614 
0.233
13
1517 1923 1259 1387 1676 2910 2311 1839 803 1162 1665 1234 2259 
0.257
14
644 410 2441 1476 3074 1955 920 2661 2139 941 1214 2475 2213 2444 
0.193
16
2211 1510 2134 757 1357 1814 2637 166 2222 2524 2750 2940 1805 2910 1559 2595 
0.243
18
270 676 1801 2797 1554 3107 3004 2634 2906 1379 1420 422 662 2088 2189 1806 920 1523 
0.514
16
1863 2210 640 1901 1336 575 2244 3063 2456 1532 2796 3076 2898 2620 513 1123 
0.268
18
1742 1444 73 87 1880 1207 2696 1771 1650 282 2676 1285 1026 3158 1161 2091 505 1989 
0.312
28
2442 1372 1103 2949 3127 326 2346 3061 1397 804 2377 1016 2241 1024 689 3135 2687 1315 2266 557 197 422 2833 134 2567 1619 638 2070 
0.297
23
14 255 2272 2023 1372 2240 1707 2886 2695 382 2688 2201 1071 873 1508 1801 177 617 2104 1004 2404 64 2626 
0.389
21
1831 2160 2284 2053 1647 1321 2980 1512 818 1242 2646 3043 2746 1437 1311 2078 297 2024 1697 2021 291 
0.234
18
901 1768 2079 2997 896 1642 555 1646 75 1544 727 623 778 2391 2126 1978 456 585 
0.4
18
2161 1259 535 1731 345 1879 304 2488 2331 3141 764 2306 2604 3159 3038 1093 2094 2265 
0.232
18
1562 214 243 1269 1848 314 2949 1457 2581 1875 2583 1501 1307 804 2618 2365 276 581 
0.51
15
2275 556 3059 2867 2785 1912 632 125 1381 2031 3012 224 214 2436 2694 
0.504
13
2446 424 622 5 2736 1754 95 749 561 1565 904 2002 2168 
0.356
13
2056 1121 1327 2793 827 1640 382 1203 867 614 1041 287 2146 
0.975
15
2709 1807 2254 1953 1029 99 742 345 425 1686 35 1694 493 788 2554 
0.428
14
1403 1817 1936 3148 2020 1241 1067 2635 1603 2043 869 2740 240 1507 
0.286
13
1061 2187 1363 1060 1277 2061 1564 716 834 2962 1504 25 2057 
0.317
19
999 428 2832 1788 439 2875 492 1775 2528 559 2759 1071 1300 2622 1020 1461 2402 1394 1687 
0.224
21
1078 1230 3134 1903 1127 2441 978 1973 1596 1027 752 1278 2059 2667 1849 1960 1240 1511 348 571 922 
0.561
16
920 1022 2468 1824 2987 8 1017 1292 2719 1278 908 1662 2735 2901 27 2481 
0.453
13
2285 549 2709 798 657 1192 1342 1225 1572 633 424 2895 3113 
0.259
19
2309 2132 549 2679 2503 2483 2253 1911 986 908 2332 2473 2287 1607 731 1893 1872 1043 2174 
0.845
17
1204 1456 2643 960 424 3157 202 1899 2398 2467 3010 1579 1794 2269 1965 792 1913 
0.399
16
1072 2170 2251 2956 1777 323 358 1403 3045 1436 2953 1877 3096 2789 1588 1967 
0.478
22
2695 673 2591 344 1359 572 1118 2130 2453 456 2929 2676 2499 2037 2197 329 2466 1207 1857 2370 162 1283 
0.253
16
3123 2445 549 40 3116 1322 2955 1895 1384 682 2158 1450 1683 573 270 1906 
0.389
17
583 2007 3054 2789 2745 1518 340 907 1959 2722 2768 2333 1560 1796 922 607 2535 
0.336
15
1533 711 979 1973 888 544 1720 2285 2018 1979 1875 60 2562 918 1703 
0.318
16
1567 500 664 1554 2575 1302 2579 1970 1343 862 420 1370 2265 203 1748 1947 
0.568
18
230 2619 661 2251 2312 2498 853 678 2088 438 602 289 2079 662 1181 3039 1004 758 
0.174
15
530 547 169 1370 2755 2136 1969 44 1377 2221 2630 18 2672 1778 1992 
0.237
19
1715 1362 75 1854 1505 935 3034 2332 2785 489 606 2502 2705 1039 2164 774 464 2133 2721 
0.548
17
1421 454 330 1659 2137 2155 1618 1471 283 1284 769 1542 2696 3042 2849 1692 3062 
0.24
18
2960 2374 1036 2351 1841 398 2738 360 3093 1587 1229 3005 2690 1131 477 2536 1059 1985 
0.857
