30
28219 17949 28814 17693 8905 3693 9779 30844 5334 8433 23195 25541 29330 22446 29410 18933 6538 25440 29533 12282 12476 12492 28320 17991 18550 9168 12262 25882 7263 9975 
518.89
28
8971 12111 17217 238 19501 2638 17115 969 8563 21699 23597 23886 22793 10968 25355 25143 1500 9275 3808 7752 17393 31444 7443 12725 24556 13063 22930 24698 
540.251
19
7788 17630 3090 135 28805 18762 2396 12409 29158 1081 27427 3800 1382 17793 15464 18506 13939 4523 24489 
418.527
27
2963 8238 18065 9164 20530 4034 31249 6117 27364 14238 7971 7520 8545 10728 9586 23948 24714 554 16806 31572 8719 13860 22230 9748 1808 3989 12343 
488.974
23
17028 1242 16918 1573 8576 25685 5633 2006 27921 224 26992 19409 18846 14202 30686 30659 22954 19215 20077 5765 7442 2636 30377 
623.137
29
23050 16280 20257 20391 3072 13621 8777 5118 22481 460 7572 22407 2345 27210 21907 14708 13401 2185 12729 28439 9600 21524 8022 20750 3658 25355 17971 13082 26581 
518.783
33
29122 15060 18890 2773 15907 29705 11019 14849 21327 29330 23916 30305 22091 12252 24022 12431 1842 30928 17786 30521 14558 24668 23741 27867 11068 16003 2291 29365 5446 27772 21891 22262 24084 
609.79
28
14402 17309 22328 27317 9940 11567 26428 13206 26888 19733 29548 7132 5381 4420 5388 1748 14622 14484 28021 13 22341 11265 28434 21439 24596 14901 10321 22364 
553.733
29
29188 24097 24777 28621 569 2814 23273 2573 15199 24948 29799 14113 15448 19190 21917 15741 6218 9627 18375 1189 4879 26024 17323 3679 27433 8289 21406 5326 22944 
715.826
23
16240 17005 1009 18404 7410 31563 23286 1248 20222 6492 1354 30961 16044 25898 1706 13061 21625 16457 31490 18484 25083 1102 17894 
521.012
34
12009 13314 21229 12699 4433 22129 29756 1118 4635 26843 24366 5453 18393 16227 4715 7995 670 8630 22672 29364 17865 23237 8137 22810 24672 2168 536 18984 15408 9988 5 12716 9200 13502 
736.372
32
19273 5335 8795 809 16382 26362 3236 19308 20750 8766 14042 5952 21329 29153 439 25669 26761 4554 21380 9723 29759 20620 17194 6263 29346 14498 25344 28543 15814 7959 9533 14143 
850.869
30
18779 12448 20289 26099 11325 9653 11133 6745 9346 7558 1153 27499 18515 1629 9751 4056 15589 12751 10182 29786 16548 15620 16818 11163 14088 8728 27766 10376 18419 24221 
1056.41
30
9275 7800 19943 17795 30030 7225 29235 19612 5273 19845 21020 21410 28753 17085 29330 27808 17867 11207 3654 10803 26314 24080 13284 10826 24292 14408 2062 23603 3803 12703 
615.208
31
13 26919 24335 10155 21348 26553 30764 192 22621 24364 22365 23736 15013 23161 29951 438 3733 18898 9715 18657 23651 10494 16743 3133 29349 23352 29978 9704 12928 2602 7940 
713.113
26
9064 24990 14575 14465 5954 15222 29014 19026 20616 20902 13353 9511 19257 26531 13423 5416 7928 10973 30445 7952 17504 29353 26931 26511 6578 22024 
629.273
29
27948 7555 7591 1399 394 4266 26076 27704 4530 20398 16850 27620 103 25930 13084 10131 9550 22658 13113 25158 5561 28623 31157 20932 4982 17543 16325 11409 11762 
503.321
22
31556 5531 26757 23342 1025 22110 19559 21397 5277 17678 22535 4161 5589 18237 19164 4860 30306 26870 23255 2124 6701 29843 
474.095
32
21400 15011 15454 17465 7125 3099 22985 2511 22563 30885 7442 12354 20862 9940 5434 13224 12907 28628 26925 16074 3397 8779 11577 27464 3076 11301 1776 19455 23975 21343 470 4995 
904.703
22
12611 11565 22086 12771 7467 17253 12426 6084 17744 2869 20380 23330 8118 24147 4241 11782 22257 19599 28656 11322 5761 24205 
540.06
26
9310 6073 26662 15569 23678 3471 30349 30650 8232 9331 23302 25473 11822 17499 8789 27563 999 22289 10676 14052 8561 2463 31580 22464 6359 7203 
561.629
20
3345 21360 11470 17746 1857 22330 61 15931 1577 5451 10370 25615 22312 12549 16089 17853 19908 10699 174 31107 
424.132
31
29361 9419 31404 13932 30329 5779 25176 24535 9997 22986 12196 26973 308 31369 9908 25916 31433 11532 23452 1305 19515 28633 24999 257 4500 17851 24773 10507 27360 2947 25964 
758.093
23
17750 22473 26276 28016 13569 21103 7085 18849 5749 28425 14165 2955 26248 5672 20770 20095 13414 18353 1535 9534 27626 5094 27012 
476.051
30
17396 27060 8264 31547 2574 2160 11107 29167 3249 21867 1537 11308 5501 5842 7824 8594 5118 18966 8339 22923 305 31260 8588 10630 6584 827 30146 26546 3269 14427 
761.079
23
23924 26106 21551 16877 1632 18130 19351 11201 26520 21059 18910 26450 23731 28875 8172 29818 1379 19150 9923 24903 3619 2463 10471 
513.552
21
14225 20844 20370 8430 962 18293 4695 28445 32 27239 24509 31508 3181 19678 24556 1085 10305 27077 4576 8006 12461 
472.992
29
8169 14017 16852 6336 1954 31415 16449 27214 21214 4714 15872 10988 13590 296 18194 31144 12738 8417 870 23465 5215 5444 27995 24734 18952 18838 7898 4222 19030 
676.413
37
29256 19982 24059 23221 292 12254 22361 19295 12314 31015 1553 23455 24836 18885 30341 16442 30412 26736 1068 28817 13718 19316 20098 6839 24939 6976 26225 21414 13941 29184 20089 20964 22071 16966 17680 5070 27023 
772.018
29
12199 10627 17792 7816 29427 24752 23040 5874 21946 23330 28578 13995 25874 3906 10601 9785 16097 1199 5418 10972 5454 30886 4110 4810 15331 13914 12728 1720 19143 
527.021
22
12161 5848 23957 3058 1961 1383 23739 10525 30783 14584 12567 16235 24530 453 2562 11120 17466 19043 7352 19063 45 14215 
548.815
23
3796 19263 28699 14172 28692 5317 24396 30428 29355 6097 387 20084 28965 13139 12674 26358 22832 720 30312 21876 4815 6924 25724 
478.327
29
29265 28167 16262 22516 22545 29100 11701 18311 26834 16793 24006 1903 27727 18641 15250 14096 10942 522 16410 28897 30724 21774 18955 12752 10045 19833 21290 9134 26445 
605.258
26
15268 15185 5022 25188 13722 10525 9301 24570 12146 21695 3303 18245 5466 20071 19266 6612 14434 18681 20832 18173 5775 18426 23718 5162 12996 16272 
475.178
27
22065 26535 7412 4090 18310 3247 31072 31002 17669 17302 24744 3584 8485 17410 12894 2270 22397 18362 17281 9591 1460 15156 10548 5701 9366 23777 29945 
577.077
22
21636 4143 30952 1784 20637 12652 27378 29433 22168 25462 2607 30825 27597 17150 10081 24589 8670 5515 19694 44 9731 11539 
540.258
25
22702 20934 26414 4003 25759 9484 10971 14698 29292 15932 275 25382 4243 17066 22174 26900 15488 16375 17523 24114 15973 8255 31357 1257 24513 
515.434
29
30288 14156 16635 23155 957 30617 29659 10364 930 19378 25981 27754 23172 20880 20051 6076 15622 24812 19766 23445 13355 30961 58 11196 30699 31455 30537 13185 22634 
560.73
29
2268 1746 21770 16839 10894 15300 8830 11468 21867 9472 26956 10996 13233 2700 14914 1091 11172 1748 1807 19269 9749 21927 24743 22253 22534 20769 7209 313 26119 
612.49
29
7452 30793 22757 5704 25114 7376 564 17736 20358 22638 9453 28785 8587 9236 10226 16757 21457 24430 27627 8546 11831 17309 29998 10824 13358 13244 28169 4792 9315 
628.177
29
6065 11845 4589 27209 8215 21309 957 3896 10048 14658 19067 21487 27194 26244 13704 7203 29582 31008 29197 8107 2495 11835 20999 26125 30880 22111 28612 8621 22588 
524.134
26
16489 16612 20106 31345 31568 17505 1919 3015 12340 17818 23362 6639 29796 3705 17173 6353 10623 2905 6413 27860 16417 12039 1481 19614 3811 4224 
467.052
37
15891 672 20420 5876 19136 25331 800 14325 1403 7915 31542 28617 9693 30013 31118 4786 3696 3121 29371 2791 25171 17243 15699 15093 21277 12485 29189 22943 22940 20506 16339 5246 23042 4996 16152 4373 18171 
740.979
27
22728 30246 25809 24228 12046 29072 25759 18043 27432 6905 15713 25236 23882 1661 22198 25033 17660 685 18684 22082 4340 9312 496 25382 18341 9627 17389 
461.266
26
884 28229 3223 17323 23668 12175 13713 24454 12900 2011 24820 4260 19118 12811 19380 22207 3763 26272 16494 30081 29628 11719 17816 31062 2741 7259 
616.989
28
9266 18082 16503 8869 5833 13082 14707 5736 24902 23206 11211 9854 27124 17446 7502 11966 28490 29401 24906 19172 31048 1594 11445 7265 9586 8459 22065 29310 
583.766
37
25827 1966 27658 13372 15236 31427 11187 19097 21725 24344 3370 29935 18731 22990 174 21743 21208 5475 23948 19325 17923 8573 11297 9962 22489 29618 24274 12297 16711 20920 8818 2955 7971 7127 25201 521 8389 
733.399
31
29763 8777 4348 5959 14565 5486 28298 11431 7911 11318 8628 4894 9819 16353 27677 15619 8691 24081 10884 31251 16734 30944 30292 816 15746 19667 19334 6814 3449 11450 14610 
619.117
22
17953 10629 10517 11735 28933 16436 23825 10430 15867 27302 15592 23776 11708 15313 24021 27066 6272 26878 21482 7884 2898 8722 
421.964
31
28965 25480 34 773 6402 20331 9473 99 17737 30934 12891 21708 28370 28841 21320 15410 28926 18631 20217 12238 3295 13696 18243 15131 17480 15676 20295 17383 12237 19499 25826 
756.15
25
6932 17647 3063 22916 19504 23556 27092 2742 15695 18802 21431 27546 8379 6719 26274 31185 24746 7883 14373 5937 19507 17757 29905 14872 25522 
590.928
30
2332 19462 31503 13698 21284 23859 5520 3728 14537 25742 7456 29293 2123 30372 12157 22108 20853 2067 31295 6146 22849 17338 29171 11602 8881 7234 13644 13737 3499 21878 
617.562
29
26066 29265 117 29667 25894 10336 8238 9989 20068 30116 31457 21198 18110 27572 12595 22820 28501 14110 27763 20696 14106 8726 15538 96 1856 20570 26667 1227 13088 
640.74
27
13363 9892 17517 17714 5896 13048 3575 23314 20462 1617 20633 11013 3576 4515 8583 8773 28886 15728 3498 27249 7840 17510 6781 8816 178 22346 28435 
567.491
25
23013 1194 16714 1148 20485 21376 20535 19502 26243 27013 1927 30618 1843 2604 24106 27887 22801 17858 13452 17371 5525 5225 13986 15378 25899 
467.559
31
26883 30794 24383 8358 22937 319 27149 2532 24360 12405 29536 733 29287 20600 12820 4554 7102 13413 2180 17020 31272 15186 8518 11008 26085 22410 28225 7686 11372 2323 7513 
850.864
28
26472 15221 25133 24436 28422 25027 31425 22429 26465 9418 18817 4745 10961 19495 25558 10000 24222 1767 475 6718 671 16248 4173 20088 24880 8140 5319 24615 
533.579
20
8136 2697 21678 2364 14593 6687 29356 2510 18483 20972 14687 4871 22634 17629 2537 20714 2589 24199 860 6593 
454.491
25
6367 4610 28999 19186 11110 6443 3541 14074 152 27561 13686 3444 1614 21495 3539 19021 411 31253 31323 2968 30137 25422 16721 2338 28707 
513.659
26
21397 8138 15635 15321 21050 26525 4572 8030 30158 10687 24667 13056 11225 16859 16560 2408 5545 18709 13491 29091 24199 11279 31517 2594 1653 31586 
652.306
27
21199 14454 17553 25841 24900 9250 12054 16035 23516 1919 4776 17192 626 5596 2427 19707 4629 18998 28634 29601 26887 30999 29583 19867 13984 2170 6453 
568.203
32
25500 29402 14155 15331 9815 2461 18896 18143 4309 439 21113 8076 11702 30358 3084 16236 23906 17308 14369 12210 7713 15379 8770 5593 9432 27428 1514 17866 19681 28747 1290 17656 
551.744
30
15542 13524 23061 28430 5716 9573 397 11126 22620 7889 20867 10565 17929 8890 3965 15506 1264 31452 18393 14716 26173 19463 8156 9194 13881 30559 24060 23289 12771 16082 
645.925
29
13955 4445 13276 15931 8047 10676 14460 26929 27987 28204 7128 16353 30788 13879 7404 22864 20177 31023 26088 28718 23664 16714 6308 17867 11447 20234 24327 1701 26207 
587.005
27
10514 27416 6960 11867 22288 11758 14178 17346 25428 17183 30026 10762 17051 16048 24429 26193 13789 24519 21717 23374 17308 24072 30197 28712 28415 15804 17431 
538.661
35
1188 14293 27603 244 21005 12264 23873 10322 22340 21839 23732 19985 7528 6318 28376 673 28296 22626 31565 29006 12800 17678 1702 11543 28053 27941 2239 20241 30898 10350 27155 1468 15596 2395 15783 
741.943
28
21344 11592 20051 26777 20371 27958 24119 9563 25891 480 20057 18232 25154 21711 20987 25517 28934 28395 2111 15778 17631 21987 30955 6404 22335 2579 2101 15809 
575.252
25
21935 31445 12980 6247 30206 13398 28622 19016 30567 763 3379 9116 29082 21911 9398 9214 25710 26144 27779 1618 28848 30987 27514 3122 18418 
509.879
27
298 8462 12881 9117 22320 6204 3537 29868 16527 8308 2067 13740 18949 8828 5912 6036 13610 17098 15059 3927 25093 10708 29487 19367 15611 3880 12585 
623.045
28
1528 14502 2648 16269 25428 14165 17013 23500 22736 10019 6420 23337 12850 16770 24799 22126 11874 22678 12702 16207 13295 26150 15679 11742 6991 3339 24320 26595 
500.908
26
30124 19375 8499 12196 11867 26280 22560 9241 8436 24378 5268 8192 10188 1947 21003 24463 16503 28933 10586 4506 9086 22203 19627 18073 4438 12842 
580.321
30
21294 6045 29896 28321 13902 19051 4780 2984 22602 6936 23210 2650 20147 21817 3116 14824 30975 16594 3326 28797 15925 9704 22478 27957 13026 18148 29618 1913 307 27826 
580.487
26
2672 30571 14454 4443 13646 29660 24025 4861 19888 6661 30333 11369 6789 21141 2049 12524 9298 16979 3181 6282 14769 25137 23852 8744 490 21925 
556.103
28
28436 13455 17693 1765 23065 30995 22013 2072 9631 31285 23722 7566 6256 13849 25004 31156 648 19328 2821 1035 9574 22900 7331 12265 15792 26830 2930 5939 
679.843
22
8438 26161 7125 7955 11924 12403 6949 24408 28605 19548 3389 2420 15578 9148 28990 26209 7526 20967 26454 5896 7931 22486 
452.5
28
15332 15657 10317 11633 229 3928 19505 20735 15059 16549 8970 29289 14897 28817 21717 1310 17459 1392 10178 20283 15396 2415 19724 12635 18735 11010 4941 23067 
473.11
26
677 19543 11081 28190 673 20459 11202 2695 18205 4252 20240 5139 12322 17954 20132 17091 9682 19305 20800 20361 4971 14300 31099 9362 7542 28045 
501.844
22
21396 8152 19212 10493 26665 20130 11666 15092 3609 17249 13394 20131 11689 28691 25925 19398 31218 3940 12651 24671 7039 31314 
442.796
25
791 27853 24124 26173 21861 19910 4234 28915 20378 9186 25038 22700 8908 24375 26364 17669 6025 14583 16119 7840 26605 16914 742 14240 24774 
479.418
27
17694 25796 20533 22939 22143 7468 9515 17747 15067 7173 13787 12530 5223 8426 13903 4226 3581 7438 22290 16512 5938 29798 23605 613 1587 4104 29218 
474.033
27
11972 30647 19377 17169 10304 15994 19475 28672 15561 2405 19034 19851 8420 1153 3365 5446 24664 18746 11674 9654 20928 20933 19750 2736 14533 3299 18895 
525.262
27
2441 30881 26944 8938 10027 1934 2273 20802 3156 6658 13909 31382 13775 15284 1485 44 25090 15945 22581 8007 10330 14953 25045 13436 27252 10304 15248 
616.084
23
1741 25279 18307 31046 517 3050 5747 23181 1965 6824 6162 6876 19014 15431 27355 9699 19382 3297 3638 20166 10484 10273 22816 
459.676
26
11435 30404 5094 31261 14187 5423 29374 27316 8224 15284 8820 11544 18542 7215 29019 26748 10964 19176 21357 23078 15541 18020 8684 18730 383 8253 
704.848
31
30177 25876 24496 1473 30111 14739 6341 19462 7431 9621 26055 27663 708 10788 22574 2329 17153 27127 26901 8349 27359 8563 18748 30062 26315 19103 5482 2130 27039 8102 14784 
696.345
33
350 1864 17367 10466 10647 20881 10395 6425 2502 6058 4500 21905 22334 1676 14260 3310 1057 16787 17029 29592 9407 8573 9126 9876 25639 22736 2251 24107 1441 18010 847 5233 18810 
737.995
28
17743 26110 21299 24068 6061 4414 13042 10447 29278 26798 17001 6033 30620 20882 3158 29341 10357 3837 7036 10671 13905 1329 17273 14879 23259 18690 2079 27551 
613.763
26
19353 13038 29374 12645 27342 21529 9637 31115 28497 1655 28553 5676 19472 1810 12550 22986 16993 2680 3698 3791 9185 18846 24909 321 14015 17578 
479.741
32
12261 666 2475 8775 23862 2693 22794 3722 17711 23578 29829 6173 26364 20210 16039 19969 7623 15041 26874 20602 7441 16076 23153 2171 28926 23126 4346 27268 8035 7696 9620 24219 
707.199
25
161 12579 18512 31233 25810 8329 29836 25172 27913 22132 26110 4003 6397 30294 12240 29095 15927 1767 11331 14898 26241 17164 21881 8156 11641 
480.466
32
22336 9987 21140 12221 1482 10195 16191 102 22887 2214 30122 5129 127 7946 13016 20961 15685 2345 7861 17877 24895 21433 7640 16036 21005 15384 28279 26104 18221 15770 13282 25913 
868.799
25
11566 267 279 23164 4091 3228 20381 5501 10937 7980 22007 10912 9099 19140 15801 23809 12048 5870 12933 28177 9760 10936 17997 7325 12958 
685.953
31
24728 21902 7747 31535 7234 4854 18556 29685 29175 6165 9439 5791 16246 3193 13122 30372 19829 2344 29623 11552 2764 12369 11822 23717 18342 21681 10013 16940 23122 17868 29058 
717.634
21
178 23043 22677 3569 12219 12283 24453 8331 28837 3154 13571 16863 27096 23520 31556 2939 2301 28389 25692 5155 10745 
475.889
18
5421 16664 10703 20043 14089 6958 97 11933 27035 30150 14497 15186 29522 7053 3965 29460 2755 22219 
400.039
27
11313 5487 14952 2232 18792 30034 13213 12932 19221 6769 15381 9209 26854 16449 10771 22696 24077 3397 13395 14020 19767 27422 24188 20284 28733 857 12533 
608.814
24
9172 4182 17191 30560 8263 15199 17938 23783 28218 16333 11927 11129 18556 23854 16909 24901 26722 22024 26221 5699 13892 27221 4386 22590 
424.378
24
12634 19372 12209 26927 20279 29325 16595 1066 25982 28638 19304 14489 2861 17858 14373 13343 14597 30871 19658 22460 9753 557 162 22980 
535.484
24
9834 7055 28054 2414 28949 28464 1636 28211 24428 11195 16868 25576 28524 5121 1257 25980 27616 25761 17947 18566 15364 19544 18746 20407 
539.768
25
26781 31452 9677 21571 8874 18339 2174 4593 28567 10436 2467 19811 16531 6969 2125 30692 10524 19109 15568 8664 29342 8066 5729 8230 18289 
525.936
