16
1863 364 2036 1281 921 2343 825 2122 784 1299 2094 2180 1142 2918 2477 2554 
4.007
16
2001 2068 1762 251 2286 2871 310 3053 860 3092 1534 3124 2939 2169 1464 2166 
16.052
14
1719 1735 2772 2765 2649 1461 1121 1664 983 573 205 1355 297 1569 
16.398
19
2575 4 2461 152 1283 1757 2842 1777 1252 314 607 1052 1392 31 2234 1883 3057 1910 2276 
24.16
15
991 2401 2153 1463 427 1428 1572 269 1271 2443 758 2232 3005 1239 2843 
3.943
14
800 2165 1253 1565 984 298 884 243 1036 1746 2354 2205 1111 1398 
28.856
19
2958 2 192 649 361 3119 2411 2659 1634 2279 1417 710 1839 38 2124 2878 1366 1011 2423 
2.905
16
1250 1555 720 1871 1371 2281 2698 827 1860 1840 1781 3037 1649 1835 757 1469 
26.487
14
1026 2773 2724 765 1327 1882 1493 3110 2168 2915 1966 471 537 1052 
4.211
14
327 182 433 350 1654 1368 1535 1566 3154 206 2454 2693 188 1774 
14.356
17
2393 2804 1887 1989 1486 709 756 2841 409 1410 1969 319 3131 531 2278 218 1909 
18.527
17
1117 114 2013 1650 2923 2687 2996 2759 862 3084 1955 560 1371 2958 496 118 1589 
10.951
24
628 421 2478 355 1752 1691 669 1010 433 1294 1289 2150 2330 1770 750 152 566 969 1885 1634 2481 2743 333 2435 
27.422
13
194 1730 1939 719 2204 2448 2611 428 1683 640 1697 232 3140 
5.104
16
223 776 299 1133 2311 2421 833 2255 267 821 1382 276 1518 2948 1058 978 
0.168
22
1809 1505 969 959 666 92 498 2286 2573 25 1784 2999 1469 1634 887 2274 334 881 624 1897 2729 1318 
0.165
18
2449 2138 295 506 2111 885 278 2467 2550 957 805 1771 2149 101 2261 1685 53 670 
6.887
17
1419 145 224 1780 52 669 2505 1719 2549 963 2969 1127 3016 765 1139 302 2542 
22.642
17
1056 880 1449 2092 2154 2198 2912 1997 373 2043 2249 1426 2644 335 1700 2013 2368 
3.731
15
1998 2224 450 2698 8 1086 1286 2336 960 586 2348 2733 835 1573 2673 
5.044
18
1698 1291 1473 143 1811 1883 2947 2036 122 967 1509 1364 75 1969 1581 721 593 2561 
3.154
13
1088 471 2373 2144 2402 1158 203 244 1493 2816 2110 348 1408 
7.047
15
1089 1962 2594 996 2415 1667 493 1376 2892 609 3038 3154 482 91 529 
6.889
16
1631 2887 2019 1191 2895 1823 3071 2998 1124 1768 373 2886 2432 542 1243 1463 
12.6
13
2188 643 2173 761 234 1132 2467 3 2123 2165 2419 55 1332 
40.272
16
2704 737 3084 1849 1333 17 809 202 1497 2514 2004 1762 60 748 35 2851 
6.479
12
74 865 1005 2827 607 556 2004 1253 810 2159 784 1694 
2.454
14
740 1130 2470 1405 2931 3146 2385 759 1216 2268 1768 2291 379 3104 
13.134
15
693 960 435 422 2736 107 2180 688 1718 2338 619 581 2428 183 188 
8.294
19
543 784 1296 1143 639 1753 2973 2339 3117 2553 2919 325 1511 2539 2906 2811 2413 1535 1939 
10.286
18
1657 2416 1915 1448 3154 66 1366 1854 1397 16 1984 2422 2439 1594 1372 2170 521 1497 
9.159
20
2329 1134 344 101 2333 2114 2379 2079 1513 2687 557 227 2957 1249 99 383 2068 48 1175 1443 
19.085
18
1444 2922 731 1994 843 2189 2319 219 2270 2148 2883 2393 2157 1168 1510 1569 332 968 
7.267
22
1001 1213 2675 1877 129 2073 2866 76 1445 290 753 1555 3 609 2391 147 1772 1714 1433 1604 42 1348 
7.838
22
1846 1499 3016 1475 2611 1494 913 251 1403 1876 2700 1451 2296 2786 3133 1282 2356 2764 1646 2809 450 1269 
6.575
18
1794 2173 2019 2491 187 2035 2506 229 2807 1998 2926 2542 117 323 2234 772 153 2899 
7.243
16
959 2136 1240 322 2027 2 2453 114 1614 1089 1751 1951 434 101 87 2412 
8.84
17
2742 1001 1276 2605 2696 1075 1424 431 831 634 1931 1568 1212 1091 1807 1319 1781 
3.42
19
1283 1910 2587 1647 3125 964 610 1209 2616 1511 2340 2301 11 792 486 2213 1627 566 2550 
10.013
18
2623 1359 2076 2195 2663 62 809 549 1584 2218 2352 764 1125 2582 2805 2211 955 2717 
4.236
15
164 2917 826 3121 227 346 2490 2250 2628 450 2291 1427 880 206 2211 
3.635
20
1294 1056 1271 1298 2087 2151 2651 3098 2360 2681 771 1026 824 444 3034 1204 2712 2465 320 2257 
7.147
16
1580 2575 908 217 219 2565 2958 2465 771 841 1042 2075 2747 1133 1418 3005 
19.454
18
1434 1784 2780 2815 1370 1645 1414 150 2802 26 517 2406 466 2277 892 2618 451 2124 
0.168
14
2132 36 2824 2810 2538 1510 13 1715 2031 3037 2928 59 292 2351 
12.308
16
2459 1947 1906 1788 891 2342 2834 1889 2588 1526 3005 735 1430 2804 57 2080 
10.966
15
2039 96 2110 927 2483 1519 977 1432 555 1516 2511 1066 1856 345 2276 
15.128
14
817 2405 1315 1825 2028 2102 2474 334 1559 1299 1370 2664 228 238 
7.042
16
565 642 263 192 456 1200 26 2625 2885 2063 875 2278 886 3020 83 2646 
11.734
18
2250 2424 1656 1118 2569 929 1395 864 2916 1386 587 110 996 1123 351 2042 2058 327 
0.185
21
2857 170 1065 764 588 1772 1863 2736 74 1442 1103 666 1584 3090 2771 1291 2628 380 450 451 1359 
13.139
18
1890 2818 2980 420 1709 1433 1550 271 1037 3075 144 672 1360 2690 2130 2797 1012 2240 
29.582
19
142 1168 457 2329 2439 489 1049 2194 1199 1235 3140 518 6 1087 2403 686 2639 1316 1597 
2.241
19
1608 2668 1384 1789 497 1080 1817 2927 1927 1710 463 1102 2924 938 2418 2164 2368 1498 2317 
11.219
13
3037 729 2524 1972 1326 682 252 1595 2264 1142 1332 2057 2496 
6.828
16
417 1891 915 1956 814 1699 2654 2963 1951 2405 1160 2300 2772 2631 1019 2490 
10.589
19
3037 971 2068 1961 314 946 2204 2483 1198 1649 3095 2146 1615 711 1211 1304 1541 171 3022 
18.404
24
2167 1441 2331 197 2574 2405 2322 1837 377 1633 1374 1073 620 150 2117 2765 2468 850 810 1998 189 402 659 962 
21.402
17
2469 973 1922 2081 874 1136 342 1262 1610 1908 1004 1699 2697 414 669 713 2325 
12.747
23
836 1954 806 1788 823 1272 397 1520 2400 137 1555 692 1278 1350 788 742 2833 985 609 990 674 393 546 
15.729
14
849 15 650 2158 2462 1924 1674 236 365 1025 3069 2331 806 2234 
23.441
15
2283 1225 1903 3079 65 103 2729 665 1792 1416 484 1566 1240 460 2258 
16.409
18
1645 1036 2383 1006 11 2502 1255 2176 1113 1400 731 25 2259 2135 1174 2583 721 1189 
7.453
16
1541 2322 300 11 469 2728 851 1915 2488 1742 187 2031 240 2988 172 1503 
20.193
18
1569 1466 3096 1223 1692 326 32 1721 1614 2509 3112 179 724 3082 1115 1787 1304 2614 
3.099
13
1923 1387 1676 803 1839 2311 2910 1517 1162 1665 1259 1234 2259 
3.107
14
410 3074 1955 1476 644 2661 2441 920 2139 941 1214 2475 2213 2444 
0.846
16
1510 757 2211 2134 1814 2222 166 2940 1805 2750 1559 2258 2823 9 576 1357 
3.48
18
3107 3004 1379 2088 2189 1806 2797 1420 2634 270 1554 2906 920 662 422 1801 676 2091 
10.571
16
1532 2620 1863 3063 1901 1336 575 2796 2210 2244 2456 3076 640 2898 513 1123 
4.345
18
87 1207 1880 1444 2696 1161 282 1771 3158 2091 73 2676 1650 1742 1285 1026 505 1989 
5.904
28
3127 422 2241 3135 1397 1103 1372 2442 2377 326 2949 689 1016 2687 1315 1024 804 3061 2266 557 2833 2567 134 197 1619 2346 638 2070 
12.979
23
2023 1801 873 14 255 2272 382 2688 617 2201 1707 1004 2404 177 2695 2886 2240 1508 1071 1372 2104 64 2626 
17.747
21
1831 2160 2284 2053 1647 1321 2980 1512 818 1242 2646 3043 2746 1437 1311 2078 297 2024 1697 2021 291 
6.379
18
896 75 623 1544 2391 1978 555 778 2126 727 1646 1642 2997 2079 901 1768 456 585 
8.141
18
1259 1731 2265 1879 2488 764 3141 2696 2943 3039 2306 3159 2161 345 304 535 1341 2331 
3.232
18
1875 1457 1501 2618 2583 1307 804 1269 2581 1848 243 214 1562 314 2365 2949 276 581 
17.937
15
2465 556 224 2031 2275 214 1381 683 125 694 2785 2867 3059 218 632 
14.25
13
749 561 904 1565 5 622 95 2736 1754 2446 424 2002 2168 
5.66
13
2722 1931 297 199 2831 1807 945 1261 1461 860 770 183 1805 
19.82
15
1092 2174 2824 1700 3099 1029 99 742 425 233 783 1567 2254 110 2978 
8.197
14
1817 2020 1067 1603 2043 2740 1936 1403 1241 3148 2635 869 240 1507 
4.499
13
1277 716 834 1060 2187 2061 1504 2962 1564 1363 1061 25 2057 
4.953
19
999 1300 2402 559 1071 1020 2622 1461 2875 2832 492 428 2759 439 1788 1775 2528 1394 1687 
3.096
21
2059 1127 3134 1278 978 1596 1973 1903 752 1027 348 1240 2667 1511 1960 1849 1230 1078 2441 571 922 
17.585
16
920 1278 1022 2735 1662 2901 908 2468 8 1292 1017 2719 2987 1824 27 2481 
10.258
13
570 1231 507 2285 798 3113 2709 1192 657 549 1121 261 1342 
3.273
19
2332 2253 2132 2503 2483 1893 1911 549 908 731 2309 2679 986 2287 2473 1607 1872 1043 2174 
23.625
17
960 1456 3157 1204 2643 2398 1992 561 1913 3010 202 2467 1899 424 1579 451 2269 
7.52
16
1777 323 2170 2251 2956 358 2953 3096 1436 1877 3045 2789 1403 1072 1588 1967 
11.226
22
1118 673 2695 456 2453 2499 2591 2130 2037 2929 2676 344 572 2197 1857 2370 2466 329 1207 1359 162 1283 
7.752
16
2158 1450 1895 682 1384 573 1683 549 3116 2955 40 1322 2520 2622 270 3119 
8.239
17
2722 1560 340 1796 2333 583 907 922 2768 1518 3054 2007 2745 1959 2789 607 2535 
6.336
15
1979 1720 711 979 2285 2562 544 888 1875 1533 1973 2018 60 918 1703 
6.022
16
1554 2575 664 1567 500 2579 1302 203 1343 862 1970 420 1370 2265 1748 1947 
11.634
18
230 2619 661 2251 2312 2498 853 678 2088 438 602 289 2079 662 1181 3039 1004 758 
0.173
15
547 1969 1370 2136 2672 44 2755 169 2221 2630 18 1377 530 1778 1992 
2.706
19
75 935 1362 1715 3034 2721 2332 606 2705 2785 2502 1854 1505 67 1947 860 282 5 2164 
14.081
17
2137 283 1284 1421 1542 3042 2696 2155 769 1471 330 454 1618 1659 3062 105 2849 
2.763
18
398 2351 1036 2374 1841 360 1131 2690 3005 1587 1229 2960 3093 477 2738 2536 1059 1985 
18.417
