30
18933 23195 29330 18550 28320 17991 8433 9168 12262 28219 25882 17949 8905 9779 30844 17693 28814 5334 3693 12476 25541 25440 6538 12282 29533 12492 29410 22446 7263 9975 
2.279
28
19501 9275 22793 17393 8971 31444 238 17115 1500 25143 3808 12111 23886 7752 23597 7443 17217 2638 12725 8563 24556 25355 21699 10968 969 13063 22930 24698 
2.476
19
14879 11755 15464 11735 11998 3046 1382 14178 20931 3334 14454 24317 14588 22726 24617 17880 5441 9749 14090 
3.815
27
13860 8719 10728 2963 27364 8545 20530 22230 8238 31572 16806 6117 4034 9748 7971 14238 18065 9586 23948 7520 9164 31249 1808 554 24714 3989 12343 
2.2
23
8242 10523 17028 20847 20077 21327 5765 30482 21115 15784 6057 1806 1895 7442 5937 7609 13402 30600 13894 21357 15644 7225 20441 
2.815
29
14708 21524 2345 7572 22481 460 27210 8777 21907 5118 8022 13401 3072 17971 2185 3658 20750 13621 9600 25355 12729 20257 22407 16280 28439 23050 20391 13082 26581 
2.07
33
21891 18890 12431 30521 24022 27772 27867 29122 30305 17786 2773 14558 5446 15907 23916 29365 1842 11068 2291 15060 29330 30928 16003 21327 29705 12252 11019 14849 22091 24668 23741 22262 24084 
1.822
28
7132 14901 29548 24596 19733 5381 17309 26888 14402 22328 4420 14622 26428 28021 13 14484 27317 22341 9940 13206 5388 11265 11567 28434 21439 1748 10321 22364 
2.085
29
2814 21917 24777 24097 17323 26024 29188 4879 28621 19190 3679 23273 1189 18375 15199 15448 569 27433 15741 22944 2573 11357 29799 14113 24948 6218 8289 9627 21406 
2.545
23
16044 31490 17005 1706 13061 21625 31563 1248 16240 1009 18484 1354 7410 17894 18404 16457 20222 30961 6492 25083 23286 14388 25898 
2.072
34
5453 17865 18984 817 18533 3965 536 24366 26843 23237 21229 29364 4635 22672 9200 7995 2168 1118 27027 670 8137 14635 8630 18393 24672 16227 22810 4715 5 12699 9988 10859 15408 27427 
2.458
32
21380 9723 8795 5952 5335 26362 19273 16382 809 3236 439 20750 19308 8766 26761 25669 4554 20620 29759 7959 28543 17194 15814 25344 29346 6263 14498 9533 9300 30851 22049 29153 
2.852
30
29786 10376 27766 18779 20289 26099 11325 12448 9653 6745 11133 1629 27499 15589 10182 18515 9751 12751 7558 1153 9346 4056 14088 18419 8728 15620 16548 24221 11163 16818 
1.887
30
19845 7225 5273 19612 17085 29330 28753 21410 29235 26314 27808 23603 21020 30030 17867 19943 3654 10826 17795 24080 13284 11207 10803 14408 2062 9275 7800 24292 3803 12703 
1.95
31
26553 18898 26919 13 30764 10155 24335 18469 11501 22365 24364 23736 4585 22621 192 23135 438 3733 24772 16239 3165 16811 12552 21341 8601 19682 25389 28238 28676 19497 21348 
2.868
26
4729 9064 9511 19257 5954 13353 24990 4699 14575 6578 26531 13423 14465 5416 29353 26931 7627 26511 7928 4701 10973 30445 7207 8880 18041 19081 
3.25
29
1399 7591 4530 9550 20398 22658 25158 16850 10131 31157 5561 394 13113 27704 28623 27620 7555 26076 4982 4266 20932 27948 13084 25930 16325 17543 103 11409 11762 
2.577
22
5277 4860 5531 19164 21397 30306 17678 31556 22110 22535 18237 5589 19559 2124 23255 4161 26757 1025 23342 26870 6701 29843 
2.387
32
21343 22563 21400 30885 8779 13224 15011 11301 5434 9940 3397 15454 7442 17465 12907 26925 28628 3099 12354 19455 1776 16074 23975 22985 2511 11577 7125 27464 3076 20862 470 4995 
3.13
22
24147 4241 11782 2869 8118 7467 20380 28656 17253 23330 12771 19599 22086 11322 28280 24205 6084 17744 22257 12611 11565 12426 
3.996
26
26662 14052 3471 9310 23302 9331 2463 25473 31580 8561 30349 11822 15569 30650 8232 6073 17499 22289 8789 999 22464 27563 10676 23678 6359 7203 
3.582
20
10370 5451 3345 61 1577 11470 16089 12549 15931 174 17853 25615 22330 27516 21360 1857 6939 17746 12122 19908 
2.267
31
22986 9419 29361 24999 12196 28633 9997 25176 30329 5779 27360 10507 1305 19515 13932 31404 257 26973 11532 23452 24535 4500 31433 24773 308 9908 31369 17851 25916 2947 25964 
1.863
23
2955 26248 5672 20770 9534 20095 13414 18353 27012 1535 27626 7085 21103 5749 17750 28016 18849 28425 13569 14165 22473 26276 5094 
1.613
30
11107 6584 7824 8594 17396 2160 29167 5118 11308 8264 21867 827 3249 1537 2574 5842 8588 8339 5501 26546 27060 18966 31547 30146 22923 305 10630 31260 3269 14427 
3.245
23
26106 3619 8172 18425 28684 23924 23731 9139 15968 29818 4609 28875 16336 3917 2168 21303 9923 17330 1379 26095 19150 22887 25848 
3.132
21
962 18293 31508 4576 4695 28445 32 24509 20370 8430 20844 14225 19678 27077 10305 24556 3181 1085 27239 8006 12461 
2.566
29
8169 5215 14017 5444 27995 15872 23465 10988 296 24734 21214 27214 13590 16852 6336 4714 18952 870 8417 19030 31144 18194 1954 12738 31415 16449 7898 18838 28575 
2.308
37
29256 19982 1553 24059 12314 31015 26225 12254 6976 23221 6839 23455 292 22361 20098 18885 24939 24836 19295 30341 30412 13718 19316 1068 16442 28817 26736 16966 13941 21414 17680 20089 29184 20964 22071 5070 27023 
2.004
29
5874 7816 23330 10601 10972 9785 5418 5454 4810 30886 3906 21946 16097 29427 10627 17792 28578 12199 15331 4110 24752 1199 12728 13914 23040 13995 25874 1720 19143 
2.4
22
17466 12161 10525 12567 16235 1961 23739 24530 30783 19043 7352 23957 3058 5848 14584 19063 1383 453 2562 11120 45 14215 
3.059
23
4815 21876 24396 20084 29355 30312 22832 30428 387 720 6097 5317 12674 28965 26358 28692 19263 14172 3796 13139 28699 6924 25724 
1.835
29
29265 18641 19833 522 28167 27727 16793 16262 16410 28897 15250 24006 26834 1903 30724 14096 10045 18955 21774 12752 10942 3178 26067 18311 11701 23679 9134 19513 21290 
2.625
26
10525 5775 14434 18173 13722 20832 19266 6612 15185 15268 5466 18245 20071 25188 5022 21695 3303 9301 12146 5162 24570 23718 18426 16322 16272 18681 
2.666
27
22065 26535 17281 31002 4090 31072 18362 22397 7412 18310 3247 9366 2270 12894 5701 17669 17302 10548 8485 24744 17410 1460 3584 15156 9591 23777 29945 
1.975
22
16121 21636 13102 5019 17756 28861 4435 25462 31415 4326 9731 23068 30409 18472 14022 1416 4143 20637 25301 13668 12045 29623 
4.248
25
2901 31357 26414 8255 20693 26050 13549 4003 14108 25759 9484 20934 4725 23158 22702 10912 21609 11042 23456 3545 11026 15611 3931 3188 15626 
2.978
29
30617 23172 19766 23445 27754 30961 10364 25981 19378 930 58 13355 30288 6076 24812 14156 15622 16635 20880 23155 20051 957 31455 30537 29659 30699 11196 13185 22634 
2.803
29
11468 13233 2268 1091 21867 24743 2700 14914 9472 11172 10996 8830 15300 10894 1748 26956 21927 7209 1807 9749 19269 16839 22253 20769 21770 1746 22534 313 26119 
1.872
29
10824 13567 13358 564 5781 28169 7376 22209 13244 23746 30724 2874 7452 24947 19155 22439 5749 7768 9359 15134 30793 17736 25114 282 5704 28586 1126 11297 26449 
2.519
29
8107 22111 30880 22588 29197 2171 3896 27194 4589 10048 957 6065 21309 14658 11845 8215 26244 29582 19067 21487 7203 2495 27209 13704 26125 31008 11835 20999 28612 
2.96
26
27860 20106 6639 12039 16612 26542 20569 388 3341 16417 6413 31592 23067 2905 15173 30911 19306 16840 17166 9385 19795 348 8597 7480 6646 13696 
3.17
37
4996 9693 5246 16339 23042 15891 30013 14325 17243 672 1403 7915 20420 20506 31118 31542 4786 22940 25171 28617 5876 19136 3696 2791 15699 22943 29371 3121 29189 15093 12485 21277 800 25331 4406 4373 16152 
2.366
27
12046 6905 29072 27432 18043 15713 25759 25236 685 22082 9312 1661 17660 4340 18341 496 25382 18684 16685 23882 22198 25033 30246 24228 25809 22728 9627 
1.637
26
19118 31062 3763 3223 11719 884 28229 17816 27184 22207 19380 18717 18918 4442 20205 27494 24632 25630 11596 28004 25552 29826 27661 815 19079 29628 
2.739
28
9266 5736 8459 17446 16503 18082 8869 5833 13082 24902 7265 9586 11445 1594 23206 19172 14707 31048 11211 9854 27124 29401 24906 28490 11966 7502 22065 29310 
1.961
37
20920 31427 21743 521 11187 8818 25201 16711 15236 13372 23948 1966 17923 25827 19325 21208 24274 12297 21725 19097 24344 22990 7567 5475 27658 29935 3370 29618 174 22489 8573 11297 2955 7971 18731 7127 19917 
2.455
31
29763 14610 15746 5959 4894 14565 816 19667 30292 8691 30944 8628 11318 15619 8777 6814 27677 19334 28298 7911 11431 31251 24081 10884 5486 16353 4348 9819 3449 16734 26873 
2.519
22
17953 26878 11735 10517 15592 28933 21482 14740 16436 7884 23776 10430 10629 23825 2898 3456 11708 24021 15867 27302 6272 8730 
2.571
31
12891 21708 28926 34 17480 15410 6402 17737 30934 18631 21320 773 3295 28841 12237 20295 99 9473 13696 18243 28370 17383 15676 25480 15131 20331 28965 12238 20217 19499 25826 
2.59
25
5937 19507 6932 18802 2742 8379 17757 14373 21431 27092 19504 27546 6719 3063 22916 26274 23556 7883 31185 24746 29905 15695 17647 14872 25522 
2.341
30
13737 13644 31503 19462 2332 21284 23859 13698 25742 12157 30372 2123 3728 29293 20853 21878 8394 7456 14537 22108 2067 5520 7234 25272 8881 31295 29171 11602 13488 23621 
1.677
29
8726 14106 8238 27763 31457 14110 117 26066 29265 22820 28501 30116 12595 20068 9989 18110 27572 21198 26667 15538 3511 20570 96 29667 25894 10336 1227 6139 20696 
2.18
27
13363 1617 15728 28886 20462 8773 13048 5896 20633 3575 3498 17714 4515 8583 27249 23314 178 11013 17517 8816 3576 9892 7840 17510 6781 22346 28435 
2.009
25
13544 12845 8832 27013 16649 23013 16636 17858 16714 1194 14953 3566 27789 9371 22511 23022 30717 15791 17396 13096 558 7865 9061 17524 24027 
2.381
31
11372 29287 22937 25945 4554 17020 31272 31058 12820 20600 15186 16301 13413 2180 7102 7686 2323 19635 22410 28225 26085 11008 8518 27149 733 319 24360 29536 2532 12405 28088 
2.528
28
10961 475 4745 26472 1767 19495 26465 24222 10000 9418 18817 15221 23871 8140 6718 25558 24880 25133 24436 671 25027 20088 4173 16248 28422 31425 22429 24615 
2.082
20
29264 16271 949 16189 19727 18780 6723 9110 7792 13787 208 29491 28087 24163 17198 3156 24896 22661 18232 26745 
2.482
25
6367 19021 19186 11110 28999 13686 6443 27561 411 4610 3541 14074 3444 21495 1614 152 31253 3539 30137 2968 31323 25422 16721 2338 28707 
1.852
26
2594 8138 15635 21397 4572 26525 15321 21050 8030 13056 10687 24667 30158 31517 24199 11225 5545 29091 2408 18709 11279 13491 16859 16560 1653 31586 
2.456
27
18998 29583 25841 28634 4629 23516 2427 12054 26887 19707 14454 1919 16035 24900 5596 19867 29601 4776 626 13984 17192 9250 21199 17553 2170 15829 30999 
2.548
32
15331 19681 439 21113 7713 17866 2461 1514 18896 14155 27428 28747 12210 8076 11702 29402 25500 14369 15379 9432 8770 5593 17308 18143 4309 23906 30358 9815 3084 16236 1290 17656 
3.943
30
17929 26173 13524 10565 14716 19463 397 23289 15542 20867 8890 9573 18393 7889 15506 23061 30559 24060 11126 3965 22620 31452 13881 9194 1264 28430 5716 8156 12771 16082 
2.676
29
13879 22864 20177 13955 6308 30788 4445 16353 10676 13276 14460 26929 16714 7128 7404 15931 23664 27987 24327 26088 31023 11447 8047 17867 28204 20234 28718 1701 26207 
2.262
27
24519 13789 6960 30026 10762 17051 21717 26193 24429 16048 27416 11758 10514 23374 17308 14178 24072 28712 22288 17346 25428 30197 11867 28415 17183 15804 17431 
2.848
35
27941 20241 2239 19985 15596 28053 1468 27603 1188 21005 244 7528 6318 14293 12264 28376 23732 673 17678 21839 1702 30898 11543 22340 10322 23873 28296 31565 22626 27155 12800 10350 29006 2395 15783 
3.088
28
17631 480 30955 21987 21344 20051 26777 20371 11592 24119 15778 6404 25891 20057 22335 18232 27958 9563 25517 2579 25154 21711 2111 20987 28395 28934 2101 15809 
1.964
25
3379 9398 12980 30987 763 9214 9116 1618 30567 27514 28848 25710 31445 21935 28622 6247 30206 26144 19016 27779 21911 29082 13398 3122 18418 
2.388
27
13740 13610 2067 18949 17098 6036 5912 8828 15059 19367 298 15611 8462 12881 9117 22320 3927 25093 29487 10708 29868 8308 16527 3537 6204 3880 12585 
2.587
28
16770 13295 12850 23337 12702 11742 16207 6420 15679 1528 17013 10019 22736 14165 3339 6991 26150 25428 22678 11874 23500 2648 22126 16269 24799 14502 24320 26595 
2.681
26
18073 19375 8499 21003 12196 11867 1947 10188 22560 26280 28933 8192 16503 24463 10586 9086 4506 30124 8436 5268 22203 19627 24378 9241 4438 12842 
1.998
30
14824 2984 30975 22602 19051 6936 21817 3116 4780 21294 23210 1913 2650 20147 16594 28797 3326 18148 9704 29618 27957 15925 6045 22478 13026 28321 29896 13902 307 27826 
2.197
26
29660 2672 16979 6789 24025 3181 4861 6282 9298 12524 30571 14769 21141 21925 2049 14454 25137 6661 19888 30333 23852 11369 27164 4510 6691 13646 
2.385
28
28436 10557 7566 31156 22900 648 19328 2821 1765 9574 17693 1035 13455 26830 13849 25004 11802 15792 6256 12265 7331 5939 23722 22013 2072 31285 9631 31164 
4.157
22
26209 7931 9148 28605 11924 20695 7526 20967 15578 19548 3389 6949 26454 24408 7125 2420 8438 26161 12403 5896 7955 28990 
2.843
28
29289 15332 229 8970 11633 14897 15396 28817 15657 10317 21717 3928 15059 19505 317 20735 2415 19724 18735 1392 17459 1310 11010 12635 13494 16739 4941 23067 
2.067
26
19543 20240 4252 5139 9362 17954 31099 4971 673 14300 20132 28190 11202 12322 11081 677 18205 19305 20459 17091 20800 20361 2695 9682 7542 28045 
3.577
22
28691 11689 31218 3940 19398 25925 21396 19212 10493 24671 12651 8152 26665 15092 17249 20130 3609 11666 13394 20131 7039 31314 
5.068
25
21861 791 4234 19910 26173 28915 24124 27853 24375 22700 17669 8908 26364 20378 9186 25038 6025 14583 16119 7840 14240 26605 742 24774 16914 
1.615
27
18724 2720 13787 12530 29094 23605 9515 4219 17747 3411 17694 12491 29798 7173 5938 11199 18212 16512 12573 15067 5223 8426 25796 3581 13903 4226 25216 
2.167
27
14533 30647 11972 10304 17169 19377 28672 19851 19475 15994 18746 15561 5446 19034 3365 2405 8420 24664 3166 4588 15690 29911 1153 5837 26932 18895 11674 
1.968
27
10330 25045 31382 14953 44 1485 13909 3156 2441 25090 6658 26944 8007 13436 15945 8938 10027 22581 2273 1934 30881 20802 15284 27252 13775 10304 15248 
2.425
23
6162 6824 20166 25279 9699 6876 19014 3638 1965 15431 10484 23181 5747 27355 3050 517 3297 31046 18307 1741 19382 10273 22816 
1.957
26
27316 10964 30404 19582 11435 23078 26748 15541 18105 11544 383 29019 7215 18020 18542 8820 8224 5094 8684 29374 14187 21357 19176 31261 2249 12524 
2.626
31
30111 26055 26315 7431 9621 25876 30177 1473 19462 14739 19103 6341 22574 27663 2329 5482 17153 8349 2130 27039 27359 30062 8563 8102 708 18748 5603 4549 9543 8478 24496 
3.151
33
1057 17029 21905 3310 350 847 9876 29592 24107 16787 14260 6058 1864 25639 4500 10466 2502 22736 2251 17367 9407 1441 8573 22334 10647 1676 6425 9126 20881 10395 18010 5233 18810 
2.357
28
3837 17743 3158 18690 6033 20882 10671 29341 13905 17001 10357 1329 4414 30620 17273 26110 6061 13042 29278 26798 14879 7036 23259 10447 21299 24068 2079 27551 
3.55
26
13038 21529 321 24909 18846 19353 9637 12550 22986 3791 29374 9185 1810 2680 19472 12645 5676 27342 3698 28497 28553 31115 1655 16993 14015 17578 
3.002
32
26874 2171 2475 8775 8035 12261 27268 22794 7752 666 23862 18355 15041 2693 16039 7623 20210 19969 4346 20602 29021 23126 23578 24219 29829 7696 26364 3722 6173 17711 16076 19130 
2.1
25
31233 18512 8329 12579 4003 15927 25810 6397 26110 161 1767 29095 22132 11331 27913 9014 11641 21881 25172 14898 29836 17164 26241 10000 30294 
2.225
32
9987 22336 12221 21140 1482 2214 16191 10195 22887 102 127 7946 30122 5129 24895 13016 15685 7640 2345 21433 7861 16036 20961 17877 15384 21005 18752 26104 13282 15770 25913 18221 
2.071
25
12933 11566 10912 28177 9099 9760 279 267 22007 10936 19140 20381 15801 23809 5501 23164 17997 12048 4091 7980 3228 5870 10937 7325 12958 
2.871
31
9439 7747 24728 6165 2344 21902 5791 19829 29175 11552 18556 29685 30372 4854 29623 7234 23717 18342 16940 31535 11822 3193 2764 13122 16246 12369 23122 10013 21681 17868 29058 
2.992
21
3154 3569 13571 178 28837 12283 16863 2301 22677 24453 27096 8331 28389 2939 25692 23043 23106 31556 23520 10745 12219 
2.83
18
10213 5967 29346 29471 30843 12896 6182 29704 783 13197 29788 17832 2818 25639 17525 10276 23351 29419 
3.34
27
24188 19767 27422 14020 30486 10924 15667 27486 30543 11313 2232 21500 14952 19488 9185 12533 7124 5487 8003 5186 4925 16942 28733 7436 17349 29406 28223 
1.726
24
17191 30560 5699 8263 27221 13892 9172 11129 18556 4182 11927 24901 23854 16909 15199 26221 28218 16333 23783 22024 17938 26722 4386 22590 
2.538
24
22460 9753 12634 557 14373 13343 14489 14597 29325 19372 16595 17858 2861 12209 30871 26927 1066 20279 19658 25982 19304 28638 162 22980 
2.164
24
25761 9834 15364 19544 17947 18566 7055 28054 2414 28949 27616 16868 25980 24428 25576 11195 1257 28211 28464 1636 28524 5121 18746 20407 
3.832
25
10524 26781 5729 19811 15568 30692 2125 29342 2467 8664 4593 8066 14177 16531 21571 2174 6969 9677 28223 8874 31452 10436 28567 18289 19109 
3.055
