46
144478 201234 207724 228278 250765 69912 179762 267420 102048 66403 246954 110179 65458 262125 293106 226240 249605 286748 145068 298643 310382 147410 245686 115574 124402 200498 283148 246209 247735 231505 134907 171898 177491 38590 137097 257363 167659 227194 251473 200603 279801 153866 96969 39226 46452 205506 
33.136
55
205909 43258 61182 27325 166202 280634 279433 272865 210753 145227 77098 229623 170031 262743 227446 171154 169612 222944 235134 296140 96451 141875 58470 310223 207070 265464 272766 97674 7269 39519 25258 35681 250254 178001 99289 115649 131332 186556 274812 37109 239873 182153 12195 297418 310561 219126 80064 75531 236043 157456 10736 296724 251439 129930 163637 
31.093
43
146370 300632 70224 113782 107304 131393 269781 242255 273038 173238 35364 193401 3120 113528 127635 81283 121452 314031 152641 97220 105569 220795 151904 247195 229929 30747 304560 145664 269256 191807 93815 224117 156228 21305 256450 231197 43742 222060 4834 40692 248555 80276 314234 
33.576
48
171745 171397 215493 72591 181599 48866 46545 259332 19488 186006 4842 274378 292511 7746 162137 249836 235680 136929 95367 186159 84753 162910 182104 53371 101637 211902 57257 313471 193332 244368 133485 231877 254109 172139 261372 223150 66543 297325 283624 43284 117830 77143 55065 8187 291214 20510 103249 264472 
35.176
50
31915 119332 43361 196038 160586 176910 210697 80250 56190 188251 10850 62035 53648 435 136522 118986 243920 185571 293958 1363 65339 32192 24484 129644 26136 260317 49213 314995 265834 314578 77078 92257 181690 204927 137513 9379 114084 147932 305968 208627 19406 92260 177609 183074 282739 36641 243628 60850 15365 291308 
36.293
40
136313 103420 146916 301951 208899 198962 168622 309041 5465 151549 196543 45253 271042 259816 132513 292006 275937 285103 138076 67755 287361 191656 175222 80243 246296 269968 282360 134756 96752 89187 315236 250990 37068 54290 147784 81631 192190 239619 35687 52965 
36.75
42
12928 44728 57069 74859 140235 115662 287040 52700 303880 282168 135458 315431 182134 95731 25975 91520 187919 225714 95351 172056 46422 77693 60591 180578 14932 130457 151890 251155 89216 188263 294539 159545 115485 27727 106267 43661 117491 200471 21775 308720 277409 306611 
33.866
55
211330 43142 37607 18536 40878 175004 309761 209660 73260 220823 105819 3228 33766 174922 293552 173024 204558 178570 138458 257182 236337 195239 133313 226236 293367 185129 1770 164484 116971 166606 104973 310966 304369 232551 3381 243087 102215 22533 221708 142333 80632 86338 247238 155335 119063 189585 133754 184603 124092 89461 29364 63279 208048 246505 295980 
34.635
48
87229 301661 151966 102144 299699 233935 192975 215573 77271 32792 98610 292147 187667 294572 247341 144905 55269 207906 292897 33937 133093 127110 132029 131334 145473 28138 267528 44622 139294 185660 88359 101746 87637 182495 107584 7099 128991 12082 25974 155768 2544 123746 119445 297215 298234 20897 124077 166530 
33.505
41
206150 41624 47510 202111 42766 166671 152189 189224 204871 122160 307995 75785 215974 55358 238728 220469 449 145588 271342 82631 24990 251197 112400 47090 189702 238508 275888 124562 188037 66426 280799 92946 60322 133845 202064 203200 284258 26668 212911 75513 306780 
34.071
38
95598 248859 246378 77557 150714 100493 224282 122798 263643 18575 167310 56026 124350 186797 53669 179634 98485 47058 228850 149500 199836 88340 93412 7824 46703 54847 126162 87817 181642 297798 313932 18420 91844 314481 223168 265233 13210 74051 
39.547
35
224750 287832 95304 53131 241074 153212 84873 117096 167595 292646 144574 207297 99958 172752 173572 226466 61715 143952 22088 4231 13166 233795 210377 259766 67349 265878 149854 207084 231477 314912 243280 129012 275839 71455 267305 
32.122
35
48636 165257 165051 224082 43689 121836 183236 162727 311856 291840 78164 21021 13729 4128 153208 259443 242132 167138 215190 257782 312142 199384 199178 114925 114466 249630 186852 305483 57967 244477 222863 240231 23505 102940 171411 
38.435
41
94459 172141 245007 26381 178287 229261 242323 214138 119519 192896 181406 269153 200254 315453 83096 3189 29260 99948 269004 73769 88557 271660 184904 43382 120877 131535 216961 41445 258609 46358 148569 148767 46970 301985 190541 288550 165849 32937 163104 19179 103521 
33.219
50
75950 31223 174790 117802 287591 228015 56213 82864 164958 183300 106584 61927 137319 256853 75423 166326 284029 4502 107759 261071 201288 307540 249083 291471 310456 68801 185041 248183 126834 143329 229894 253677 178532 185918 16587 85655 156232 208718 219757 270321 249980 308221 261470 23464 241396 107085 43250 268303 78599 158460 
35.105
41
199026 130698 160312 214288 238310 205984 79415 81883 62263 284332 210631 177596 50636 168276 59430 125548 249102 314499 121791 146348 304614 115430 222986 119554 143850 122369 14671 64168 103728 253164 231975 285851 116121 74214 173062 107885 92214 52454 166961 149013 197942 
38.301
45
204577 263561 104546 234927 304239 98163 231869 214266 265999 244679 70935 143986 62817 244214 104562 173250 125612 333 242608 99251 266427 254249 8272 186161 113522 170556 291260 183067 300025 261226 59748 215879 88137 296706 308342 186094 288222 300366 133005 21773 187925 235209 33124 40231 282453 
33.297
37
75444 40675 65510 47822 232683 200346 151800 29298 307932 94629 155525 22758 118798 123150 50996 196699 272487 285814 117357 229944 246167 259712 248535 296774 138792 257324 260458 110692 222243 52424 201637 93180 220307 280022 197736 74704 207977 
37.164
47
213578 115216 144030 31338 217547 259047 50789 73289 14966 286382 240631 155328 109936 32842 103056 75889 101958 120362 276310 89238 20416 32503 167189 304657 181406 270578 100128 186081 65654 133473 77012 268424 241730 109784 119641 103288 208753 281052 43079 72256 293351 20951 159308 168820 213089 144234 173631 
32.583
45
204487 66062 101523 185901 22292 254410 274136 296888 188996 124282 25740 82097 303178 172150 120155 38488 279206 129962 304809 3883 132423 239597 2771 171496 168245 124069 44778 26476 35941 272287 205598 313771 153293 130653 200740 273032 46021 162046 75081 275484 165039 42176 272631 201480 243751 
34.184
42
109308 53156 104787 171197 77045 275503 288671 305207 17959 158717 72423 299272 39174 309982 194474 128336 192716 120218 237176 273695 234212 240624 184509 210271 291299 25036 11800 97489 234139 239173 10181 17651 275427 110323 20125 251585 124606 175118 114347 211093 130201 267694 
34.869
40
166680 96841 34733 281784 17338 248275 128926 80658 261330 172028 26913 293981 239609 115079 3745 58416 126148 114483 116568 303069 39912 67238 38236 28108 96466 37063 77959 123426 140984 12298 173307 248076 49689 155527 890 32124 191936 167433 197020 240926 
34.732
42
66566 56109 55638 180344 144410 112832 30551 276190 217970 177836 20594 287775 223405 138645 288970 261284 297486 118486 51909 133269 11863 11356 305558 47863 180064 117265 251432 233963 268189 61985 24017 57023 113038 26515 236598 94309 266266 310217 81550 267101 235542 273247 
35.963
44
155739 262157 253529 199073 310400 282725 245616 4439 178557 136038 94488 247671 309428 115454 205933 233783 62747 229628 249728 173680 248682 262464 159570 107882 43532 266269 180561 181173 96645 38863 167553 60667 284561 50966 280356 116969 222241 211505 44673 43762 245316 137313 163536 189157 
34.401
37
34614 130888 247855 58512 17454 126431 259848 39758 223482 36434 128850 170128 290507 2600 157365 9704 293734 163212 105256 90123 115279 9596 180867 291858 233572 6045 186443 42977 160503 261199 190276 120523 158418 148217 151322 180029 275448 
31.69
47
293277 160815 203247 168913 212347 226247 205975 202502 87082 194364 21638 54721 46216 252720 127200 249665 25747 115062 146797 40473 84224 43922 235205 120822 273082 237814 28971 158373 110792 159456 183525 163136 38745 159585 59147 96916 52705 195939 199212 128117 251286 281649 288714 124201 252071 106067 111391 
29.905
46
159640 82901 165582 226744 171322 245867 254769 162369 144860 233214 221422 79165 99501 181768 286074 260027 215687 250434 67525 188483 28141 220384 274643 139751 7034 235782 62632 185182 201578 263340 269053 32728 243944 134375 105925 260595 295123 141596 117249 111631 204687 19229 129249 54007 46631 155052 
37.406
35
252622 209323 235666 283797 237758 2472 21567 136173 244052 256970 186167 257067 231877 147620 223009 176040 211225 223493 275921 62923 34735 192148 135605 240860 265210 105657 249605 33481 164069 50480 20884 89088 42002 57682 247952 
47.878
50
59627 72032 16316 176563 165357 213546 285063 184975 272818 123842 47432 67636 10609 182680 240359 304333 16997 228746 269693 112811 125604 110197 210327 10655 24990 241917 120053 222146 5810 231665 41793 272421 208193 250095 167552 135945 12932 56133 275229 119606 41128 238181 165221 240616 197601 4488 103694 255385 205444 213347 
34.111
39
18772 299615 67796 229785 265175 244873 82846 3357 233504 98379 143563 273226 135260 96449 311162 300458 98464 80188 24761 86669 68621 307031 42321 225612 75668 297506 47716 2706 40499 42552 20793 53315 302985 182763 214939 217550 98851 178189 179231 
33.528
33
254834 54873 188590 288656 57904 291194 138484 15502 35630 204691 113620 72115 75899 192728 84362 60280 76135 194857 112684 189547 101906 237434 6074 140808 141500 259114 22535 9145 195460 236203 66030 44139 110710 
31.938
48
272927 187077 55827 161837 123069 89503 72462 84230 241048 206698 81800 21978 221783 292039 138634 8093 253546 172078 106818 10032 253260 53552 112498 147435 85858 115359 267689 36081 213176 73364 209644 165326 212962 174776 124845 236546 153564 261583 214733 23789 181138 143793 187063 165439 283793 200286 88675 194820 
36.504
44
32333 133404 229610 306863 113418 224467 23070 158814 181179 74246 80909 162472 255868 47983 48 288830 190332 277893 56100 108113 124574 28066 76266 227517 269497 109615 218542 130976 166161 42670 294262 80756 138298 202693 23487 155111 177222 48349 160247 12318 38849 124098 90375 239247 
35.221
41
2910 171851 18032 134360 216568 235020 61260 21595 5998 158299 308721 180754 141451 277867 127398 8558 247392 71320 45388 217489 129068 244842 143932 303706 241156 138783 226853 61921 46895 15576 177461 237156 193392 63103 33165 195328 49498 100985 124284 40107 277509 
32.687
40
220118 217713 263418 58194 200729 68437 268083 105601 116653 289706 62494 112839 2469 252082 285019 154627 155058 11051 295852 187260 49374 150877 271125 66089 13546 107897 21617 276236 34997 65580 242705 196121 307058 242261 177918 314733 191204 114132 75652 222821 
33.784
38
34125 205920 293334 109571 101206 110522 297776 199559 282693 137883 81345 290366 87673 288814 242716 236255 56353 125325 52681 194749 4980 79070 61251 183096 29222 311930 45051 298677 106055 74352 305472 229837 123019 74195 46463 268674 3239 214444 
31.704
36
37455 254127 108682 309461 260618 247327 223262 257375 264198 295598 203301 306955 56904 283034 68429 29068 77260 239804 165991 74283 264316 225505 78829 101183 161596 274728 174656 35039 7093 37476 682 212638 29587 291011 97449 255310 
34.962
40
163683 146265 283930 74030 32753 226496 84843 219622 105300 116901 91310 145375 168549 301241 110428 130612 286298 118947 308429 102003 196103 140611 132645 182620 237509 204421 131244 245791 242484 128483 53615 248061 135939 143478 153892 239597 20643 146652 6585 123863 
31.962
38
312293 242501 257594 22944 67704 184075 273459 43204 253111 176355 139569 196168 276100 123066 73824 128055 116323 99999 315287 283852 39956 272133 178706 237259 200130 206601 175806 223205 128710 298066 51455 165391 281924 178186 203138 45066 16985 56846 
35.74
43
65881 181506 223391 31741 193118 20738 53998 192307 136672 166262 275350 208555 52816 141391 291826 242549 215997 95557 282637 76898 173271 90060 177040 42141 45935 130041 202988 281761 14418 261459 249191 152135 312034 305119 255139 205729 19395 117108 236555 216045 29401 32440 80937 
39.275
40
288288 112273 21044 295670 82009 197698 118979 81760 47804 168219 219804 12783 305592 230782 167198 274352 224812 219943 274416 79407 159138 288659 286012 42717 52242 49630 58752 87097 233724 95779 168878 114325 138132 304548 77419 237040 235569 115823 28515 95298 
36.801
39
39087 291765 24644 25780 148118 69487 151897 80207 271213 219744 48212 161888 6267 285427 226447 23705 303420 5704 112496 299746 246837 255134 129148 274487 191767 22520 88082 39327 204535 129828 74984 156229 60007 58277 186022 163618 106062 60193 251495 
32.201
48
17737 145808 267896 159600 95162 157030 83666 129480 289618 55175 96438 87127 41078 255388 134597 8067 270031 270184 89936 129698 296669 77428 138660 128817 248658 130326 277448 262743 272211 201408 294788 15337 272857 311436 73279 246569 73905 311758 266298 244149 106808 295024 74681 238962 110056 235578 113846 260169 
38.035
52
291160 241191 233162 26720 160704 6422 155974 157462 237413 34209 284184 163729 83171 262521 243349 199426 205516 111457 135985 9718 20834 266618 3203 56535 277039 117783 96246 79681 11665 302254 30097 301370 164542 147238 31815 13745 270374 221939 58696 137870 313441 53453 293377 148948 131641 28616 106698 241631 182111 224549 33590 71256 
36.311
58
10378 118238 66375 38192 179530 125034 284605 304569 169772 223538 282422 214460 271222 66861 234657 69209 158839 234561 226516 268762 295967 192264 91536 25663 205357 213180 93643 261640 180293 85801 50091 215892 129507 26919 84937 291377 88787 129501 293882 198990 233233 46839 191311 48169 137283 179602 277072 264271 138004 140215 103901 232606 141339 190468 213133 33665 168383 201093 
31.496
45
88515 105104 195941 88978 109786 209738 217151 289138 62103 204489 36265 101141 17151 39715 277784 278886 61868 168885 182527 137393 310274 251099 144616 94880 299015 65147 115155 109213 167847 262059 187957 154189 124431 89791 159639 61743 106789 54104 158579 64361 46598 108220 22464 217649 221509 
31.669
48
236438 32700 246971 192710 37775 267912 175814 184225 132626 116129 108873 256756 135118 182230 294801 310604 70952 115364 20085 201827 314165 222331 58393 86600 99975 249454 43373 93200 251091 68907 45158 289726 43244 155213 155310 129356 178788 62438 25479 97785 59050 263022 108443 181849 45467 209509 213698 297746 
34.313
41
274483 7512 263524 142079 106077 152142 86305 68141 289974 291574 250852 253864 223678 202339 293119 298791 246149 162734 278694 53886 64165 240950 257660 44910 243701 249298 296311 212654 176779 246339 196327 168677 134612 74600 170980 58928 72830 111162 297385 19734 232617 
34.514
46
233068 269060 260934 295640 258505 35679 70119 131282 246100 176344 56825 156025 78084 76410 35044 13934 252336 227853 169725 178505 17082 232179 170881 170246 302956 176693 116140 38493 293510 121390 185160 144030 57667 156499 63540 84524 232148 187168 238635 310509 66128 165636 185001 174669 132073 179241 
31.881
51
252542 285655 183342 277628 262597 137469 241685 73170 284412 91316 243672 240946 112239 18331 172216 190640 146759 265694 235858 163953 29169 110257 33747 120395 181688 50418 315309 237105 268832 301791 83432 5126 44884 282345 181850 274693 23779 195950 23459 85462 190825 314357 141380 239817 169499 287583 154892 58938 66664 131321 227698 
32.477
45
169374 242859 90339 86500 211560 33101 1741 263781 137754 145311 153402 35840 95467 10227 219432 177078 62721 253134 170099 161482 148542 271644 58820 99396 144478 204613 245393 162798 37099 69745 12881 131432 227807 45383 98120 112234 119799 144639 44433 269893 149190 238746 39472 102017 218123 
33.688
34
44224 48236 221390 285227 129653 264878 218230 76185 145108 129883 115879 244071 188033 289503 147032 14298 220752 301957 197217 220678 30246 73554 130559 12340 237822 107610 315522 302371 301973 86552 273806 154784 156482 203802 
38.676
45
197609 21568 273079 52495 245504 184823 208159 138175 26164 230166 165267 67371 103002 25198 312622 158191 22042 53417 154798 254471 127590 177887 103753 68038 309464 259322 185545 196981 271081 188283 218863 298810 122600 204066 29054 297691 248553 15917 33420 33822 90392 236945 249329 84241 198719 
31.541
43
193322 43496 41372 306866 81696 185060 50677 220257 275491 110764 5590 11935 248593 30100 167490 80373 130332 222803 306653 50187 124209 200340 199009 77755 212713 276341 6332 100009 70202 223690 128337 207522 152428 39133 230255 2073 124848 256224 199099 133975 227541 24537 142607 
34.993
41
101972 156734 113983 309737 56059 72921 68447 59130 206201 133048 92896 60414 217614 55106 198354 116547 247904 159449 65118 2675 169709 288919 176368 286568 239856 290881 161555 184458 31692 285476 132302 180414 116469 11212 9765 141020 254442 43795 132301 18756 165925 
30.196
38
142612 141325 311321 52659 57736 212893 89829 117358 81000 447 272317 211627 24107 42400 122079 193207 79718 118732 93506 22155 116548 162576 241673 164779 95491 47776 89156 221794 155017 259867 50443 156798 41046 297113 103518 67103 148874 67943 
30.25
47
74883 185720 46528 286615 67638 310423 127069 87974 223099 4089 192955 34572 93937 114771 232835 259388 118880 79574 38032 267372 169128 308202 249793 138528 158075 55587 164586 131246 155262 140091 116538 70963 164039 87858 20716 108896 222863 225697 301824 127348 39101 88565 22110 86247 200552 77689 220420 
42.126
42
313889 136126 94783 231793 97311 112418 293799 244011 234464 203774 271381 169653 192388 31438 194601 157677 118542 161717 106429 74910 209167 100882 260760 166490 201040 6815 123670 12918 286748 66637 263339 223031 38559 193378 220248 263830 240360 107894 239524 181615 99481 278480 
41.027
42
303369 256733 79682 165507 152591 72940 169067 237970 189027 273780 261880 89439 75385 105435 257699 216039 16799 100170 293784 168139 53571 284259 119005 272393 59501 252297 5895 61959 235039 220692 202308 256825 63039 156830 4575 92278 236446 23333 226487 273652 8075 43166 
34.504
40
30067 290750 49696 178735 1773 237323 226235 179505 32763 129586 214315 101257 66968 205673 19519 59345 314729 209379 189813 292088 3625 56833 227817 69234 197912 264177 301812 176401 219811 81735 70995 287906 24867 168024 203282 301204 101519 30463 139026 233301 
33.256
41
282833 86238 125680 69795 10789 44368 280000 13141 313401 207361 267775 65073 98978 152808 237406 307645 225895 268783 152976 152379 205027 49627 267822 165626 93438 16714 257704 68173 86946 315548 137736 261676 128940 181360 191625 266164 116079 289087 111726 227254 244543 
43.234
41
79945 291284 84299 30745 82055 61420 35608 137494 145034 132651 126518 242730 221174 301235 300256 54996 47549 153465 301137 258736 142359 298252 147267 219610 169604 266790 12962 253325 146307 34623 24229 278631 154647 308314 274486 51072 236009 315327 152717 25899 196567 
34.189
43
263231 60944 315242 208550 242666 25780 205643 41560 265593 166768 296115 222727 235432 196068 117467 155905 309082 45944 287589 61779 305064 130760 274728 58862 3077 11165 137372 138913 138669 215479 280117 3283 81148 74563 120892 267759 9711 53262 216519 155235 309837 52333 72637 
36.832
48
127908 33871 99568 224750 149010 274829 151984 286424 77615 99147 259962 312455 200818 95613 19386 134167 140880 246525 315913 265290 207461 54936 156653 241783 78019 151009 1058 149145 113202 215934 94913 249524 153914 194613 129564 265273 22377 125809 266549 63956 22970 288493 125150 1837 11399 122262 176031 245305 
39.396
41
4691 218739 27015 242373 28617 222266 233099 236821 285747 260445 211932 286042 211718 78535 194021 169571 87890 142298 47814 13557 228920 164322 172817 292963 181320 224909 281104 162637 21635 181153 306247 145167 31156 106355 203940 147370 311705 281365 248507 55948 219764 
33.31
45
3133 82757 53738 274852 158321 91247 110305 258171 277640 7743 40791 228592 201519 173270 107687 158700 202186 253298 17397 253829 5175 194540 115387 60736 273216 157820 186300 255709 152849 152989 230442 298234 76532 258296 157220 1624 137046 90820 237864 55365 42462 50856 304178 6509 266170 
31.788
39
239135 6125 30035 32855 311012 349 261353 116741 14625 261504 240428 197437 280532 289414 105182 52156 294266 3885 181582 171400 41806 223225 129200 38120 72831 65782 23125 105781 241547 197894 38099 273457 37315 290973 58209 296007 313074 141673 270740 
35.648
39
28533 26043 43273 215238 267363 50637 247509 211191 276708 219588 12990 301260 117964 310120 139052 177119 8767 100642 261605 295855 18019 243474 74193 170295 304988 207825 237497 19437 275129 155485 51955 239035 34536 62271 226469 58907 51558 152157 294616 
30.384
40
173303 65265 27267 44911 193948 39371 227792 56525 231555 143587 194196 213892 249015 148555 65123 10615 92495 141562 169736 31697 133047 232550 161799 53123 158820 138354 280684 267273 263800 246577 210925 11007 32781 117758 60339 117471 52255 212221 100761 239373 
38.123
44
166057 296093 77188 247269 207479 171584 165174 296984 130874 107041 160779 160206 199193 108679 252980 159802 54181 136687 21057 37872 90549 310322 6869 284027 225330 58484 84260 140393 293104 214796 74504 114316 99368 74453 181067 277596 252956 152355 252151 161032 125132 176501 49682 162300 
36.785
43
35728 259633 260832 16364 162550 273406 273242 231309 229778 21022 19046 145978 1874 284775 303216 198458 153811 233420 82203 36660 141044 205389 252132 186260 50656 223695 3365 162419 294530 118146 165094 174142 70816 166313 260540 177316 200719 184339 56045 268352 195030 38153 43318 
32.849
46
266604 121715 90264 239782 210735 162952 70645 120575 127133 75547 68424 225388 23620 131044 143331 275054 243338 195250 225258 312953 315739 102501 61384 305777 76769 72743 313857 75975 191743 169252 168832 86778 162874 143035 123988 263465 33775 306580 175339 103956 17230 234601 183279 156581 26216 217049 
29.352
44
133606 109549 254266 212699 288976 251275 273033 68621 231738 267093 160394 146068 299137 262161 222527 81861 272386 96059 192918 284579 64350 83574 230178 77025 145682 264477 254470 991 300287 130139 110348 293824 44971 279603 265313 90433 91893 189330 32754 129050 277435 122611 37388 278176 
31.481
45
178878 76394 115894 132057 89637 196519 16931 294637 40679 214303 255015 238330 50697 95206 10097 315829 82992 57761 197793 285848 125077 158425 168556 295458 258072 42822 119038 32437 170594 63777 179503 155776 313763 310868 38589 126822 76312 6809 275754 105708 94465 34793 167668 212752 247245 
35.482
46
265513 301597 1634 274203 304836 120644 128859 23762 4231 266379 146441 100312 297012 51071 298681 155396 246477 22421 92320 264582 227303 234292 159503 280253 315455 92434 248495 137014 232061 128450 67036 116649 194613 78194 161454 11385 101212 46165 222465 78291 253567 189703 86694 199474 94621 203345 
35.706
38
160305 286003 73421 225410 125379 137427 286191 310548 23321 138868 7854 87567 76881 313709 271771 246160 151310 280263 299356 86312 305187 259027 234084 274076 90799 239283 270602 195854 251439 174496 120253 12478 125218 303551 105934 307707 240112 262649 
30.211
38
82750 164768 179741 136373 3520 27172 299003 115876 219778 243625 176736 55127 30697 32940 168010 45431 43151 203118 145702 133745 292750 61247 27174 204254 178466 30942 149033 18297 220274 197310 213997 82280 298071 124487 180851 182260 4925 37583 
37.182
38
105593 267339 310480 111826 209165 56993 31644 55699 295216 190361 306259 4280 8603 156254 87034 91478 31933 70819 258181 167331 118618 52009 262172 40033 81113 247161 282977 1750 113531 138651 178672 278909 220293 12369 18343 88779 229198 246284 
39.091
46
176396 236040 53393 263614 65127 111242 6032 250593 129132 264503 121064 84785 304645 140222 76014 280253 248341 87321 188395 37099 183423 275976 91482 5283 269000 82462 139166 261494 165343 113244 181397 136324 28963 98964 283420 230869 165874 161555 292059 85201 286050 229851 306739 248496 230 225994 
31.639
37
285274 55297 72765 311223 93543 38018 95635 102860 310512 281749 127678 180910 66481 253880 308382 63162 98245 123781 6076 109766 192747 6191 230365 51735 209130 71628 67034 209009 313019 312735 260640 281654 117257 133248 7235 157911 259297 
39.007
45
256100 293887 4250 79839 174339 287879 153754 186252 34125 107455 274006 139921 245403 306331 194233 313920 306683 209745 312866 313197 41595 56395 298513 237570 137902 125697 315742 66159 35321 217233 13311 39145 284928 20740 264247 181516 290362 112578 95331 7298 167799 115053 235047 1890 32198 
35.739
54
298406 197815 269508 40230 147219 203914 9326 145348 10264 272428 160710 278653 293341 205485 302317 22458 110834 243084 198711 156311 107820 264758 84881 227348 179451 150586 30600 149931 109323 89188 243068 112961 10635 277926 93631 173614 156170 119681 296017 226716 141970 191778 98588 121066 132495 76959 192943 45002 216191 12719 76277 227669 68802 197789 
31.577
40
149710 268117 287152 65529 103069 207922 42071 227637 155359 17811 210422 96836 298183 283956 148805 255997 132844 139088 291157 28868 178680 297483 117208 203700 314257 251692 46890 23841 68685 29452 292477 117112 26914 179775 309220 228620 14082 19758 81493 174808 
35.853
52
16982 288426 117190 127088 86557 250067 47644 60104 154414 283883 128009 56926 278234 197810 220029 299519 49755 173459 155499 86414 277665 71282 188601 77562 242265 167460 153079 40280 235567 159932 299423 67088 307734 47835 124795 95677 289176 120676 65789 313339 20744 82381 310000 189735 70882 800 67705 21091 275628 158770 264287 306691 
33.114
46
151087 92131 291711 309483 1304 95606 308859 275229 52770 120059 59092 257968 33331 210694 145222 116811 229832 89632 183871 7322 70983 296432 54479 165800 58233 29823 222285 187415 118799 60668 185267 119839 122737 118247 274193 159236 54915 111942 173542 192578 102709 12912 145066 128474 125607 246581 
34.185
48
245204 242470 250978 272212 73883 290476 96165 191281 238480 34956 15959 104117 252312 9242 215799 62345 263526 57111 246997 72516 213990 84028 118631 60645 314881 199842 10589 91974 125614 300227 57274 150758 10599 195820 215849 26073 264779 122188 188387 77045 180235 193655 163787 133684 294131 86567 171525 311064 
41.93
35
47326 73053 19701 156759 102684 143986 298946 116383 169878 48017 237005 275708 28084 194400 115813 154638 207294 307340 105087 259069 64552 60731 222815 314548 236352 41514 122632 133372 16147 229902 197553 160985 200285 71504 134811 
35.213
41
169731 11439 251096 297110 86983 41723 251277 176621 11386 309841 83364 254238 245267 8352 105767 256046 161247 60882 103715 53850 287679 50489 234458 261101 36597 2582 124525 250861 121812 63291 169792 62139 60698 179995 256739 241733 136339 105519 153128 132002 281752 
35.827
49
231193 202657 61081 170660 148543 2335 113440 159940 167688 51371 254499 17578 201205 244730 228209 81454 125187 214199 191 262161 236051 248411 90146 314737 124490 289437 104886 138028 158150 29040 269364 43399 280390 64444 120699 163465 229898 276735 257293 245896 151526 117819 201210 152006 216424 289331 152615 134792 276482 
35.875
37
6570 300270 23379 47201 124915 250815 3607 140700 89351 74349 91606 54649 96023 83871 38861 178989 11077 262251 45757 183931 301808 172556 26387 141852 121617 9244 176420 283678 289709 171345 258535 71793 28962 173699 185258 28960 191638 
36.16
43
199355 71849 134360 159565 189731 74761 53128 222493 49485 253458 129878 164881 200081 133590 12488 303127 256840 139098 96380 158792 156476 35849 190336 279537 199639 124476 104608 19574 276289 49585 103081 29710 162472 176261 6122 302414 127205 256462 209591 167546 6421 68285 261025 
31.898
39
269154 116016 313237 229453 277259 107540 82571 188804 227997 14277 69833 224060 310482 186605 83918 305632 227383 100997 206261 203014 119747 239733 95475 77007 58906 265576 271396 150884 76808 69078 299427 224610 218120 296001 25511 45716 287813 287151 308987 
30.068
40
242519 38007 63629 2905 73327 189239 72652 29214 47510 128349 228215 273374 253148 110240 139477 62322 296118 248378 11867 36403 14125 283484 306099 281739 117022 297192 284590 281674 251769 165183 299820 162993 267394 155882 294144 122397 26419 104280 203328 217996 
44.442
47
111356 82974 198319 55935 112921 185559 311992 235654 168524 33303 286409 119422 120835 39306 64870 76183 29592 135531 107712 53531 288520 129763 27050 108602 236739 66383 150593 289386 39219 236416 23416 219473 189438 80767 194669 290039 107963 137605 309512 311874 283328 59463 49094 229796 292561 48056 242313 
30.827
39
133397 169482 282288 152819 306503 305250 226052 22545 117894 282712 177664 152993 74400 135372 7640 89945 16080 20895 259705 107228 263226 278221 140592 139960 187953 286930 236499 94071 145325 151584 312625 194288 13179 185291 191250 35130 301943 1343 90975 
32.21
39
257493 287320 216629 231037 66373 116 84991 279867 34542 295125 34625 17647 2667 73378 99975 210866 181500 258419 24676 190367 249774 139410 116115 171784 204564 187275 253163 192200 235535 151998 227681 74374 18369 80067 303680 269229 16016 205262 262707 
36.515
42
205897 241510 126190 118928 292699 216249 204767 70733 117919 37450 65603 58418 251148 199028 249782 206352 41590 123186 188374 288227 14836 261319 275999 39852 173460 97672 68120 186841 276701 229352 14088 212157 287282 95809 211779 186103 42212 108557 39566 185741 62601 155409 
32.72
42
290307 279807 279800 165077 270029 219075 273162 99566 256218 70829 75143 239239 167410 127987 223161 228355 139946 50778 19246 232052 289870 26215 53780 111942 25317 92812 60790 105122 193889 51831 236178 187776 287755 256113 205840 29956 278206 290701 309578 234871 143189 201853 
35.518
38
314593 18755 73589 54414 10349 115455 63699 199369 129482 29220 115560 230041 121170 170878 200285 235166 219620 209257 128127 200590 46402 296121 198508 253379 220557 72480 203464 24640 32546 160084 156714 274269 26181 138270 117057 61457 60232 268099 
36.692
35
187026 129021 27541 52671 43155 146032 220178 197962 166649 132341 66063 67084 76598 230957 75495 203252 93664 165764 107717 257693 226734 10278 198387 14314 315474 261621 144876 278621 87683 130424 113521 35082 146732 16934 206022 
31.654
