12
194 142 10 225 19 233 23 300 212 209 88 278 
0.575
16
230 244 62 127 187 87 218 207 226 304 285 286 231 282 126 262 
1.482
9
273 135 297 313 5 50 97 102 253 
0.773
11
238 190 289 132 250 98 169 270 227 92 251 
0.542
12
42 26 254 20 131 36 141 153 44 224 102 266 
0.48
10
6 216 194 102 205 262 57 86 146 260 
0.798
8
40 179 9 150 88 304 216 170 
0.432
10
306 239 243 25 140 187 148 202 27 189 
0.916
13
110 29 31 265 256 295 35 10 36 177 279 162 23 
0.023
11
32 90 142 2 97 133 144 188 235 15 229 
1.265
11
122 135 264 290 79 273 256 250 191 60 220 
0.663
13
221 219 2 33 200 164 171 189 275 287 256 141 298 
1.141
10
115 129 266 269 102 288 292 35 111 312 
0.902
14
314 205 176 42 156 32 58 9 160 117 144 147 119 180 
1.539
11
173 49 203 308 25 88 176 246 20 228 232 
0.745
10
277 107 289 65 31 171 184 196 42 219 
1.324
9
35 47 163 65 45 80 210 36 133 
0.692
9
220 60 139 165 232 209 270 45 306 
1.029
11
51 312 135 59 269 288 34 111 196 175 253 
0.923
16
161 28 72 221 160 25 82 102 131 79 157 275 1 314 67 76 
0.024
8
243 72 201 69 232 251 65 207 
0.974
11
193 81 225 63 96 315 155 269 107 58 125 
1.179
11
151 170 178 220 303 55 314 296 218 21 234 
1.482
16
72 77 112 98 143 236 183 268 189 233 178 210 126 59 255 292 
1.601
13
92 279 93 133 136 185 138 269 13 20 202 6 261 
1.793
13
33 310 239 102 28 149 108 178 12 120 130 148 284 
0.576
11
21 164 235 92 287 80 278 267 216 173 252 
0.99
11
95 150 35 12 167 293 276 315 141 78 296 
0.71
10
287 199 185 44 56 93 38 273 50 116 
0.365
12
196 206 109 308 266 305 250 186 200 139 227 1 
0.024
8
57 5 262 203 50 233 301 45 
0.022
15
274 30 306 155 207 219 104 156 172 35 51 138 229 39 233 
1.048
13
77 125 268 33 66 158 25 67 190 140 238 99 144 
0.958
11
8 170 195 278 299 135 266 254 138 207 222 
1.084
8
200 171 314 210 215 253 16 166 
0.284
9
10 70 133 161 14 256 72 8 188 
0.929
10
288 152 11 132 88 112 12 227 74 248 
0.225
10
98 138 196 233 142 109 232 28 30 315 
0.482
11
108 201 105 180 15 118 179 288 212 20 144 
1.416
10
253 28 80 95 58 104 243 314 173 269 
1.544
11
11 31 178 123 143 73 228 98 296 122 148 
0.979
11
78 88 299 84 6 107 164 147 302 91 245 
0.444
10
178 160 241 102 205 215 91 298 249 260 
0.178
14
84 109 194 154 237 130 262 93 139 125 37 123 10 178 
0.095
14
101 186 32 67 138 127 91 98 202 140 134 298 29 118 
1.556
12
57 312 16 153 250 84 288 40 146 74 1 308 
1.474
8
258 314 248 75 206 53 23 227 
0.509
13
30 9 173 129 238 244 12 151 177 193 194 277 300 
0.5
12
6 236 50 226 70 113 209 48 261 64 31 232 
0.731
11
311 6 60 111 90 237 263 304 196 22 107 
1.336
10
159 90 160 212 49 186 278 287 41 269 
1.05
11
166 97 171 176 141 194 77 60 99 11 146 
0.685
11
169 134 92 279 99 266 19 86 30 173 203 
1.297
14
67 74 141 82 10 91 198 219 88 154 123 111 256 215 
0.024
9
28 106 23 189 286 12 62 38 244 
0.613
9
58 65 62 280 291 82 266 237 294 
0.638
10
248 165 204 136 41 19 64 155 15 259 
1.212
11
1 5 3 32 224 273 85 182 62 50 200 
0.38
11
125 162 194 9 97 221 49 284 177 12 178 
0.024
9
36 197 244 126 288 188 122 97 22 
0.025
15
234 100 281 130 71 111 309 68 78 223 50 304 93 26 32 
2.182
8
34 215 51 286 100 202 175 209 
0.206
12
125 245 8 218 174 88 65 238 224 233 41 0 
0.027
10
172 140 100 179 194 233 49 43 13 287 
0.203
11
62 186 297 210 274 34 227 45 291 9 169 
1.609
10
276 295 39 19 226 245 260 165 153 178 
0.982
11
233 217 62 152 17 142 21 292 22 183 201 
0.325
10
120 144 234 242 35 292 5 171 80 84 
0.467
10
154 93 203 215 68 34 241 294 206 28 
0.021
11
228 107 293 189 59 123 268 153 271 93 255 
0.932
9
225 312 66 261 24 122 311 0 206 
0.48
13
35 169 29 143 281 254 20 276 112 12 312 3 180 
1.357
11
32 153 174 196 45 236 221 71 284 104 264 
0.719
10
28 308 131 33 70 15 164 232 282 202 
0.023
12
242 20 95 269 197 167 87 221 67 209 54 223 
0.023
10
66 307 133 244 219 189 221 29 135 165 
0.282
9
29 126 68 123 131 102 185 85 280 
1.258
11
12 125 304 18 98 48 124 106 186 15 65 
1
9
107 314 181 123 207 223 200 22 46 
0.36
11
71 310 8 54 117 34 203 142 0 195 212 
0.84
10
145 244 288 139 155 195 315 6 185 203 
0.021
15
241 254 244 88 202 285 0 199 193 256 41 180 230 290 308 
0.858
12
159 30 68 93 301 142 217 131 218 234 66 204 
0.546
9
57 98 133 199 261 28 15 14 176 
0.479
12
79 107 154 0 105 286 219 173 274 92 14 164 
0.786
9
28 129 223 48 261 92 183 41 101 
0.604
11
43 188 41 106 24 68 137 276 198 312 230 
0.592
12
4 35 268 275 19 259 23 29 290 295 10 305 
2.13
10
70 112 230 293 128 183 130 153 100 288 
0.297
9
244 67 127 180 148 308 63 55 177 
0.53
12
51 95 165 115 235 41 168 217 131 313 92 186 
1.523
12
217 114 209 88 145 266 81 139 189 56 289 23 
1.455
9
149 187 263 30 46 115 228 50 239 
0.072
12
172 288 161 94 194 38 237 263 157 95 70 230 
0.022
10
44 278 116 83 240 39 52 277 86 280 
0.802
12
57 16 83 24 307 271 143 62 72 248 26 277 
0.549
8
181 237 153 130 142 137 38 232 
0.88
10
232 266 21 180 86 28 201 252 8 260 
1.545
10
183 213 45 220 211 22 192 93 106 232 
1.065
9
105 214 139 64 37 240 29 8 54 
0.296
