12
225 212 10 194 142 23 19 233 300 209 88 278 
0.126
16
87 286 230 218 285 304 282 127 62 207 187 231 244 226 126 262 
0.103
9
313 297 135 273 97 5 50 102 253 
0.151
11
227 169 270 98 190 251 289 250 132 142 238 
0.073
12
26 42 254 131 153 20 44 224 36 141 102 266 
0.069
10
205 102 146 262 86 4 216 6 157 265 
0.119
8
40 179 9 150 88 304 216 170 
0.058
10
202 306 187 140 25 239 243 148 27 189 
0.099
13
110 29 31 265 256 295 35 10 36 177 279 162 23 
0.023
11
65 32 151 23 90 104 144 34 62 101 254 
0.168
11
290 250 264 122 191 79 135 256 273 60 220 
0.115
13
219 221 2 33 200 287 275 189 171 164 256 141 298 
0.159
10
292 115 35 117 258 93 180 252 253 288 
0.088
14
32 58 117 147 9 144 314 176 205 160 42 156 119 180 
0.17
11
173 308 49 203 246 176 88 25 20 228 232 
0.084
10
65 31 277 196 289 171 232 107 42 219 
0.166
9
35 80 45 210 65 47 163 36 133 
0.107
9
139 60 165 270 220 209 232 45 306 
0.21
11
34 51 135 288 312 111 269 196 59 175 253 
0.135
16
161 28 72 221 160 25 82 102 131 79 157 275 1 314 67 76 
0.025
8
72 251 201 232 69 243 65 207 
0.217
11
269 107 259 104 281 314 62 193 121 81 181 
0.122
11
21 220 296 178 55 218 314 170 303 151 232 
0.136
16
178 98 210 143 126 236 183 112 77 72 59 233 189 268 255 292 
0.175
13
279 269 13 133 136 93 138 20 185 202 92 6 261 
0.174
13
310 120 28 149 239 130 102 12 108 178 33 148 284 
0.066
11
287 92 267 216 21 235 80 278 164 173 252 
0.098
11
95 167 293 12 35 276 141 78 13 115 150 
0.093
10
199 273 56 185 44 38 287 93 50 116 
0.075
12
196 206 109 308 266 305 250 186 200 139 227 1 
0.024
8
57 5 262 203 50 233 301 45 
0.021
15
35 207 156 306 30 229 155 219 104 274 51 172 138 39 233 
0.076
13
140 238 77 125 268 158 66 33 25 67 190 99 144 
0.169
11
266 278 299 135 8 195 138 170 254 207 222 
0.216
8
200 314 210 171 215 253 16 166 
0.095
9
70 161 10 133 256 72 14 8 188 
0.109
10
152 227 12 11 248 132 288 112 88 179 
0.046
10
233 142 109 98 232 196 28 138 30 315 
0.075
11
15 160 256 47 238 94 55 16 85 27 108 
0.323
10
58 104 28 314 95 253 80 173 208 243 
0.224
11
123 11 98 178 143 228 296 31 73 122 148 
0.132
11
299 84 78 88 147 302 107 164 6 91 245 
0.062
10
178 91 205 160 215 298 102 241 249 260 
0.044
14
84 194 237 37 109 125 154 139 123 93 262 130 10 178 
0.051
14
127 67 91 134 186 138 101 202 32 118 289 16 56 298 
0.15
12
57 308 310 73 143 140 156 206 280 246 245 312 
0.122
8
84 270 169 103 227 105 102 282 
0.095
13
244 193 9 12 238 129 30 194 177 173 151 277 300 
0.057
12
226 64 113 261 209 48 70 50 6 236 31 232 
0.081
11
111 304 60 237 263 311 6 196 90 22 107 
0.155
10
212 186 90 160 287 278 159 49 41 269 
0.256
11
109 272 141 99 57 60 166 239 210 97 298 
0.068
11
86 134 30 169 19 92 279 266 99 173 203 
0.156
14
67 74 141 82 10 91 198 219 88 154 123 111 256 215 
0.023
9
278 223 274 80 27 28 141 190 246 
0.099
9
291 58 65 280 62 266 82 237 294 
0.125
10
159 155 19 165 64 204 248 15 41 61 
0.218
11
85 273 203 50 182 1 269 32 224 222 283 
0.054
11
125 162 194 9 97 221 49 284 177 12 178 
0.023
9
36 197 244 126 288 188 122 97 22 
0.022
15
309 100 304 234 130 281 50 71 68 78 93 223 111 26 32 
0.134
8
100 202 34 215 51 156 209 286 
0.059
12
125 245 8 218 174 88 65 238 224 233 41 0 
0.025
10
140 287 145 172 194 100 179 98 43 114 
0.05
11
162 8 163 130 311 240 38 199 160 183 294 
0.11
10
39 276 260 19 226 245 295 165 153 178 
0.236
11
152 17 292 217 142 233 62 21 22 183 201 
0.048
10
35 144 120 242 234 292 171 5 80 84 
0.216
10
154 93 203 215 68 34 241 294 206 28 
0.022
11
228 59 153 189 271 123 268 107 293 93 255 
0.075
9
261 312 311 66 122 225 24 0 206 
0.068
13
143 29 12 281 35 20 312 169 276 112 254 3 180 
0.087
11
45 196 153 221 174 71 284 236 32 104 264 
0.113
10
28 308 131 33 70 15 164 232 282 202 
0.023
12
242 20 95 269 197 167 87 221 67 209 54 223 
0.024
10
66 307 221 133 244 29 189 219 135 165 
0.05
9
29 126 68 123 131 185 102 85 280 
0.164
11
48 98 304 186 18 124 125 213 12 15 65 
0.204
9
181 107 314 223 207 123 200 22 46 
0.103
11
0 54 203 8 310 71 142 117 34 195 212 
0.117
10
145 244 288 139 155 195 315 6 185 203 
0.021
15
241 230 193 0 254 256 199 180 244 285 41 202 88 290 308 
0.055
12
159 68 301 30 218 93 131 234 142 217 66 204 
0.056
9
57 28 261 199 133 98 176 15 204 
0.122
12
173 219 92 274 154 79 107 286 105 0 14 204 
0.076
9
223 48 92 129 261 28 183 41 101 
0.132
11
43 188 41 106 24 68 137 276 198 312 230 
0.05
12
290 29 275 295 53 268 35 23 19 259 10 178 
0.159
10
183 128 293 70 112 130 153 230 100 288 
0.055
9
180 148 244 63 308 67 127 55 177 
0.099
12
217 313 41 51 131 168 95 235 165 115 92 186 
0.145
12
217 114 209 88 145 266 81 139 189 56 289 23 
0.091
9
30 115 46 187 263 228 149 50 239 
0.04
12
172 288 161 94 194 38 237 263 157 95 70 230 
0.023
10
116 278 83 44 240 277 52 39 86 280 
0.158
12
143 151 287 271 248 281 16 57 83 24 62 116 
0.068
8
153 181 137 232 272 285 197 237 
0.166
10
28 252 180 260 21 86 232 201 111 301 
0.15
10
45 220 211 192 22 183 213 93 106 232 
0.13
9
64 214 105 29 139 240 37 8 54 
0.064
