12
194 142 10 225 19 233 23 300 212 209 88 278 
2.032
16
230 244 62 127 187 87 218 207 226 304 285 286 231 282 126 262 
6.077
9
273 135 297 313 5 50 97 102 253 
2.289
11
238 190 289 132 250 98 169 270 227 92 251 
3.177
12
42 26 254 20 131 36 141 153 44 224 102 266 
2.827
10
6 216 194 102 205 262 57 86 146 260 
2.606
8
40 179 231 184 32 143 4 39 
2.897
10
306 239 243 25 140 187 148 202 27 189 
3.154
13
279 110 29 256 31 265 295 35 177 23 36 10 162 
5.454
11
32 90 142 2 97 133 144 188 235 15 229 
3.522
11
122 135 264 290 79 273 256 250 191 60 220 
2.554
13
221 219 2 33 200 164 171 189 275 287 256 141 298 
3.483
10
115 129 266 269 102 288 292 35 111 312 
3.748
14
314 205 176 42 156 32 58 9 160 117 144 147 119 180 
5.05
11
173 49 203 308 25 88 176 246 20 228 232 
2.88
10
277 107 289 65 31 171 184 196 42 219 
3.574
9
35 47 163 65 45 80 210 36 133 
2.547
9
220 60 139 165 232 209 270 45 306 
2.616
11
51 312 135 59 269 288 34 111 196 175 253 
2.239
16
131 1 76 314 79 157 102 82 28 161 25 160 72 221 67 275 
8.345
8
243 72 201 69 232 251 65 207 
1.87
11
193 81 225 63 96 315 155 269 107 58 125 
4.45
11
151 170 178 220 303 55 314 296 218 21 234 
4.185
16
72 77 112 98 143 236 183 268 189 233 178 210 126 59 255 292 
5.354
13
92 279 93 133 136 185 138 269 13 20 202 6 261 
4.922
13
33 310 239 102 28 149 12 120 130 108 178 148 284 
3.748
11
21 164 235 92 287 80 278 267 216 173 252 
4.579
11
95 150 35 12 167 293 276 315 141 78 296 
3.668
10
287 199 185 44 56 93 38 273 50 116 
2.632
12
139 227 206 109 308 200 305 266 1 196 186 250 
6.014
8
57 262 5 203 50 93 42 78 
2.383
15
274 30 306 155 207 219 104 156 172 35 51 138 229 39 233 
7.426
13
77 125 268 33 66 158 25 67 190 140 238 99 144 
3.088
11
8 170 195 278 299 135 266 254 138 207 222 
2.395
8
171 210 314 215 253 200 16 166 
1.214
9
10 70 133 161 14 256 72 8 188 
2.761
10
288 152 11 132 88 112 12 227 74 248 
3.122
10
98 138 196 233 142 109 232 28 30 315 
2.733
11
108 201 105 180 15 118 179 288 212 20 144 
3.333
10
253 28 80 95 58 104 243 314 173 269 
3.41
11
11 31 178 123 143 73 228 98 296 122 148 
4.023
11
78 88 299 84 6 107 164 147 302 91 245 
4.323
10
178 160 241 102 205 215 91 298 249 260 
3.215
14
154 237 130 262 93 139 125 37 84 109 194 123 10 178 
4.277
14
101 186 32 67 138 127 91 98 202 140 134 298 29 118 
4.705
12
57 312 16 153 250 84 288 40 146 74 1 308 
4.797
8
258 314 248 75 206 53 23 227 
2.315
13
30 9 173 129 238 244 12 151 177 193 194 277 300 
4.169
12
6 236 50 226 70 113 209 48 261 64 31 232 
3.553
11
311 6 60 111 90 237 263 304 196 22 107 
4.185
10
159 90 160 212 49 186 278 287 41 269 
2.229
11
166 97 171 176 141 194 77 60 99 11 146 
5.532
11
169 134 92 279 99 266 19 86 30 173 203 
3.634
14
111 215 256 74 141 67 10 91 123 154 82 190 88 219 
4.909
9
23 12 62 106 286 189 28 38 244 
2.795
9
58 65 62 280 291 82 266 237 294 
2.113
10
248 165 204 136 41 19 64 155 15 259 
3.219
11
1 5 3 32 224 273 85 182 62 50 200 
3.158
11
97 284 49 178 233 125 194 162 9 12 177 
4.224
9
126 207 145 22 97 36 288 2 49 
3.259
15
234 100 281 130 71 111 309 68 78 223 50 304 93 26 32 
8.278
8
34 215 51 286 100 202 175 209 
1.384
12
224 65 88 233 41 125 8 245 174 218 0 238 
6.303
10
172 140 100 179 194 233 49 43 13 287 
3.357
11
62 186 297 210 274 34 227 45 291 9 169 
4.432
10
276 295 39 19 226 245 260 165 153 178 
2.531
11
62 152 17 142 21 292 22 233 217 183 201 
4.452
10
120 144 234 242 35 292 5 171 80 84 
1.398
10
206 294 93 154 215 68 34 241 28 203 
2.555
11
228 107 293 189 59 123 268 153 271 93 255 
4.006
9
225 312 66 261 24 122 311 0 206 
1.962
13
35 169 29 143 281 254 20 276 112 12 312 3 180 
6.637
11
32 153 174 196 45 236 221 71 284 104 264 
2.521
10
28 308 131 33 202 30 164 282 15 232 
3.874
12
54 209 20 197 167 269 95 87 221 242 67 223 
5.599
10
219 189 29 244 133 66 307 221 135 165 
2.662
9
29 126 68 123 131 102 185 85 280 
2.948
11
12 125 304 18 98 48 124 106 186 15 65 
2.326
9
107 314 181 123 207 223 200 22 46 
1.882
11
71 310 8 54 117 34 203 142 0 195 212 
3.215
10
195 315 155 203 145 139 288 244 6 281 
3.362
15
241 254 244 88 202 285 0 199 193 256 41 180 230 290 308 
5.037
12
131 218 234 159 30 68 93 301 142 217 66 204 
4.595
9
57 98 133 199 261 28 15 14 176 
1.949
12
79 107 154 0 105 286 219 173 274 92 14 164 
5.542
9
28 129 223 48 261 92 183 41 101 
1.47
11
263 265 188 203 192 239 262 43 68 27 276 
5.175
12
4 35 268 275 19 259 23 29 290 295 10 305 
5.607
10
128 293 130 153 70 112 230 183 100 288 
2.297
9
148 127 180 67 244 308 63 55 177 
1.837
12
51 95 165 115 235 41 168 217 131 313 92 186 
3.516
12
209 27 234 189 81 126 260 271 217 114 6 139 
7.923
9
149 187 263 30 46 115 228 50 239 
1.958
12
172 288 161 95 94 263 38 157 237 70 194 230 
2.889
10
278 116 44 83 240 39 52 277 86 280 
2.519
12
57 16 83 24 307 271 143 62 72 248 26 277 
4.651
8
181 237 153 130 142 137 38 232 
1.859
10
232 201 252 21 180 266 86 28 8 260 
5.058
10
183 213 45 220 211 22 192 93 106 232 
3.322
9
105 214 139 64 37 240 29 8 54 
2.285
