53
346246 162830 322341 5499 215993 328734 172367 116544 55217 365744 104132 220757 414031 43126 256578 253874 115970 349607 100619 230503 338477 206284 297368 125662 254295 168879 399992 101629 393208 4257 258964 64422 133431 344962 24029 317 332960 260999 1457 56598 15747 90540 335011 271824 123130 185685 183607 35328 72312 100089 158844 14545 90289 
177.814
53
128600 253835 361455 304121 94191 170861 100634 153764 320972 351339 221209 366689 128927 23760 69878 255780 266630 224675 256463 365310 149317 86840 294585 329597 122837 260822 300271 332864 40914 176666 131472 337536 180120 98386 336643 264657 153673 288581 365646 350415 34798 175856 305042 80642 175681 148919 44136 31049 34607 135229 82629 123019 268183 
744.874
58
97700 245038 25948 206189 40575 178082 298417 158004 321655 198651 168965 339397 87135 59727 107289 389037 98507 403704 64350 393324 303319 135836 413939 413018 232538 367205 295395 347563 325681 391841 78952 237397 348595 2768 241931 247957 357471 8719 167599 361696 355868 178703 387355 240176 285101 160623 246312 356670 2575 168577 353012 243383 308413 179099 5905 199483 18157 233566 
453.688
47
282036 234593 188061 176371 169919 377103 230363 363126 149655 353254 256230 175156 349783 172717 37529 249018 335181 246879 79286 404123 57525 173185 389780 273972 239306 342561 147848 274747 191038 106443 364511 183847 248691 47482 96879 147930 205859 200958 47293 372311 230093 182813 72167 380955 245937 248452 375732 
460.28
53
415531 187203 209798 280092 246957 59743 219899 23722 408751 223367 174801 111781 284153 172907 68255 382085 159945 351414 337397 416654 61097 123667 152400 158154 321727 186143 50847 2785 410891 375033 354589 387834 391149 283657 294863 213743 391088 265286 229811 71043 300617 340797 93604 391715 15420 202826 412298 150586 323739 377599 227917 113181 137147 
630.559
54
329377 331968 173944 198366 295929 140523 257943 386098 357542 263274 409093 157856 27175 36580 93095 224617 264953 249144 151863 84017 201763 29373 314752 26418 316475 411946 310577 63053 253787 367875 63169 27043 99651 271389 354877 397316 198306 265339 112235 342286 316195 158110 120616 247469 118635 146620 414249 235262 99951 167968 118428 371084 19282 66184 
872.326
55
141473 229355 382335 168542 83886 366284 369531 408988 222964 371041 149186 37192 343605 52047 359254 250059 128220 138812 238989 274730 269562 163185 5702 138355 376985 223878 354885 375523 292200 338517 42675 85595 34906 295892 203796 293446 34761 303519 78159 76144 385115 314324 88183 81531 59939 321575 346792 392003 56853 156457 23918 82310 401539 149363 241580 
458.819
50
61475 169837 233327 96917 40201 310377 225445 169551 393512 144073 308580 54772 122905 178070 50333 386547 194297 115980 125068 135007 345967 193876 146580 338191 153943 97911 271894 227727 205009 47318 279006 361339 177756 362927 9387 79321 104782 191724 22195 340871 310233 32655 344511 334941 188667 86004 152490 186111 21148 81674 
712.84
48
108749 240198 238449 372405 179347 38505 225908 400897 23484 419330 370626 285319 87632 281528 23456 350115 25750 276003 103292 168945 69534 375484 181922 110254 276035 416854 16018 50917 7142 7781 331698 273561 160123 282680 387900 178098 116619 122908 35667 68565 395484 362989 249855 347045 102644 369827 97923 253909 
956.048
48
339990 133643 18129 184756 43675 371645 263903 282901 351790 322903 333227 132150 32278 140396 1950 122529 392866 36694 376183 92729 188176 176914 18730 409895 179024 373480 7073 333433 135468 148768 224142 117709 299021 35167 47715 383365 61448 226631 297507 355455 65544 394909 64980 107589 124717 298730 195470 356223 
528.034
40
224762 314569 92287 408948 22278 10153 323993 190790 376234 123662 207851 380358 51751 393418 100807 51459 309460 244903 337127 304150 372100 352566 394336 196003 161021 399677 364875 337279 68380 16790 359007 271772 361299 75628 239783 235043 348567 177296 71716 317350 
636.809
50
357270 25086 355384 244300 299054 76482 398407 22935 212103 165066 328173 54869 187431 365064 311493 144017 147426 113672 56399 30802 270575 207826 359725 78246 80194 114078 232041 142399 131586 289368 93999 33110 84754 364057 40522 196846 3581 421422 14767 140522 326885 353655 329711 168274 351774 374186 40592 401639 24752 119686 
694.672
52
255984 84022 129939 200097 183990 31736 200485 242990 258268 405958 353458 168598 186525 277849 29637 208364 25206 403354 221048 301830 234372 409134 144150 22340 11819 365350 241732 389540 26305 151172 97236 399971 345274 330460 82012 234041 144267 392140 351067 265904 2733 250634 10254 190028 118326 176693 100953 42957 147199 6383 28152 306737 
319.704
55
248188 331489 22789 390870 25155 394568 156752 296658 118517 310791 400985 28866 128158 71426 390912 78828 20881 115256 173443 213271 262570 197860 397997 158571 407809 70610 358224 389386 75323 415654 15657 324208 146367 69762 256533 298698 10594 247823 303383 186512 70920 173987 414435 267946 206059 32127 48577 233651 200241 367949 223645 390702 90127 37236 278207 
585.129
37
95095 145554 47244 191433 246922 227048 158328 324744 320991 410199 93240 370912 290944 54970 59292 85689 360489 185292 21265 57003 291257 304946 28063 274438 146658 80418 379161 129407 252815 118533 229590 65541 175167 402941 407845 60478 86519 
458.828
52
249790 333698 376175 42054 79964 369661 319793 415696 49904 277276 75896 149407 59577 355688 362643 50715 295305 345831 411770 139904 172749 227482 167368 43145 357101 331543 206225 153203 21960 23142 265296 322351 30437 276752 37354 89207 252443 399556 14624 231247 253345 241787 15788 64149 299514 163221 73659 283948 242372 178685 103044 131757 
382.792
61
150854 1897 243358 347999 420573 409605 411654 59555 179569 172583 281210 34107 245739 242192 298583 415301 137143 406260 181664 77262 179391 228532 137584 117106 152064 184118 362892 383034 21681 39616 408597 112686 312350 20605 209796 91402 394299 346467 145136 188835 388745 65443 371020 404802 21065 375271 411160 270147 419062 177603 166604 200577 41237 153511 375300 351318 337286 91965 11685 105326 357049 
607.644
44
154846 400217 139924 159440 3270 359600 373814 186314 54919 304727 360923 308050 277013 90157 131092 20652 20038 296868 382011 314874 292017 57298 211251 192495 9305 102796 398799 189874 266621 306134 83108 409423 36146 343171 34218 222067 158443 256464 163700 168296 230415 274976 96402 221500 
746.719
47
189770 216455 261188 33902 244038 23052 181885 199564 171995 122394 115718 154054 287675 371023 283236 13251 382828 255394 65693 202550 180204 174974 183039 300004 225814 408379 325300 358827 310708 92713 194447 284493 244971 125201 383236 239527 116304 103751 117954 215891 78750 380747 350422 76320 50688 19484 267788 
677.089
46
286327 189121 352475 51474 388558 367024 190169 58088 102445 149647 29739 240956 330378 208570 226755 318125 276388 55464 17975 238022 141927 144307 207667 171750 8072 7427 283218 349812 175127 111690 81058 97869 321109 9631 348061 186031 404587 121602 357441 229651 314322 301761 223406 339617 201172 346741 
407.773
40
195235 265116 361761 192637 263142 231566 296057 257185 260489 136024 98963 186931 17069 175004 238233 289354 245554 294469 318027 199198 208998 254106 112763 160969 421212 147020 286916 180900 248556 322487 402857 135209 305763 338995 365973 285760 288583 33250 49365 327996 
429.689
48
260769 9110 74858 271438 384242 345368 150735 57189 313400 359601 129795 307588 338783 361021 17782 140340 79247 409740 377661 33266 57782 88468 12106 241192 150948 294597 207366 192215 206648 75584 240226 421499 35014 143826 220092 288863 136753 347571 92772 70222 227424 355146 183612 74043 380591 272817 10347 293403 
552.147
45
350594 320350 37059 86004 263948 153517 72005 42957 404563 64947 280489 104353 20168 345258 2638 190579 29590 366874 168800 250080 319160 49013 282 337804 349511 20194 39725 34815 171654 170221 85924 206800 246269 75834 287541 244137 50419 178262 340731 298690 236656 355778 222401 6691 320020 
437.854
42
49605 215765 157253 342646 340851 186264 348698 217750 311160 174639 116146 271577 193567 338689 22873 43484 73822 212430 77243 176866 213187 224799 221432 7268 234771 188297 149927 72339 51982 197794 270319 319046 351633 6415 208993 22838 187837 17019 6872 288931 28300 336334 
320.822
43
176140 47869 256387 31588 84380 13206 346016 401692 234408 200324 403459 177144 205213 123715 299504 270528 365360 127149 376706 62890 1687 321270 51783 399689 372615 389101 326039 351187 349178 120546 308721 179638 139222 39125 57611 214107 117475 352958 274117 402856 421057 84520 168911 
386.18
46
254055 190535 92602 139522 12115 182358 335345 415728 180616 227872 160691 255579 330265 64535 33595 209458 392328 199445 167283 402090 31257 196898 183543 165790 225332 206616 206659 123781 287788 251786 73533 79811 344920 223434 202196 12010 86760 409213 96737 121999 387350 345134 370409 287783 172646 309347 
370.472
48
103334 382430 7541 43884 373625 371464 311414 308460 25025 280886 339066 137296 332630 46380 118503 141495 334850 142792 147750 332011 147947 268952 56798 17289 229000 270146 338592 31026 208422 104785 157738 151637 379814 140955 349162 416245 186816 196764 243293 301971 420181 388605 104274 250004 246226 53076 103109 245719 
229.375
52
131223 371214 326920 153394 403785 131625 97699 405468 42175 214438 410362 52896 355583 321331 409921 335907 286445 268952 167016 97604 350807 67127 133887 175708 290035 260385 265617 173073 240925 93949 275426 100819 370232 165034 139327 238453 77640 10782 234620 396032 118631 151158 246311 263709 101413 366493 116653 372304 377269 278152 233638 351144 
306.901
53
193083 346562 93349 186355 103030 120006 205520 66697 113073 133868 146673 228206 100569 12196 419593 390064 188948 182285 189948 268210 5835 421829 308827 199147 331711 345595 262677 18871 280943 274331 233122 28304 337628 72417 342480 250287 363046 2179 318396 132994 7054 412566 376369 313672 24803 414877 7743 337416 54214 9056 287348 267512 380464 
233.711
54
420260 373019 172437 142511 124082 33916 121379 269225 100077 193661 325949 236632 286786 336104 48542 397471 146769 9617 60044 38616 102422 281047 236453 282982 411450 261568 84284 16474 157467 369927 418003 70169 138066 376544 2511 2706 292477 274198 392199 258899 111088 121066 53716 172124 208146 217372 292978 126822 417875 154078 9841 157288 196231 215419 
391.613
44
351958 207320 148585 141874 263498 292989 270845 184046 107736 412899 128247 364365 222113 17653 78374 71833 120594 316377 296200 243773 119224 289665 168470 211219 238951 374593 313749 359459 208660 203746 179623 114876 265436 336550 391861 287241 383555 162489 163540 386291 54823 244527 16648 377046 
282.325
46
367807 344522 286934 254124 379906 89113 249737 260000 301983 77527 391734 145453 89188 246025 41577 333580 365898 238472 370119 417774 263556 101055 394519 205225 157385 287457 284042 275893 81395 28288 351858 358817 229806 97441 290093 12914 32605 205235 184723 286891 376801 59679 122162 110472 83228 377289 
503.379
52
336312 147275 149588 140966 408813 265155 214654 344665 87917 53243 318748 94234 219838 323167 282227 74336 253854 182664 378831 43539 354976 285200 210122 302567 305756 94699 380274 244018 282719 283076 356489 403774 382688 215782 127390 351457 137707 153094 271030 58911 291565 218937 253107 188921 136165 300392 305989 366330 374886 369376 183232 376071 
753.753
50
318586 377522 197144 43859 177135 222734 340915 180060 195566 294104 379774 341600 258578 409035 383688 116963 98524 232751 175827 224222 344260 347042 178968 98850 136946 60385 239051 201389 291209 206887 313053 128300 95946 211148 133590 244100 29873 217206 192443 371071 131353 1588 108644 286970 262336 289753 361088 119505 91112 105230 
469.839
47
288191 204692 269575 39367 340765 390682 345343 94043 146264 87469 316628 279086 206343 158266 229253 71407 42453 405031 236056 367795 235989 91483 7791 147960 244927 184209 4210 91134 11551 295385 123457 365353 243481 131376 182714 130559 391404 257963 47524 86272 173813 309612 317258 242883 177328 5889 111667 
298.266
45
352415 354495 216296 412188 234109 293981 93972 104375 295476 292894 180881 225765 141155 311990 134503 79497 252428 212966 361306 176616 403848 246858 144999 234874 421079 301910 219463 371864 370050 378468 324113 371805 291154 1455 200395 125819 40472 117187 300047 362258 139910 372496 109433 97883 335999 
441.334
44
220009 398430 242923 298548 179666 215661 305158 109781 183983 181522 92006 353610 194600 256956 134519 113143 96376 32624 93314 122747 322266 52985 205038 410132 168142 167215 266844 204470 9284 230769 384979 175889 317416 115922 299058 126508 295096 155843 224253 310520 167693 417106 49663 280263 
235.081
48
37875 193111 14990 398682 393996 297834 160441 9908 336434 380426 277932 248063 300028 403620 144573 102315 188826 178861 127268 121361 196821 358352 207552 328235 248073 256027 184333 120795 391049 405904 238833 371086 367560 189738 415813 416993 3589 292206 328686 211478 371726 407697 200552 282750 21532 414520 49989 278845 
603.323
44
262539 342844 386219 147904 276516 128563 76718 356589 225056 363550 244313 292859 145217 300473 149079 12724 232625 321720 2292 3064 90398 190727 109406 407366 304428 156969 130103 260020 162200 132676 338273 118597 144704 171409 46406 291815 246888 114133 410792 161344 394617 179514 35043 125697 
415.002
48
337883 285098 372313 373273 399392 45440 189455 345118 317418 283635 293303 99882 320750 242971 222145 305877 237055 291635 372069 193116 66804 96483 38250 237896 141338 236066 408895 272317 379339 94475 136003 302655 255579 172454 408027 354899 409041 128147 96801 144506 222481 73436 2067 363237 344927 116473 184158 282211 
222.576
54
269654 86931 95766 13116 94047 275103 55832 249809 296410 1772 209657 325622 65203 361070 323519 367786 213615 50348 169198 223749 130087 74327 361995 360410 229426 26433 61426 35009 252585 225238 35574 17500 65233 70611 335142 421234 147209 274338 95067 271314 145760 252091 143762 96709 384907 225317 5062 339740 252075 162078 92939 316820 55009 261109 
591.743
47
265315 190746 222368 247517 348301 359786 321696 395226 171833 412584 148094 3986 200325 420112 143750 101177 37364 386487 261534 228534 103216 344570 367047 63920 115094 365428 172797 5440 64638 116761 312770 13311 81167 191386 146719 3326 156459 411030 243385 225171 110996 298789 265093 60176 44582 34539 85311 
607.472
47
10828 89809 334115 374704 418307 417142 164073 42867 417803 292430 61848 390686 160009 92987 370021 202488 402870 170100 75900 141773 86936 403588 129040 160723 269696 128984 245628 404487 234991 174049 199815 389790 239617 41294 332004 360346 19895 76158 381617 134872 377796 11862 192448 131591 104248 244384 404649 
160.231
46
241596 326267 162272 129417 89117 327082 185886 203936 311641 365611 261031 401134 317619 369374 93178 258120 62046 35354 85567 395056 213482 395280 367318 199464 81036 97691 421741 289242 56933 68848 360129 27367 301515 248591 129289 188508 44513 192500 28993 245277 4838 151793 375759 243434 82966 328642 
436.298
48
345118 245210 188401 254293 104229 132018 311809 127856 50974 177852 59498 57970 291256 332282 190191 343606 206929 97798 53294 131948 384524 327511 411095 241346 77450 339444 12103 77186 229696 126931 184877 231089 25160 418241 174433 152116 415872 6190 78387 378162 384018 114398 380765 15320 254026 22839 88388 125058 
682.271
45
48331 217131 256571 108737 128063 286461 186513 63456 382976 184805 140701 415555 278144 287390 308810 400928 77718 69848 59702 274268 129694 248677 140504 337075 255863 78500 360660 97906 211817 153379 245109 90668 212825 254010 118685 399002 46253 54444 404651 52941 342567 56207 51782 145656 388166 
313.683
51
286128 52744 204793 261633 279058 275403 18596 95279 57781 92617 102202 92703 389781 92395 169451 408869 129336 356270 97779 20355 391528 340631 194718 186322 281986 148918 104427 247926 9758 229505 373857 266492 326352 379879 282400 350928 399422 276165 180679 225423 326687 369036 99038 146517 404383 108478 293767 61816 160536 8172 286488 
481.162
49
54824 354194 350729 244777 371818 257796 116031 38108 138375 262316 314422 236562 127860 201635 290480 46281 184963 60295 336647 417718 282272 53300 377574 165620 42362 68793 378435 296956 386012 159400 109598 3637 56083 153331 307860 103965 132763 132726 366456 257038 127094 131527 163194 172832 366007 402597 394448 5123 284618 
620.205
52
283769 328457 313263 280496 306432 280703 294724 13845 60876 196499 358122 372521 98459 327064 30391 100166 161419 301209 353052 418147 235344 119451 406509 293695 406955 211314 139553 69510 131318 268937 283550 214466 77595 419493 5224 237742 232329 174175 111733 331147 358241 138749 146128 210496 220190 169970 191967 205559 337846 77813 139613 141355 
605.004
46
364696 73939 181053 182299 20541 894 229774 347203 112659 114276 130986 186710 263770 130693 354593 329580 186735 410624 135043 59566 339899 241059 131567 127713 303837 413383 338344 32324 113566 286537 91234 321178 3136 57814 195563 67210 84145 150764 4165 44504 107417 45767 350791 178227 102242 106264 
562.675
49
124346 175846 324365 379737 244800 222690 99155 226893 50849 348393 80738 403396 131389 288325 865 274482 293049 227149 99967 326311 199100 40628 180419 216549 219365 46444 369148 130700 77164 63876 4460 250833 245572 412076 21278 269961 73733 366666 170386 17857 147098 271803 415652 162960 395635 106073 258250 16135 52689 
604.351
48
118522 77912 288577 358168 212150 347553 92116 271710 398615 212086 407972 274622 133127 370941 374225 175446 182141 46617 171632 13675 46908 146590 179324 280719 232004 67460 228711 82514 237055 46560 59410 169899 21839 235867 158220 39962 206417 285336 40298 9212 257179 74318 64564 122582 382431 3039 56604 342954 
379.648
46
110798 357744 244283 339516 20930 228714 10688 94916 406763 273736 144248 289502 314009 307884 270976 210656 8066 193374 75135 137776 303251 409172 215423 339342 231427 332025 350341 153343 139696 379378 339811 420043 192147 154411 328984 101412 40831 169956 296122 236123 262560 199874 345237 253450 157255 365944 
449.789
42
69335 272855 85895 74820 152310 31044 213682 7638 280255 147235 407134 416839 394426 206921 314312 316737 232610 292826 372370 138589 412865 139315 323099 325465 14340 253903 51041 339982 307054 236651 267513 63321 231814 51136 41091 209048 178808 291906 297739 364440 9076 123018 
742.737
55
8603 406446 90195 353132 162360 221094 224175 402147 388087 292862 358491 131174 284721 366933 153990 226888 262861 171413 74159 29729 252627 232493 330157 347338 410070 62546 379431 92709 53868 266882 96160 240252 247119 299438 116374 268077 124032 5757 164823 391715 273928 322561 360397 72729 222088 32730 39149 271457 292653 175411 245243 76852 157798 202512 383065 
577.607
36
302448 360643 355103 72090 325058 2460 391352 232651 391140 350183 246474 86999 53890 296550 195530 93665 52359 278924 290926 186851 255833 151728 242223 378183 64565 421343 320694 260197 205066 48225 281595 192915 233529 93781 19601 367226 
240.943
42
398001 100394 192749 80231 204634 54786 278714 318498 187255 174336 369526 224031 215699 179216 223760 372736 117754 178333 268471 10024 366649 114716 133704 150290 47617 411574 91818 134082 379439 96564 349546 309144 382180 353770 199539 49024 387395 107581 67687 194939 205353 219556 
517.971
47
287970 214507 147355 248210 313384 116831 344753 72117 203471 125527 400896 217268 387899 403574 189793 168717 8056 75874 53968 327209 220104 357929 245515 178770 106355 106780 28448 259534 279171 224648 215277 159470 340865 63734 5723 112728 9703 49238 146011 66359 87682 389021 382185 110203 229808 148623 340618 
429.975
50
152751 137405 220456 166161 210558 237488 317622 234898 64681 49544 73662 47767 279355 397733 105043 146565 48162 164019 229146 85682 407826 208526 67911 176246 287725 34183 410559 75476 284288 243688 56336 86266 196836 152789 169570 411178 289160 363659 49188 388059 236780 35105 154957 366285 130056 214987 4989 274533 315008 218145 
313.14
54
238008 259749 357683 165108 94753 44643 252507 313715 17069 161540 314304 330820 138792 388286 115212 85923 145159 138225 187867 15283 255914 393600 124487 187500 172031 414473 211191 257321 388498 57874 378807 233107 71030 283644 67065 277531 101119 403680 21085 74603 294607 128387 207226 270955 223891 327343 175158 119893 39172 33786 364844 92688 148911 344646 
740.325
39
27025 263092 151500 359779 58582 248301 420143 140113 385921 230087 4615 310218 131028 54583 101287 330687 208206 37744 128806 263525 28447 38667 23113 326671 371367 293465 109016 221870 249549 78056 103235 235305 182219 151636 224458 177733 57816 22997 389451 
157.093
49
142467 233553 65246 191880 204202 240470 233794 196864 270066 22703 297810 59770 11998 51636 210043 123260 191417 77526 84872 238246 179570 11465 20898 377606 104177 265741 323555 269380 217574 157984 396184 313107 264382 91617 294431 118322 71831 265427 398773 34676 69151 375304 384426 318848 370154 272502 222083 345690 372116 
534.442
48
180202 9397 357890 146987 344369 419186 418347 30591 177697 72133 397748 288339 218983 323493 381654 414045 274318 62215 418816 170958 321454 365842 226636 174422 266008 672 313216 226226 411051 195628 135201 254415 334487 289138 116436 130977 244537 51062 81080 378755 374136 395260 192615 39701 167060 96798 91602 383588 
207.957
51
235077 39710 236945 342993 299790 173563 133918 1046 227619 45478 176624 390855 121315 323798 382042 417348 46521 17970 321543 201367 89707 198199 365193 321632 403847 145417 186848 139351 321286 399018 351391 25574 346280 287337 108621 306596 212616 286355 239930 41371 329586 11090 57353 37887 329982 95861 83045 219501 374572 338 264653 
547.804
46
374663 160985 33790 307915 315697 218909 110035 75568 271942 212657 129886 279665 250021 97455 41999 138327 405722 220581 391203 401518 350328 234615 268096 220199 248823 210939 409410 322050 182994 365935 62341 193602 254389 143771 136061 326948 388812 206501 164568 184270 23984 86282 380864 58524 126432 267835 
307.14
50
80821 379833 145878 120916 122311 157713 364440 189559 288769 81701 113716 358930 256240 226841 108545 344018 325704 107186 133622 184087 27584 137570 20463 89159 104242 188902 276631 272995 216104 244456 286211 279854 332067 33526 265983 173074 342437 81387 324980 120717 367882 270830 85204 333975 149685 388015 351040 267226 205303 284317 
470.24
46
150028 103312 141978 55724 270349 256207 76611 183037 352403 212652 400415 57750 332440 279793 344490 206611 257829 366275 224612 401243 328894 7095 338462 233203 77479 200233 70057 104639 133530 163795 19261 113031 345312 8294 240315 308546 218874 259530 256834 140897 363121 333665 267898 417984 15909 369979 
426.112
51
168957 80621 286635 212032 48128 122365 111854 303712 256565 175659 415366 248303 198443 50550 318436 301862 237125 32290 158847 165318 242106 178699 32927 20774 406271 276596 103173 365172 113909 382316 274192 341495 319387 399418 240023 361044 42489 307144 344490 396596 134944 299058 20398 32044 346905 59275 411925 153519 311596 10196 293009 
758.321
52
32554 235998 204684 415163 309632 218060 363959 323550 158467 373572 49849 44783 219070 322475 13867 388841 75461 319573 88733 302002 322087 391871 147369 211976 199115 294995 140860 17419 289793 409374 347899 15306 372998 308280 50771 231441 320483 370116 350111 34371 256218 360607 247781 244510 88376 330918 234902 185869 407661 286571 36404 366467 
454.013
42
68877 48702 143496 180359 35555 289601 153019 289094 66285 12298 198890 254562 172187 11834 371124 58547 277361 283308 70453 110619 157312 58061 162720 307608 336490 159376 67166 274887 165594 404282 5331 196683 321340 120963 404424 22256 373142 92456 387488 262050 63358 262907 
680.121
40
297070 391559 60724 172264 182922 325940 1119 386741 52331 376272 169628 79068 171877 324866 189377 347379 62570 300266 418780 117363 335563 20065 68058 347754 168254 232115 360643 402318 158622 124015 220699 146171 154174 71560 4875 311358 175594 249640 96391 168757 
444.029
53
214193 150898 49641 236420 3126 97983 171867 196991 313136 115248 108586 215716 328610 152489 140810 152711 72130 336195 6019 228787 307376 169363 388687 314819 121393 267830 48726 81739 69046 101170 7436 255252 364059 199170 184964 332553 60943 566 293833 108901 30720 343758 156675 210754 211687 117195 410842 34824 290904 332276 311051 138285 161139 
656.027
46
371253 369238 164113 136762 376732 224599 4336 153269 221382 258010 301386 185925 182444 1077 265865 54212 158838 128554 325327 284775 44188 359551 237600 329779 151136 371727 286440 38363 260121 2676 141238 155482 43459 22054 77068 300793 344043 386651 383482 418914 399308 232256 142615 320523 211936 176783 
239.498
40
405134 411930 402859 352217 232683 71062 395259 115112 384785 60573 128096 93057 34592 259838 9036 239512 24129 359824 222868 61321 356543 268567 359250 373726 420963 122467 288722 45405 313200 353254 206974 69169 199693 176281 392905 379131 305071 282876 121804 140142 
485.625
47
226602 47382 158598 170135 257114 240847 215127 116659 90318 52291 171226 91533 121523 324302 5350 318112 321251 201334 390928 16085 152661 287190 183422 198367 213514 217260 74123 268231 417814 344514 25840 55522 185569 156443 115429 85670 411880 182770 54321 281346 41138 259318 270416 244412 19240 48812 209055 
594.973
43
87399 383626 335607 349262 127570 85351 378664 23892 343970 41485 284187 226442 148022 65491 135317 97790 166207 177960 164203 78572 222191 164026 14257 289303 373393 161789 23291 229475 201442 114141 46959 391431 9896 29527 309780 118321 337934 29975 96394 99825 210148 19098 260155 
324.475
42
377428 215167 291859 329007 74197 65971 245873 69971 36356 174683 137272 235284 238044 22550 316118 110701 368243 232379 244210 14285 70280 335392 206924 86058 137688 183335 240842 251179 1767 22851 124153 411031 406023 191596 348608 374867 18099 341371 215627 176542 40522 224662 
771.706
46
222617 106985 140399 412580 369960 40899 83751 310761 283257 270386 172293 411134 358125 270292 241896 145395 301589 317187 168687 367119 288540 268206 292253 110489 280319 140127 189873 189906 94021 399116 67502 73506 8736 14171 316585 313533 393943 118008 213467 269166 284504 184095 291507 305866 32810 98533 
511.668
37
224191 1452 167682 83282 36476 363785 27931 228519 230868 193485 81776 292829 108489 278998 118261 296125 219318 61202 399499 409024 221570 385449 178270 388408 42908 238969 281753 358158 78714 111417 178593 356156 408232 198151 392092 96280 112766 
575.756
45
401142 286361 171796 64853 69881 71755 790 379707 158913 41617 260637 292592 293632 86138 351555 265158 416120 216056 226034 204822 370911 30304 418419 401745 233669 396459 341745 54149 155121 26238 302755 196708 35510 82267 74543 346306 32784 75716 59686 113357 37922 215215 277448 37960 382158 
529.653
38
385809 279391 395687 262019 3944 294710 125670 66620 277126 205150 99476 273499 132057 206016 132861 149135 85118 96088 308656 338732 413968 244887 246325 343425 143731 84178 418400 77862 139778 158764 125886 117253 111176 242469 115072 276924 104023 356384 
608.411
43
343368 103481 4320 376300 274765 56114 265152 386702 167947 194143 228846 375567 25495 358982 400618 53016 374816 68843 386382 419159 10995 370506 258775 341998 208445 224896 316844 4236 342396 34770 362073 35430 40986 227333 417242 218072 67610 113285 131876 190598 334465 249503 378131 
170.064
39
324613 308121 345230 278955 235593 164048 29909 408671 38785 136414 177464 39956 203082 114153 401475 143159 259940 35099 203661 399900 262032 332810 372470 263473 200564 309263 370841 176903 17593 252598 182030 46951 322431 267764 137802 172705 238867 7970 372528 
437.242
44
107139 324619 115392 352603 201805 378652 43894 27127 379509 311216 272673 298726 36171 4310 128456 174531 200253 94308 29762 31932 311482 372241 52443 56719 369548 39287 252943 166897 70371 123869 311124 12878 204174 153694 97971 62642 27465 19055 82735 331400 213222 324936 296000 387732 
435.648
48
106514 405453 359449 16984 48955 101482 6258 239934 123282 308152 109595 80564 157086 343079 285164 127777 179392 116165 257563 269174 370575 284971 197621 149570 414436 399550 391786 402804 223905 23462 241298 379890 75172 231729 76613 25350 90909 343220 90524 244297 255134 198051 13586 251140 275436 195196 4045 27604 
639.695
49
387728 271276 3276 280991 168472 199080 310791 41118 281066 161104 395243 344324 297052 85157 106204 194577 33045 144813 98972 361279 403614 404689 164065 144001 85017 395066 341388 402568 68385 231326 349497 15855 70544 50003 80642 82163 102838 152787 75427 292516 387067 406149 293017 344442 322957 273770 19647 33438 293416 
544.997
49
239582 403044 228042 188794 95205 304221 38848 350108 118945 411422 349160 96986 388992 191581 344057 9387 176227 304823 263996 306591 405136 275058 298135 372923 34781 258151 133969 174091 348299 54165 152769 174996 129850 160903 284969 218498 261485 143753 227390 379433 253660 131827 65954 420205 388291 119205 261307 4046 48060 
657.179
35
303450 347843 37941 342534 393237 330669 403108 211256 223379 414670 276195 404700 57064 159866 420124 239835 192855 257317 164757 274380 322429 149411 222442 365843 409534 158445 36860 390404 42871 218200 153134 4975 326478 131022 306603 
273.389
48
403390 310156 378090 148764 246121 242647 6028 135966 367154 185668 311771 50621 380926 204003 104701 173531 216892 76703 8007 159596 101720 188578 229707 406994 130249 366346 399509 333637 59800 169527 210265 364890 328121 8903 215698 394624 324309 410482 236658 57014 226089 363967 198151 26721 382759 108474 268525 419047 
422.86
41
145986 285356 393027 131882 172800 166998 212478 228221 52490 410004 387164 126257 321831 252654 263955 346579 105726 252131 92188 390544 170772 415599 36620 145639 32034 343609 43486 14928 306765 178487 158724 303520 73117 315738 323023 99821 228340 148149 10432 86664 390688 
478.924
35
196737 354978 2015 285396 315058 382733 200927 374824 136951 305036 218713 250274 281171 154707 389225 232422 152713 84724 396559 274193 379665 191983 54616 291930 228515 395626 271006 282934 131200 15111 84993 76626 382378 228280 217878 
213.229
44
413717 301026 167741 209954 399594 364811 250737 95603 317158 149062 196928 258246 65950 397562 299798 16832 9469 277194 187489 11202 52340 106480 296824 5788 284374 52424 366132 276472 235088 267737 339547 265821 362333 289720 226070 157227 96556 159553 273522 7097 211576 134705 47533 256371 
372.903
47
184918 384942 414796 53702 215098 128169 120079 153288 163594 71601 362021 372922 25318 261221 127078 212324 418519 298564 58394 211785 73470 163493 192370 216953 106761 309276 132374 346253 31731 370095 120084 214307 236878 45544 235190 293109 1290 415726 201760 268465 340068 155573 407958 117773 44611 176138 250304 
636.34
45
40716 174906 139010 50164 109317 24766 369208 320236 325261 289940 315077 120999 175326 369302 282138 300930 400850 284425 242389 185046 91238 358522 337214 146868 19958 222553 35974 55209 408713 53541 116115 35905 238337 315300 171225 311767 103335 190930 94572 85487 324937 191868 111401 13887 173270 
361.776
47
412079 384752 332695 390101 142292 233030 254595 211904 292715 419057 177372 415972 165343 297157 417374 331890 81076 387464 213251 263253 375267 47495 321713 381073 388769 170057 380644 195091 218979 321906 259934 410439 244180 85488 391863 315491 371891 18657 281801 287250 48630 359825 372047 11596 273136 280 232131 
742.579
44
223051 159210 44555 111411 87571 90252 166366 406302 315710 236138 107486 415859 116856 257434 369346 145514 419888 137411 34317 403220 239672 227564 158120 184200 262372 56686 194582 339594 294331 92925 250737 110375 291050 224968 271307 331946 14337 378262 10868 52426 142255 384981 261680 354377 
419.414
50
14799 127525 47541 104789 40122 130777 339334 146244 69563 131534 140193 403515 292966 191067 357393 93082 310553 369597 200586 413124 378356 354223 315961 398852 10867 156908 342495 126999 83783 199766 71207 126373 185584 186262 152566 358371 419724 256523 2539 391893 186898 124940 80525 84359 178975 213701 139278 43409 98503 275702 
1147.1
55
419120 27110 58814 9655 272767 32542 205296 87799 297985 121607 192036 404702 132291 84966 101207 249717 103383 126369 328551 247544 91132 87697 416019 68406 31672 357420 410784 42184 330515 217299 75351 284665 291398 343319 139635 390207 385476 247379 332519 299607 386719 32890 61967 393307 276024 384910 309363 136491 243259 197411 181397 215587 380610 242520 298595 
487.52
41
257500 174544 137131 132726 91891 241600 35046 207040 301413 271318 336327 361374 199588 218607 204967 323085 260362 224529 212213 222198 195666 399342 126545 420508 416769 312018 35295 60138 255723 88814 26939 270255 129374 336839 85642 233904 358629 129137 105429 105124 248222 
461.877
50
135060 312027 392675 405437 182773 307262 292413 279217 68155 20427 253532 173249 41721 148482 52271 287275 124396 340674 165779 248799 418084 129157 238248 194328 319145 65660 315760 350847 82072 89583 214949 326163 3433 96494 54991 309653 229306 271193 50145 175278 67624 79560 232639 236914 375207 88395 341613 164344 17653 242622 
574.853
