14
447 2119 2013 556 4038 494 583 2392 3095 2450 2691 685 1555 2919 
0.399
18
3681 1689 1415 551 659 314 119 1090 3216 3635 2703 3050 988 2531 4074 3331 10 1093 
0.471
17
915 233 3968 163 1456 790 3797 2542 393 1206 2961 1153 3004 2029 2161 921 3362 
0.281
17
3902 2208 2555 1054 1775 2363 1488 3079 1569 2603 2421 2001 2020 654 3657 1377 3720 
0.34
16
2938 3787 2652 783 1871 1142 1038 3716 2336 2082 1295 1844 4080 400 2237 2975 
0.577
22
3289 1764 2879 1708 2130 186 2188 2721 3290 2123 4033 824 3505 1241 1402 1415 1022 1953 677 2833 2606 2882 
0.287
16
3389 3557 3011 249 2267 944 1702 148 390 1875 2565 1168 2451 771 466 3852 
0.286
15
3097 749 1200 1740 1064 4092 324 1987 2700 1963 4079 3850 3922 2377 2954 
0.211
16
1263 4168 3316 4183 1371 4013 3457 4080 1772 3183 3724 104 1930 2829 156 1847 
0.383
20
2229 2848 2569 4187 1964 650 2728 3657 3255 515 3347 2793 1462 1045 3835 2181 1511 2388 199 1021 
0.342
17
745 3752 3559 1342 3801 3877 3144 1750 2899 3685 2689 1670 749 663 1766 1374 2084 
0.327
15
2812 2360 1816 4150 1307 609 340 1294 1180 3939 3708 3072 3972 99 632 
0.789
21
3055 1648 864 1472 3720 725 458 2378 3965 208 165 3595 1849 3157 2093 1459 344 2868 352 1477 1911 
0.383
16
1312 1327 2877 2199 2097 2412 203 3635 3479 504 4114 3392 1939 210 1456 2608 
0.755
16
4157 3888 170 3141 3708 4151 895 1623 4111 3166 1442 1337 1646 3584 2758 3105 
0.486
15
1039 3469 3908 914 3339 1002 646 2178 653 3337 3934 2499 3996 3168 4041 
0.428
20
554 2743 3383 3322 2405 3807 1967 1419 4216 1915 1151 481 2897 2919 3138 18 1527 98 132 1911 
0.905
19
1135 2491 1439 452 3728 2220 3211 1240 168 3191 2610 718 4168 222 3588 3578 2323 1553 3423 
0.525
20
2860 175 922 2451 3076 319 684 502 2918 1285 2155 2862 3008 456 2171 279 2194 897 620 1984 
0.226
20
709 3426 2162 4171 303 3316 2107 3445 3551 1295 3096 14 332 1751 3472 820 2384 1765 641 3234 
0.547
16
2982 3591 3690 1486 1505 373 3937 3843 827 2543 3179 213 3826 53 457 1387 
0.379
17
371 2792 641 31 1962 1412 1501 3777 2855 1528 1173 492 575 4031 1272 1530 2812 
0.402
19
1960 84 2698 695 2282 927 2006 447 2349 1527 1437 1318 650 2278 2526 4088 1908 1315 2297 
0.352
21
2275 3117 2075 123 253 3770 3612 1183 3427 1099 2959 2741 1750 681 791 2363 1795 1906 1945 1176 3182 
0.416
14
2273 2847 200 826 3414 1202 2049 611 2326 265 867 1431 1974 2593 
0.283
14
3007 2201 3092 49 1196 2017 262 4144 3983 3370 1698 1366 636 1612 
0.757
15
3945 1576 626 3548 4112 677 816 202 2184 2290 3163 1245 1788 4004 4121 
0.294
15
1016 3947 1454 2546 1306 3650 795 3247 3309 4217 247 1976 3688 945 2066 
0.55
17
758 869 391 3301 4207 3632 3634 2440 1244 2249 910 2216 178 1546 4079 2435 3618 
0.32
22
795 1683 607 415 2819 1842 3528 560 314 1431 2353 2465 7 3836 3409 2620 3033 4045 4132 917 2836 4134 
0.398
18
1859 2348 2049 1379 927 806 4049 647 2011 904 2997 2735 894 1681 3837 3562 896 2261 
0.453
17
431 2655 959 846 1040 67 2406 3529 256 1241 2807 4181 1789 1356 373 1083 3079 
0.514
20
1414 2979 186 4057 1220 2576 3223 245 2981 2493 726 2747 4117 1117 1329 1840 2967 3300 1362 2087 
0.779
16
1912 2262 2139 3514 1339 3993 462 2632 2880 3202 2668 2205 2617 383 463 637 
0.281
18
2491 2000 2615 455 1873 549 2732 3912 2919 1686 1228 3394 1146 1416 1654 2758 936 1245 
0.942
17
84 2563 916 1864 1171 1927 2160 2005 1127 3604 2650 475 2610 4046 882 1594 4084 
0.516
20
2821 1578 445 2967 2406 1341 378 1692 1051 2986 193 3944 244 3895 1067 1802 1304 3920 521 2954 
0.409
17
2207 2732 4138 142 2881 81 2936 3314 1371 1853 3160 2447 1940 1883 2563 327 2555 
0.363
17
2671 1163 1044 1636 114 663 3648 4006 2488 3806 2098 279 1209 2685 3740 1818 2856 
0.217
16
570 1118 2786 1560 1244 3099 3059 2570 2741 26 3403 2445 3478 3973 79 2940 
0.381
17
1064 3053 3484 4103 1805 2557 3474 3051 1475 2623 3721 1054 2751 1312 1138 1477 3139 
0.856
18
794 620 2957 3373 1710 569 470 1885 2547 591 1441 75 2154 1035 412 1574 3309 4202 
0.823
17
1292 2923 2636 2513 743 1362 3012 4073 3864 1757 1836 1051 3855 3518 3897 287 842 
0.509
19
2765 381 1423 261 2124 1657 2264 357 4069 2349 917 2924 4046 1437 1327 1002 1755 1797 2282 
0.22
19
140 2493 148 872 966 3792 1931 3977 1654 4208 2090 448 3214 1613 1909 1823 3492 804 1388 
0.378
15
3962 3960 384 2069 2253 124 1063 2242 1727 2863 1366 83 2632 2436 3502 
0.424
18
1693 1526 3230 2390 2236 1206 2877 2287 2728 3127 3885 3236 2584 3754 3983 2906 812 4069 
0.518
22
3995 3168 2544 2479 2453 1924 1902 2626 125 2864 2070 30 3920 800 2823 4040 3898 1525 2600 3708 353 3914 
0.329
17
3039 1308 652 2010 2174 244 1556 2093 680 3550 3666 4114 3022 2658 3540 530 3427 
0.698
21
3084 918 341 2928 784 2768 2683 1477 147 3226 109 696 1794 3306 57 3081 708 2981 1720 766 1611 
0.884
19
3382 3635 2962 4143 2033 1058 339 2753 252 3860 2222 3815 399 453 1969 2155 3003 3129 4137 
0.23
17
49 3288 1353 3441 3682 3674 2815 1920 1388 2990 469 2723 3015 3081 3378 2011 3577 
0.265
17
4023 2745 1761 3367 111 411 2246 2200 585 2558 2608 35 1457 1029 1521 426 3645 
0.28
18
2984 1886 3987 1956 3813 3163 3765 1868 883 3110 3089 2571 3771 1808 3303 3352 1445 1607 
0.373
20
3244 1612 183 212 3216 2587 583 3436 1129 1626 1086 1076 3906 1137 2980 743 442 2931 1458 2814 
0.779
15
1450 1407 2578 738 3380 448 387 2135 248 664 3361 3059 558 519 978 
0.435
17
3773 2465 1858 2508 2190 2967 3107 2604 925 3416 2598 3464 727 1103 2065 3049 3436 
0.257
19
1131 2044 3738 3929 95 1047 455 2837 2243 3891 3695 3673 2686 1584 186 2059 2745 2068 1460 
0.273
16
4199 2806 46 2127 1619 62 2653 1079 3778 1662 1164 1555 3679 2930 1465 2238 
0.585
21
898 2855 1580 34 2997 2629 3779 1764 611 2340 3927 807 4040 3650 3160 1041 3130 41 1071 2103 4130 
0.265
19
4009 2231 3581 2828 2239 4043 4184 442 3939 3859 1377 3837 2652 3134 890 3605 2099 2557 2670 
0.222
15
3148 1269 2255 1121 3121 1820 4079 142 2778 2792 225 1790 151 367 2986 
1.047
16
314 4022 162 21 1188 4075 1111 2842 1734 1687 1221 232 2793 2503 515 868 
0.392
21
2716 3868 1140 997 2621 2697 1673 20 838 2485 1669 3704 1528 2104 3507 463 1455 2139 847 885 1375 
0.368
17
3995 67 2666 1006 502 1005 991 1 1486 1662 4039 3022 2532 3049 1681 1211 3809 
0.371
22
241 1334 107 2221 1059 1577 2711 3707 1497 1714 936 1519 3058 2241 426 3839 148 432 1152 3361 287 1303 
0.416
18
1032 267 3760 918 2823 1841 1063 2007 2794 4190 1284 3346 3200 2878 2754 1053 3777 4131 
0.432
19
738 3789 1417 3977 2407 1006 2676 817 1611 912 4044 2709 3942 409 2416 908 1774 757 2024 
0.413
19
1978 4121 1859 197 701 2403 3941 156 3613 1229 3568 3377 3742 2290 215 3068 3758 3708 4123 
0.51
17
2227 1548 2491 3204 1146 1537 4120 1207 2815 3740 2899 2499 1166 1680 643 349 620 
0.478
23
3241 3166 928 3428 2271 1226 952 2565 1420 353 3191 376 1188 2640 969 1958 1492 3332 1381 1716 2965 260 3509 
0.51
13
1350 1318 2714 363 3464 4183 2604 3508 1993 1847 3643 1612 2152 
0.871
23
1192 743 3886 3800 3993 302 1163 2974 2848 1031 1144 3268 3054 3021 1023 4079 577 2257 879 907 1832 246 3501 
0.429
18
1698 2207 1000 3637 3330 2458 2650 3126 678 3507 2142 1311 2817 893 2979 1810 166 1059 
0.464
17
1658 1076 1034 4096 3144 2979 2363 4186 1451 1647 1488 450 2581 2262 2100 1897 3720 
0.777
21
1312 1403 4029 3491 2366 3622 3829 277 1917 100 1883 137 2348 3876 1017 418 1340 1480 1870 2250 3946 
0.662
15
1813 3048 1771 4179 3023 4204 505 794 2873 893 348 904 151 2351 2560 
0.932
18
381 1307 303 3150 3020 3013 2067 1446 4140 199 1489 3968 282 2293 513 3098 1927 3148 
0.397
15
3080 56 178 2291 3703 516 2246 2303 2445 240 378 581 2104 4189 2713 
0.293
17
2699 3519 1266 4026 1375 1282 646 4009 1298 456 2091 3818 1349 2170 3632 1927 3593 
0.369
19
264 4025 974 4215 3124 1297 457 763 3230 1834 2082 3272 3110 2458 1088 291 286 1741 3221 
0.215
13
1502 3704 1019 23 3102 3536 1431 3198 967 2762 2709 101 3399 
0.523
15
1139 2810 3644 1021 1034 2478 752 2631 3831 3530 1822 3227 2776 1182 2527 
0.656
16
3670 1261 1089 410 1935 1130 3383 1934 1850 833 1572 4196 350 2550 3575 305 
0.212
17
2085 3064 4218 2570 4127 2959 598 3334 3935 635 1368 24 1460 2392 610 652 1215 
0.391
17
1919 1772 499 2400 3049 3427 1663 1176 2304 314 279 526 2639 2087 3980 1254 3491 
0.475
18
892 4206 2994 2740 4083 3242 3371 506 2422 393 602 808 2600 509 3670 3624 1786 2204 
0.716
16
2232 1233 1556 3751 1228 1683 2717 1167 3020 3085 287 2349 3692 1435 3846 4031 
0.266
19
4137 791 1277 3211 4174 4128 3848 63 4096 729 1646 1248 1358 3134 330 3606 1291 89 326 
0.535
20
1129 3997 4171 312 1092 2678 1260 1825 3117 1910 2226 3587 156 3138 50 4066 978 1721 922 2914 
0.576
18
1373 4178 2923 2 1570 2904 858 89 4059 124 3372 2482 3695 3641 2068 1735 1077 2170 
0.208
22
3778 519 3256 2004 2774 2544 1451 1159 2430 1693 2600 1155 2619 4091 289 3346 1003 1060 4059 305 3579 630 
0.303
18
917 318 2216 3208 1016 1774 2045 2519 1817 380 285 1565 2276 928 598 2584 3289 2479 
0.223
20
3677 3333 1438 3619 1817 2267 1039 1176 2305 1088 2143 2033 56 3285 644 548 3249 1853 45 3202 
0.287
16
2045 798 550 3673 1582 3618 2720 3119 872 3725 962 2851 4150 3983 463 1695 
0.611
20
2228 3668 2152 1448 2980 350 219 3034 2885 7 862 2488 2057 623 3085 3539 3462 3013 3087 3134 
0.782
14
2521 1614 1484 2422 1740 472 2664 3940 2602 959 1726 3627 814 2343 
0.432
16
1672 995 2191 2266 2563 1577 3599 2860 3168 546 1185 2047 2716 1365 938 3076 
0.659
16
3122 2136 921 1775 2813 1929 56 2671 1344 1530 4120 2114 1834 3159 1594 2102 
0.398
27
3155 3033 250 163 346 3006 3192 2743 3894 2751 1582 2987 1435 1952 48 3921 4090 3651 778 2860 2333 1032 1802 1576 3379 3093 4029 
0.358
