33
9652 40862 3729 18790 38332 13783 12056 23576 33556 1102 1523 321 26653 36780 15404 38934 5281 10520 19321 39734 32898 34493 23643 44 35945 38918 16624 22856 12140 3223 33690 3731 22705 
3.289
30
31737 16721 10057 9934 37268 4867 1710 6561 28444 33235 30973 7522 5698 4264 38922 16200 39752 41015 16030 5414 26031 8741 33340 26428 3035 36115 27182 7569 12493 33166 
3.812
27
28828 25784 37966 12672 15189 2494 11174 9732 34459 10662 12052 29064 24444 9571 22712 26547 15216 34140 3209 19351 41432 23533 4770 33357 15518 11018 11374 
3.383
27
3087 15104 39608 9504 9932 19290 17144 28262 37304 28465 36185 29377 39636 38944 39377 39094 28486 1161 20015 6915 34220 19034 32346 38 31731 22347 14974 
2.309
23
32695 1002 26490 27286 13450 4584 3255 1507 38893 40999 29127 41926 42134 8362 8456 32234 36897 40464 29487 11236 23428 9434 19693 
2.474
25
10724 27542 7188 12185 26753 3891 10624 24189 16577 26625 4345 12124 4198 6948 29385 28622 10940 14176 18834 26 38376 21456 21556 10866 34062 
2.87
31
28739 34539 41637 36208 17044 9964 2903 35258 21221 28073 20108 4640 21666 278 14459 41840 35729 29801 17616 30167 26964 15448 10886 29928 11809 19258 13348 2513 34530 3944 32643 
3.083
28
17859 38050 28043 19305 8707 25684 1395 10239 27068 6557 32037 1600 14380 7725 26748 29879 35892 14970 28925 3019 40688 1226 17053 38008 28060 25769 1852 35419 
5.445
33
3041 16288 26835 3711 39291 26875 2437 25398 7093 40984 10208 31916 24910 14652 40249 13131 40301 35762 37219 38133 7889 27247 20645 12588 9998 27229 26204 39470 17249 21909 24886 21714 27793 
4.285
26
16890 29165 653 869 2621 39902 30524 22931 14949 36988 28800 31249 1707 32210 40369 10355 12835 33768 8227 5255 23235 19364 20043 687 1123 16772 
3.153
30
4967 35559 21711 26881 16999 16618 35282 8919 16894 30331 12424 23183 33032 419 28936 5716 18747 33757 42072 25952 2060 18337 23116 35220 25615 21568 8885 39134 24328 25614 
4.186
25
36881 11551 20164 38827 24824 4106 32703 20852 4603 2551 35809 15231 28675 2486 5297 7917 6465 35144 41050 40179 10419 25923 35521 25827 39956 
4.487
28
9623 3076 26626 23453 31164 18912 28147 18366 34018 2096 11899 35040 8504 23827 30940 22708 34503 32610 17960 365 37999 20633 14832 3400 35878 38697 16048 16272 
2.402
26
20942 634 14624 6064 32408 21179 25686 14313 41881 34355 25681 18661 32041 39344 15936 11792 6510 12317 4880 30843 36275 27780 40566 19501 23804 35581 
4.213
32
9126 31562 11870 39168 41505 6646 32231 32162 3552 23901 32934 12928 16937 40230 39515 40634 15380 11030 20927 8432 41302 18508 35573 34696 40758 39604 24946 4468 20677 13177 3894 6329 
4.276
29
4762 27163 21440 2286 25295 15370 8561 35578 20598 17094 42047 31406 10186 35536 11041 9746 34313 3972 12641 11090 28058 33995 29415 40416 22798 23295 33172 8082 16876 
2.551
30
8687 552 41124 14868 32373 14623 5543 5452 20477 17977 19283 2708 11761 35915 23576 31859 38862 13611 34469 30480 21259 21749 12261 26321 38660 1610 26580 37888 25699 17813 
2.208
26
20315 11125 26045 23901 40819 38310 18914 37243 30779 14357 33189 40997 14024 18368 20600 6229 19640 7205 20238 10208 36103 9132 36178 1433 21718 29730 
3.204
30
3526 6348 21157 26745 21620 2840 33065 7707 367 2636 39787 32302 29166 4693 5840 9021 32695 8207 205 24751 4563 19389 33283 34331 5461 11767 39333 13162 5207 20254 
3.07
28
20432 32565 34788 33701 34339 41894 6047 25156 28658 28510 7382 16172 8255 4536 33901 29474 21245 14186 18256 23715 8597 23689 39828 15822 37130 30994 29535 37568 
2.629
28
40720 1555 23787 201 29582 18718 19868 28550 10681 12399 40348 15111 32706 9599 24068 11388 12906 7158 15202 12792 3800 6157 40142 6497 36208 25276 31087 38251 
4.197
28
1187 41068 12544 7636 21483 29535 16202 22674 10377 10582 38224 32520 988 20361 1860 6909 15838 8190 17282 18022 24422 29038 15305 10028 25909 39380 6814 27092 
3.32
26
34167 1617 39468 25710 30488 5641 19158 5888 32382 40649 23580 9196 25028 14801 24761 20223 1429 6040 10752 22616 26290 30187 7536 28045 11621 29356 
3.021
27
17913 15883 18244 40346 17268 20545 6925 40468 26528 2654 37324 5796 31518 34859 433 41216 2832 27666 15553 2458 8526 3033 26875 11213 17027 20109 42121 
3.958
29
34387 12382 18846 40352 7353 908 40476 25792 8211 34808 24897 16624 7127 41138 18569 38495 32074 33262 2572 32209 10698 13472 32371 7018 5092 7268 8567 8280 35414 
3.012
34
7349 23709 26074 37953 16084 10901 31154 35301 39482 32442 36067 34827 22228 21658 7193 9425 41100 21828 34100 35200 34145 9082 11755 31479 39447 32195 1620 3793 12355 28672 23020 889 9601 34371 
3.089
29
13528 7448 38030 3011 6134 39246 38784 29022 12614 13183 34792 39466 20191 22233 41917 586 11183 2750 6889 25539 10998 641 35506 27441 23827 32921 20459 1202 26297 
3.562
30
6732 13324 9385 39470 7547 19873 5905 11523 41571 28093 1772 9924 25299 3258 16660 26376 39502 13713 22976 9312 31113 23692 33319 11357 22668 36584 38628 11092 1226 16987 
2.735
24
17743 8857 3694 19415 12382 1401 7649 29773 17354 34063 11235 21935 36752 12376 22111 29643 6418 7990 23742 41901 17751 6059 5011 26936 
3.232
23
32775 41430 13345 26782 39533 20126 25098 2755 20301 8342 1739 39447 27332 3883 13045 2490 6132 30008 1526 16008 6261 6070 13635 
3.94
23
26004 11629 737 2844 21947 14104 9830 1472 7667 244 34616 25234 34210 16277 26423 26573 9343 17584 38319 19378 26794 2508 27897 
3.092
33
29883 25511 3085 9679 32964 37566 17838 7511 23121 5328 8802 14190 6283 10971 30474 37328 37130 34823 19088 21282 22652 28084 5584 23691 28611 11923 19960 19872 39615 21645 11217 10389 11229 
3.515
29
36851 21092 14214 38543 9295 40664 4792 20079 32307 16717 12820 42023 24809 2455 11387 8740 14658 17950 30899 4096 15997 10440 28867 19716 37399 33098 2212 11211 12769 
2.982
27
41604 12623 15668 18130 5490 29639 31602 16684 5873 40358 27881 40225 31043 14729 18006 28893 12750 41083 34693 7127 30152 8716 8780 34585 22506 21647 28910 
3.245
29
14693 13560 35520 7649 39764 7795 23354 4411 7815 12028 36081 14988 20966 37461 20212 13040 31548 22671 24338 14982 7314 16936 25878 2614 30821 18034 23536 17047 23137 
3.124
26
40361 25953 14387 6640 10565 22122 31331 41495 38342 21338 16746 5962 7281 21847 13027 20806 39071 31039 14577 25780 3283 1186 28917 35726 8774 16986 
3.583
21
32303 3037 18261 2361 32626 4907 32645 34493 22925 19737 11830 37039 9087 40367 17714 37967 18343 16988 34784 12287 24455 
3.967
27
41109 26758 34569 26908 13150 10161 26272 41877 7271 2357 41546 35850 2818 7921 22618 17816 20233 40643 27488 7154 37493 21166 39836 23994 33978 3857 20554 
2.727
30
28192 7615 1452 28573 23135 31027 33169 32483 28447 32401 1553 41283 17797 13757 32540 1117 5643 20942 27967 38170 10482 22016 14807 29118 33948 31133 11316 12207 25968 32573 
3.134
27
16880 17859 41917 28173 13989 40797 13637 14326 230 15039 34731 39045 29072 24874 25417 13553 34842 9621 34321 1717 23564 5679 5300 6305 597 17761 29869 
2.876
33
20963 41097 12859 27962 23182 15645 31742 17520 41713 17853 27547 41506 1788 12732 17041 20040 5588 24746 31087 14855 15629 733 639 9094 18720 4440 24004 40963 34248 27019 39084 28536 33072 
3.111
28
16809 9743 30593 35875 41718 35675 6093 39365 16530 4935 6315 41988 38814 155 14851 33380 21406 40123 15143 22784 17440 15999 19389 26586 25061 36012 22422 26177 
2.487
30
34684 30527 37963 27368 31541 17121 2229 25955 23300 31273 1910 23203 14852 18421 2527 34021 23597 2701 32442 27034 16928 18260 8052 38083 28805 24060 3237 37390 727 29773 
3.535
32
10072 25631 35952 25705 12171 1017 41570 12375 10369 462 2394 31959 16380 29404 37982 36619 5116 8285 34879 8441 32378 21769 20591 16003 30198 24610 40793 13432 22263 21407 16886 10127 
2.452
30
24528 18246 18754 21548 36379 23029 36367 960 22843 4943 6682 14805 12092 32281 27487 23672 31921 33038 16891 27341 39395 6586 23523 11896 8544 34175 13883 31163 1464 9178 
3.293
28
21638 22056 4416 15738 20970 31586 6791 7178 23787 23274 12363 5703 35721 29995 32135 40923 35693 37918 33209 17349 1210 16514 38816 3008 23839 10313 13423 21732 
3.086
28
34471 18700 32291 3988 4936 41006 28779 30718 10867 10041 18939 40733 8680 37066 32136 25596 39596 10707 34049 25021 24641 5321 41495 22048 41695 36837 6908 41934 
4.924
27
35058 37 31261 9384 38846 36695 6291 15790 26981 9129 16498 41231 9590 21178 38478 8148 25164 8216 23528 38494 23929 6249 19522 31009 33333 1587 34300 
2.712
36
20479 39273 33149 4219 7949 3026 24727 30914 19699 34825 27378 38891 33668 26881 2116 26470 15337 12814 2528 21247 33860 10484 17394 21914 24193 26455 5803 38933 21565 20832 29064 41436 33142 32301 1524 12659 
3.434
28
41925 1840 27856 5389 17650 35908 6352 455 29652 13694 34687 18188 21417 379 23044 1690 18314 9307 40179 40838 11816 14690 20491 38860 31736 28974 419 28594 
3.475
26
9785 30076 21918 24885 25751 758 9332 14665 38975 8324 7515 34416 2537 673 11231 40468 9938 7977 33700 26049 36609 226 2995 36912 25692 33818 
3.995
26
41959 29446 10778 22021 22590 40343 36609 22155 16677 34393 40956 11613 1417 27001 4153 31467 12731 11585 37839 26966 20067 18062 6274 17767 22630 30447 
4.023
38
27485 16408 13192 7044 28967 38348 272 14112 11339 25965 12940 5299 25100 33736 40830 31827 4651 41810 33807 10040 41014 22668 31677 36086 27636 36961 3916 28762 23049 1774 2790 19857 41634 38479 12488 14344 29549 37262 
4.714
23
22935 21837 7817 1629 41335 16341 12287 1723 2478 6621 38675 14167 30680 18685 29239 29949 778 20503 19359 26453 19742 14802 34890 
4.122
26
8415 41207 39772 33101 7042 15572 32888 23543 33390 12692 10460 24436 23793 2517 25143 17815 27595 38622 36172 8527 41900 6726 17608 37524 7945 26539 
2.271
23
34291 5167 12842 36157 33174 28721 26340 40899 21818 15988 3012 28535 40202 22436 26510 21412 14784 14136 40236 38657 32305 35346 41166 
5.713
30
24927 27040 37407 7279 24938 19056 12996 4695 27315 7554 24356 34025 10036 16121 7040 40691 31048 4137 27921 9883 18990 27005 38515 36730 15335 37959 35397 32047 15369 36146 
2.761
31
22579 37622 24295 38245 22855 27327 19454 18135 10558 24079 27521 20143 26975 7029 25692 11967 20334 39531 37690 31651 16498 12702 5014 29512 35919 19648 25871 30673 1771 13950 27976 
3.184
26
29468 4472 1078 9509 7206 37980 38277 18388 13846 35820 22676 9960 27707 2073 30625 35595 23987 36449 30357 37364 29729 2710 35869 22279 2593 35319 
2.977
23
30922 19401 36084 25901 1070 6212 15492 38987 3513 162 18498 160 38853 4879 37373 39821 41489 33611 8561 8284 9202 3626 6848 
2.942
23
33698 29981 11814 501 15625 27496 18434 30302 39456 39752 27125 8467 31164 6589 30012 21111 25407 35006 4908 9466 827 14881 15245 
3.544
27
2116 7009 34664 17169 8286 5727 29533 25911 23826 39703 14834 15207 30704 35575 20378 35623 29195 2416 24082 9829 25735 4495 14063 36199 10391 17235 21916 
3.039
28
29487 42151 15781 21698 34224 23150 12493 10787 31474 36921 21447 35912 7606 8813 5270 24293 5211 29853 9425 31772 37389 13167 509 22470 26867 28095 10497 20807 
2.875
21
13788 18924 13635 8680 39284 1423 16783 34705 7368 29080 33173 35098 1417 9308 21025 28447 7818 4297 30657 17432 34966 
2.673
25
11480 4772 15164 9957 17901 32873 6995 23716 22383 33862 27350 6832 5466 27238 16700 17093 11294 22309 40786 14599 23710 22608 35399 13293 40011 
2.955
24
15822 3108 27625 18524 28684 35447 28642 22888 24494 18320 23771 13174 41153 15419 5292 19495 1332 28854 16810 7797 5670 23379 1774 35853 
3.886
33
30047 8541 34436 25163 32178 21032 37633 15881 14849 20520 9371 24508 28931 10860 31250 17538 15579 10126 16194 11897 11729 3022 15884 16181 5694 1334 15789 25092 20765 38399 21917 8991 34476 
3.248
28
33866 15485 25960 39720 35081 14220 14364 24985 32548 22792 1952 16602 13874 14133 19856 25895 41356 37987 24484 9582 15027 36543 18373 15396 27648 31628 14999 19496 
3.526
36
24555 27271 10092 2554 16112 21640 31817 13365 28316 39032 23253 9670 26290 14431 5656 37523 15845 11019 36351 8061 24499 2932 25264 619 41653 3986 3111 10822 23262 41482 29892 36248 33826 6415 18601 31988 
4.299
26
7097 5612 20948 38107 39559 28104 41766 3308 23243 40672 21167 33010 7882 9135 20249 11615 432 39799 40265 24683 16396 16731 1899 40121 2743 3069 
3.737
37
24225 15897 38475 21972 20430 3903 38643 26273 14112 5440 17441 17100 29206 4612 3118 2350 24145 6664 6200 28484 3906 32471 12526 22585 34963 1697 1823 19155 39893 4809 11769 13231 31863 38377 18345 11782 33626 
4.362
32
40906 18750 30007 28872 1763 2102 13743 5513 26351 14980 13776 18524 3688 41732 24621 38106 25544 32851 14091 19920 21560 18359 19945 41654 38186 36676 21266 31731 31422 40865 2391 15681 
3.566
26
41800 37739 6502 25331 29265 26337 33679 41446 6479 1414 30437 26910 39597 40130 23497 5752 16930 14497 16513 41431 40556 40697 6258 37470 2517 33336 
2.258
23
32533 29306 7737 30435 15411 19122 4237 30270 35014 6314 24404 23558 17907 9156 30103 40826 24395 33631 7175 34788 12965 11553 20743 
5.09
35
22740 25453 11720 30607 33568 4165 12433 41580 4888 11693 1753 7481 11602 6848 4826 30949 5846 14067 34708 32054 41444 36624 41613 15624 41704 6864 10866 32743 828 20926 18085 18443 38491 9968 13841 
3.763
25
30050 12698 16264 10002 15162 28265 12737 666 4847 35419 39093 5961 31484 41181 33175 10856 42159 18618 35600 5476 7975 177 22660 17984 31988 
2.782
30
35620 15432 16597 16717 16241 41456 38798 30385 18030 38160 40163 39610 37215 465 12561 15716 10435 5125 21633 28435 23080 20705 27374 6190 8122 19209 16758 20945 8606 10434 
3.963
27
39227 32695 27327 26573 10744 19762 5424 9860 5982 12772 41694 39167 35787 6102 13319 24443 22803 32645 22291 14100 38718 38104 2819 22122 16367 4564 24700 
2.95
26
6605 17857 38062 33493 360 4794 38 40283 14413 24876 2859 22930 8388 34831 1741 18604 25395 1491 12758 25658 29550 35607 34832 11559 19376 33266 
3.035
25
35264 11288 39670 31330 14832 4970 29937 3143 25057 36328 29085 22026 32755 10326 34999 2543 20719 10134 28272 37543 13863 28025 4202 7339 10537 
3.419
26
37140 41854 28022 9467 36743 30828 11368 24587 22029 1452 20375 8814 32156 37850 20504 30168 35915 35613 3835 12312 16818 4590 1052 25224 6968 25400 
2.699
32
1163 37819 39759 24917 2287 26014 10608 20873 4601 3741 2276 11831 41082 32229 25115 24693 29528 665 12572 24031 11879 20132 21500 10269 20252 15940 39062 7890 42087 34199 18133 26728 
2.716
26
14069 21120 11878 40177 6952 7839 10012 487 31718 39835 30060 3493 8402 41555 13181 4315 16446 31488 4874 32538 39229 12406 4494 9234 21949 38239 
2.59
28
10291 40083 41180 26600 1028 9793 11661 16636 5166 616 34596 15077 5812 39816 39506 4649 33635 3633 26725 24443 30624 41324 35274 13050 18046 29094 26897 27783 
2.674
28
5967 34506 15213 20252 23800 2468 13830 17842 654 41916 31528 16016 30856 41233 27483 9347 24365 14728 8484 36462 33653 30229 6721 10843 13166 38095 15669 38025 
4.273
30
33196 21847 23187 33711 16758 18579 5396 16345 21307 9949 1582 22453 30734 6692 19310 25030 28052 25510 21404 29716 23510 11106 27314 2119 36252 15388 39558 8918 1839 23894 
4.864
29
403 1686 26599 41494 13970 16069 29761 38253 35429 7192 12756 7268 26121 6009 17689 17547 34057 21914 39504 35730 18166 34554 9275 6440 29033 109 27154 20531 27890 
3.439
27
37483 5886 7091 21136 35859 28490 24884 37450 39077 24681 39860 6993 19177 10153 15956 19875 7302 40212 24663 27149 34387 33970 39787 39451 5339 24656 37205 
4.684
26
20320 2846 2972 31821 6027 22108 17368 23660 28298 4446 34523 20926 39060 27883 28504 908 30995 14574 19331 37697 29228 9279 19388 40674 10161 23473 
3.149
31
464 5073 7695 20877 15607 290 33849 31076 37678 13212 16666 34194 17601 10200 14201 41772 13279 26740 507 39721 38518 12550 21627 32916 25734 36639 40046 19962 28105 7615 37241 
3.383
29
2218 27820 10933 38422 7413 12857 17690 15107 6655 27605 20823 13016 634 34756 14527 341 29442 4318 30116 18447 14176 19825 16844 29205 16320 5929 20895 6799 17150 
2.573
30
39659 37106 22395 25869 31505 8547 1056 20205 600 14849 37837 8521 9199 41753 38591 27069 23294 13754 15350 21772 18839 8423 32657 35581 35930 40695 8775 3602 19628 20972 
3.213
37
20420 42036 14333 12012 33623 3272 20631 37405 21760 22008 27715 19457 16041 6909 8006 19441 12074 2141 41570 29870 29993 37048 14218 14879 24041 27921 37464 18265 2225 25982 36364 31647 18093 12164 33609 27947 4100 
2.192
24
12372 38585 9921 3447 39165 19946 4345 2027 25108 4525 7542 29261 25006 1269 34798 30325 29511 37430 20143 33454 40459 16780 2616 33181 
3.862
27
8849 25195 10746 24089 8522 23994 20904 22099 15305 38697 9139 39057 41751 7205 22975 689 34598 6972 5424 9593 30818 37401 4280 16471 2738 19479 41407 
2.865
27
3356 7954 12124 9923 41471 29826 9513 8445 4282 1812 33179 42080 32531 33405 5129 34683 17804 4365 7500 16490 31610 11551 22118 18551 25354 3445 38320 
2.633
29
22978 3156 38813 25566 24304 23473 7747 35306 33207 9914 38560 697 26515 28767 17387 9182 20896 39179 7492 36590 35553 22908 22950 11268 21404 15963 29549 8262 38465 
3.351
28
10020 34660 41535 23829 16472 19746 23315 12992 20893 40646 41491 3554 29777 22896 30132 41336 31704 35044 29033 11876 7815 41837 3443 19501 11325 4222 28355 29943 
2.844
26
23646 6293 17863 41938 12227 35172 29965 17916 22158 38769 12832 21069 38383 28088 14409 25900 21400 22772 38853 31198 36813 31097 29392 37646 574 33659 
2.698
28
97 11284 31347 23761 7512 27873 16183 22049 26899 33313 11501 40431 19492 27262 21885 22857 25873 11835 13380 12356 30094 31594 23157 29941 28608 28914 12652 34500 
2.753
