14
2013 447 2119 2919 556 866 3224 404 3255 1526 1647 2973 733 4038 
5.588
18
1689 988 2703 3216 659 1090 551 3681 3050 1415 3635 314 3331 119 2531 4074 10 1093 
12.868
17
233 393 1206 3797 790 2542 1153 3004 921 2161 2029 3968 163 2961 1456 374 915 
2.952
17
3902 2421 2603 2363 654 1775 3657 1054 2555 3079 2001 2208 1488 2020 1569 1377 3720 
5.747
16
2938 1142 1038 2336 788 1726 2652 1295 3058 3921 847 2566 3113 3787 337 928 
15.164
22
3289 1764 2879 1402 2833 677 2188 2721 3290 1708 2130 186 3505 1953 1022 1241 2123 824 1415 4033 2606 2882 
3.963
16
944 1702 3011 3557 2267 390 148 1875 249 3389 2565 1168 771 2451 466 3852 
3.094
15
3097 749 1200 1740 1064 4092 324 1987 2700 1963 4079 3850 3922 2377 2954 
0.208
16
104 4080 4013 4183 3316 2829 1371 1930 3183 3724 3457 1263 4168 1772 156 1847 
6.343
20
2229 2848 2569 4187 1964 650 2728 3657 3255 515 3347 2793 1462 1045 3835 2181 1511 2388 199 1021 
6.749
17
3144 2899 3877 2689 749 663 1342 3801 3559 745 2084 3752 1670 3685 1750 303 1766 
4.519
15
1294 609 1307 1816 340 4150 3972 3939 2360 3708 3072 2812 1180 99 632 
18.971
21
344 2093 458 3965 725 165 208 1648 3055 2868 1459 1849 352 3595 1472 3157 2378 3720 864 1477 1911 
10.053
16
147 3349 1825 3347 1327 127 2713 4150 1958 923 3126 1005 2680 2097 728 3603 
20.048
16
3584 1337 895 4111 3141 618 398 3251 1632 3166 1623 4146 2852 3875 481 1232 
11.782
15
1039 3996 3339 3469 192 653 3337 2178 3908 2480 2499 3168 3129 646 1283 
7.785
20
18 98 3138 1527 2897 2919 1151 481 3807 3383 554 2743 3322 2405 1967 1419 1915 4216 132 1911 
27.911
19
2491 2610 1581 3211 718 2323 3578 222 4168 168 1240 2220 1439 1135 452 3191 3728 1553 3423 
13.247
20
2860 175 922 2451 3076 319 684 502 2918 1285 2155 2862 3008 456 2171 279 2194 897 620 1984 
0.225
20
3472 1751 4171 2107 820 1765 2162 3426 3096 303 2384 1295 14 3551 709 3316 332 3445 641 3234 
15.722
16
3179 1505 3843 3591 53 3826 2982 3937 3690 827 2543 373 213 1486 457 1387 
6.244
17
2792 2179 2695 1963 1617 2718 547 3750 3094 2108 1244 2851 1962 1173 1528 1263 2640 
7.142
19
2282 1437 927 1908 1720 1165 1427 4028 298 62 1591 3271 2278 1527 4088 1315 2097 447 4111 
8.791
21
3117 3427 1945 2075 3770 791 3612 123 2275 253 1750 1183 681 2741 1099 2363 1906 1795 2959 1176 3182 
8.925
14
826 2049 2326 2847 611 867 1202 2273 3414 289 1431 265 200 1586 
2.426
14
2201 1366 49 262 1196 1612 3370 2017 3207 3983 3092 3007 314 4144 
17.581
15
3945 2290 1245 1576 3163 816 3548 1788 202 677 2184 4112 626 4004 4121 
3.175
15
1976 2546 1306 3650 4217 795 3947 3247 3309 3688 1454 1016 247 945 2066 
10.608
17
2216 4079 178 1546 2249 2440 391 3632 4207 1244 758 3301 3634 910 869 2435 3618 
3.97
22
3836 3033 2465 2819 795 1683 3409 2620 4045 917 4132 314 560 415 1431 1842 2353 607 2836 423 2317 3528 
12.855
18
927 2735 3837 2011 4049 806 1379 647 1681 894 904 2997 2049 1859 2348 3562 896 2261 
10.827
17
1040 1241 1789 373 1356 3529 2807 256 2406 2655 4181 431 959 846 67 1083 3079 
12.225
20
1220 2979 4057 2747 3223 1840 4117 186 2981 1117 726 245 2967 1329 2493 2576 1414 3300 1362 2087 
20.592
16
462 3202 1339 1912 2632 2668 2617 383 2880 2205 3514 3993 2139 2262 463 637 
2.763
18
2000 1228 1416 3394 2919 3912 1873 2758 1654 1146 1686 549 2491 455 2615 2732 936 1245 
26.997
17
1927 475 882 2160 916 2650 3604 1127 1171 1864 2610 84 2563 2005 4046 1594 4084 
8.169
20
3944 1067 2986 378 2967 1341 2406 244 1692 1802 193 445 2821 1578 3895 3920 1304 1051 521 2954 
7.859
17
2881 81 4138 142 2207 2732 2936 3314 2563 1940 1371 1853 2447 3160 1883 327 2555 
6.878
17
2671 1163 1044 1636 114 663 3648 4006 2488 3806 2098 279 1209 2685 3740 1818 2856 
0.217
16
2570 2445 2741 1118 3099 3478 26 3973 1244 1560 2786 3403 3059 570 79 2940 
6.052
17
3474 1475 2623 3721 1064 3484 4103 3051 2304 1138 2557 3053 1805 3139 1054 1477 3426 
22.118
18
2957 569 794 1710 470 1885 591 3373 412 1035 1574 2154 3309 75 1441 2547 620 3178 
26.592
17
1836 1051 743 3855 1892 1292 1362 3012 1757 2513 2923 2624 3185 287 3897 15 3864 
12.642
19
2765 381 1423 261 2124 1657 2264 357 4069 2349 917 2924 4046 1437 1327 1002 1755 1797 2282 
0.22
19
872 1909 3214 148 2493 1931 140 1654 4208 448 3792 3977 3492 1823 1613 2090 966 804 1388 
7.464
15
124 2253 620 2863 3960 3962 3502 1795 1366 2242 2069 384 1063 83 1419 
8.242
18
3236 2877 1206 1693 3230 3127 2390 2287 2236 2728 2906 3754 3885 1526 3983 2584 812 4069 
11.542
22
1902 3168 1924 125 3708 3898 3920 2600 2453 91 3995 2479 2864 2626 2823 2070 800 2544 30 4040 353 3914 
7.451
17
652 3666 3022 244 2174 1308 680 4114 2658 1556 3039 3905 2093 3550 530 54 3427 
18.255
21
2928 147 1477 3226 1720 2683 784 2768 3084 109 57 708 3306 3081 341 918 696 1794 2981 766 1611 
23.464
19
3382 3635 2962 4143 2033 1058 339 2753 252 3860 2222 3815 399 453 1969 2155 3003 3129 4137 
0.227
17
1353 3288 2815 2990 3441 1920 2723 3081 469 1388 3015 3674 3682 49 3378 2011 3577 
2.238
17
1761 3367 2745 111 2200 2608 1457 1521 2246 411 585 1029 2558 4023 35 426 3645 
2.712
18
2593 3089 3110 3765 3813 2571 1868 3771 3303 3163 3987 883 1886 2984 1607 1956 662 1808 
8.383
20
1612 212 3244 3216 183 1086 1626 1076 1137 1458 2136 2931 442 743 3536 2980 2955 4056 12 2587 
23.014
15
558 3361 664 2135 1450 1407 738 387 448 3380 2578 3059 519 139 248 
7.252
17
2465 3773 727 1103 2065 925 1858 2190 2604 2598 3464 3416 2967 3107 2508 3049 3436 
1.653
19
1131 2044 3738 3929 95 1047 455 2837 2243 3891 3695 3673 2686 1584 186 2059 2745 2068 1460 
3.597
16
2930 1555 62 1662 2127 1079 1164 46 4199 3679 1619 2653 2806 3778 1465 2238 
11.916
21
34 898 2629 3779 1764 2855 1580 3650 3927 2340 611 2997 807 4040 3160 41 1041 1071 3130 2103 4130 
3.366
19
4009 2231 3581 2828 2239 4043 4184 442 3939 3859 1377 3837 2652 3134 890 3605 2099 2557 2670 
0.22
15
1269 151 225 2778 2792 2255 3148 1820 142 4079 3121 1121 1790 367 2986 
24.432
16
4022 1111 1221 232 21 162 314 1687 2842 1188 4075 2503 2793 1734 515 868 
5.381
21
1455 463 1528 2485 838 1673 3868 2716 2621 3507 20 1140 2697 997 847 2139 2104 3704 1669 885 1375 
9.081
17
1 1681 2666 1486 3049 2532 3022 67 502 991 1662 4039 1006 3995 1005 1211 3809 
7.175
22
1714 1059 3058 1334 2221 936 2241 3707 432 426 1152 1519 1497 1577 2711 107 3361 241 148 3839 287 1303 
11.613
18
918 2007 2823 1063 1032 267 4190 1284 3346 1053 2754 3200 2878 3760 1841 2794 3777 4131 
7.964
19
2676 738 817 908 1417 3789 4044 2416 409 3942 1611 3977 912 2709 1006 1774 2407 757 2024 
10.168
19
1229 156 3377 3742 215 2290 3068 3708 1859 1978 4121 197 2403 3941 3613 3568 4123 701 1621 
12.314
17
1146 1680 2499 2815 1537 2227 3204 4120 3740 2491 1548 1207 2899 1166 643 349 620 
7.57
23
952 376 1226 3191 3332 1958 2640 2271 3166 1420 3241 928 3428 2965 969 1492 1381 1716 1188 353 2565 260 3509 
17.079
13
2348 4074 1620 436 3974 2611 2926 3486 2550 3508 1350 1096 3784 
18.738
23
1144 1031 4079 3800 302 3268 907 3993 1163 2974 2257 3021 3054 1023 3886 743 1192 879 1832 577 2848 246 3501 
15.055
18
1059 1698 678 2979 2817 1810 3637 2207 3126 3507 3330 2650 3708 2142 2458 746 144 1000 
8.19
17
2363 3144 1658 2262 2100 2581 1076 1488 450 4186 1451 1647 2979 4096 1034 1897 3720 
17.006
21
1312 418 1870 1340 1480 2250 4029 100 1017 2366 3491 1403 3829 277 3622 137 2348 3946 1917 1883 2061 
23.115
15
1813 904 348 2351 4204 3048 1982 1859 3420 1142 3790 1728 794 1245 3486 
21.621
18
2067 1446 4140 3968 1489 381 1307 199 299 303 1637 2016 3148 3150 3013 3020 282 2823 
9.058
15
3080 56 178 2291 3703 516 2246 2303 2445 240 378 581 2104 4189 2713 
4.335
17
1298 456 646 4009 1375 1282 4026 3818 2091 1349 2170 3632 2699 3519 1266 1927 3593 
7.695
19
264 4025 974 4215 3124 1297 457 763 3230 1834 2082 3272 3110 2458 1088 291 286 1741 3221 
0.216
13
3536 967 1431 1019 1502 101 3198 3102 2709 2762 3704 23 565 
10.033
15
752 1021 3644 1139 3831 1822 2776 1034 3530 2478 2810 3227 2631 1182 2527 
15.194
16
3670 1261 1089 410 1935 1130 3383 1934 1850 833 1572 4196 350 2550 3575 305 
0.212
17
2959 598 4127 4218 1368 24 610 2085 3064 2570 635 1460 3334 3935 2392 652 1215 
5.664
17
1772 2304 1176 526 1663 499 314 3980 2639 3049 1919 279 2400 3427 2087 1254 3491 
9.97
18
2740 2994 3624 393 602 2600 3371 892 4083 4206 808 506 3242 509 3670 2422 1786 2204 
19.344
16
1435 287 3020 1167 3085 3751 2232 1683 2717 1228 1556 2349 1233 3692 3846 4031 
1.872
19
4137 330 1291 3134 3606 1646 729 1248 1358 3211 4174 791 4096 3848 4128 1277 63 89 326 
17.974
20
4066 1825 3117 3587 3997 50 978 1092 312 156 3138 1721 1910 2226 1260 4171 2678 1129 922 2914 
16.231
18
1373 4178 2923 2 1570 2904 858 89 4059 124 3372 2482 3695 3641 2068 1735 1077 2170 
0.209
22
3778 519 3256 2004 2774 2544 1451 1159 2430 1693 2600 1155 2619 4091 289 3346 1003 1060 4059 305 3579 630 
6.653
18
917 318 2216 3208 1016 1774 2045 2519 1817 380 285 1565 2276 928 598 2584 3289 2479 
0.222
20
1438 3333 3677 3619 1176 2267 1039 1817 2305 56 2143 1088 2033 3249 1853 548 644 3285 45 3202 
3.298
16
3119 962 1582 550 798 2045 3618 3725 3983 2851 4150 872 3673 2720 463 1695 
13.699
20
1448 2152 623 3034 2228 2980 2885 3013 3087 2057 3539 3085 862 2488 3668 3134 171 7 101 219 
18.355
14
1614 472 1740 2664 3940 3627 2521 1484 2602 959 1726 2422 814 2343 
7.304
16
3037 2191 3525 3599 2563 1672 1577 2860 2716 938 995 2266 546 2047 419 3076 
12.983
16
1929 1344 2455 3122 3159 2671 1594 1834 1530 2114 1775 2136 4120 2198 329 2813 
6.707
27
3155 3033 3093 1802 3379 1576 2333 1435 2743 2751 4029 3006 163 3894 346 1582 48 2987 3651 3921 778 4090 1952 250 3192 1032 3129 
13.591
