14
2013 447 2119 2919 556 866 3224 404 3255 1526 1647 2973 733 4038 
38.037
18
1689 988 2703 3216 659 1090 551 3681 3050 1415 3635 314 3331 119 2531 4074 10 1093 
83.15
17
233 393 1206 3797 790 2542 1153 3004 921 2161 2029 3968 163 2961 1456 374 915 
70.102
17
3902 2421 2603 2363 654 1775 3657 1054 2555 3079 2001 2208 1488 2020 1569 1377 3720 
67.423
16
2652 1295 3921 3787 847 2566 3113 2938 1142 3058 788 1726 1038 2336 337 928 
73.682
22
3289 1764 2879 2188 2721 3290 1708 2130 186 3505 1953 1022 1241 2123 824 1415 4033 1402 2833 677 2606 2882 
100.469
16
944 1702 3011 3557 2267 390 148 1875 249 3389 2565 1168 771 2451 466 3852 
49.014
15
3097 1740 749 1200 4092 324 2700 1064 4079 1963 1987 2954 3273 722 3850 
47.868
16
104 4080 4013 4183 3316 2829 1371 1930 3183 3724 3457 1263 4168 1772 156 1847 
58.976
20
2229 2848 1511 1021 3835 2728 650 4187 1964 2569 1462 3255 2793 515 2116 3396 3798 3233 1045 2996 
70.04
17
3144 2899 3877 2689 749 663 1342 3801 3559 745 2084 3752 1670 3685 1750 303 1766 
57.023
15
1294 609 1307 1816 340 4150 3972 3939 2360 3708 3072 2812 1180 99 632 
56.484
21
344 2093 458 3965 725 165 208 1648 3055 2868 1459 1849 352 3595 1472 3157 2378 3720 864 1477 1911 
64.864
16
147 3349 1825 3347 1327 127 2713 4150 1958 923 3126 1005 2680 2097 728 3603 
79.053
16
3584 1337 895 4111 3141 618 398 3251 1632 3166 1623 4146 2852 3875 481 1232 
61.993
15
1039 3996 3339 3469 192 653 3337 2178 3908 2480 2499 3168 3129 646 1283 
52.815
20
1967 1419 1915 4216 3383 554 2743 3322 481 3807 2405 18 98 3138 1527 2897 2919 1151 132 1911 
75.512
19
2491 2610 1581 3211 718 2323 3578 222 4168 168 1240 2220 1439 1135 452 3191 3728 1553 3423 
73.908
20
2155 502 3076 4033 897 2194 2860 175 2451 922 1285 3008 1701 3882 3668 1045 3623 2336 319 2321 
88.293
20
3472 1751 4171 2107 820 1765 2162 3426 3096 303 2384 1295 14 3551 709 3316 332 3445 641 3234 
90.382
16
3179 1505 3843 3591 53 3826 2982 3937 3690 827 2543 373 213 1486 457 1387 
60.21
17
2792 2179 2695 1963 1617 2718 547 3750 3094 2108 1244 2851 1962 1173 1528 1263 2640 
78.97
19
2282 1437 927 1908 1720 1165 1427 4028 298 62 1591 3271 2278 1527 4088 1315 2097 447 4111 
86.48
21
3117 3427 1945 2075 3770 791 3612 123 2275 253 1750 1183 681 2741 1099 2363 1906 1795 2959 1176 3182 
66.057
14
826 2049 2326 2847 611 867 1202 2273 3414 289 1431 265 200 1586 
49.472
14
2201 1366 49 262 1196 1612 3370 2017 3207 3983 3092 3007 314 4144 
50.161
15
3945 2290 1245 1576 3163 816 3548 1788 202 677 2184 4112 626 4004 4121 
46.72
15
1976 2546 1306 3650 4217 795 3947 3247 3309 3688 1454 1016 247 945 2066 
56.76
17
2216 4079 178 1546 2249 2440 391 3632 4207 1244 758 3301 3634 910 869 2435 3618 
59.502
22
3836 3033 2465 2819 795 1683 3409 2620 4045 917 4132 314 560 415 1431 1842 2353 607 2836 423 2317 3528 
90.952
18
927 2735 3837 2011 4049 806 1379 647 1681 894 904 2997 2049 1859 2348 3562 896 2261 
60.214
17
1040 1241 1789 373 1356 3529 2807 256 2406 2655 4181 431 959 846 67 1083 3079 
67.839
20
1220 2979 4057 2747 3223 1840 4117 186 2981 1117 726 245 2967 1329 2493 2576 1414 3300 1362 2087 
67.755
16
462 3202 1339 1912 2632 2668 2617 383 2880 2205 3514 3993 2139 2262 463 637 
61.134
18
2000 1228 1416 3394 2919 3912 1873 2758 1654 1146 1686 549 2491 455 2615 2732 936 1245 
71.014
17
475 882 1927 2160 916 2650 3604 1127 4046 2610 84 2563 2005 1171 1864 1594 4084 
49.511
20
3944 1067 2986 378 2967 1341 2406 244 1692 1802 193 445 2821 1578 3895 3920 1304 1051 521 2954 
63.18
17
2881 81 4138 142 2207 2732 2936 3314 2563 1940 1371 1853 2447 3160 1883 327 2555 
93.558
17
1818 2856 1163 2671 3648 1636 1044 2685 1209 114 3806 2488 663 2098 4006 279 3740 
66.352
16
2570 2445 2741 1118 3099 3478 26 3973 1244 1560 2786 3403 3059 570 79 2940 
42.448
17
3474 1475 2623 3721 1064 3484 4103 3051 2304 1138 2557 3053 1805 3139 1054 1477 3426 
71.169
18
2957 569 794 1710 470 1885 591 3373 412 1035 1574 2154 3309 75 1441 2547 620 3178 
72.731
17
1836 1051 743 3855 1892 1292 1362 3012 1757 2513 2923 2624 3185 287 3897 15 3864 
71.583
19
381 1423 261 2124 1657 4069 1755 1797 2264 357 2349 884 1002 262 2282 3031 2765 694 1601 
72.894
19
872 966 148 2493 1931 140 1654 4208 448 3792 3977 3492 1823 1613 2090 1909 3214 804 1388 
96.799
15
124 2253 620 2863 3960 3962 3502 1795 1366 2242 2069 384 1063 83 1419 
57.792
18
3236 2877 1206 1693 3230 3127 2390 2287 2236 2728 2906 3754 3885 1526 3983 2584 812 4069 
53.567
22
1902 3168 1924 125 3708 3898 3920 2600 2453 91 3995 2479 2864 2626 2823 2070 800 2544 30 4040 353 3914 
63.441
17
652 3666 3022 244 2174 1308 680 4114 2658 1556 3039 3905 2093 3550 530 54 3427 
66.269
21
2928 147 1477 3226 1720 2683 784 2768 3084 109 57 708 3306 3081 341 918 696 1794 2981 766 1611 
69.176
19
2222 3860 3815 399 1058 2753 2513 3635 3382 2962 204 2301 1182 2033 339 4143 1744 341 389 
86.311
17
1353 3288 2815 2990 3441 1920 2723 3081 469 1388 3015 3674 3682 49 3378 2011 3577 
54.785
17
1761 3367 2745 111 2200 2608 1457 1521 2246 411 585 1029 2558 4023 35 426 3645 
56.245
18
2593 3089 3110 3765 3813 2571 1868 3771 3303 3163 3987 883 1886 2984 1607 1956 662 1808 
58.74
20
1612 212 3244 3216 183 1086 1626 1076 1137 1458 2136 2931 442 743 3536 2980 2955 4056 12 2587 
89.192
15
558 3361 664 2135 1450 1407 738 387 448 3380 2578 3059 519 139 248 
52.644
17
2465 3773 1858 2190 2604 2598 3464 3416 2967 3107 2508 727 1103 2065 925 3049 3436 
69.65
19
186 2044 95 3738 3929 3695 2686 3758 3199 3636 1047 2006 58 1131 2068 2219 3749 849 2243 
77.237
16
2930 1555 62 1662 2127 1079 1164 46 4199 3679 1619 2653 2806 3778 1465 2238 
49.509
21
807 4040 3160 41 1041 1071 3130 34 898 2629 3779 1764 2855 1580 3650 3927 2340 611 2997 2103 4130 
67.989
19
1377 2652 3605 3859 3837 4186 2557 2231 4009 1893 3581 4184 442 4043 3939 2828 2239 876 1082 
75.071
15
1269 151 225 2778 2792 2255 3148 1820 142 4079 3121 1121 1790 367 2986 
56.13
16
4022 1111 1221 232 21 162 314 1687 2842 1188 4075 2503 2793 1734 515 868 
56.99
21
1455 463 1528 2485 838 1673 3868 2716 2621 3507 20 1140 2697 997 847 2139 2104 3704 1669 885 1375 
73.106
17
1 1681 2666 1486 3049 2532 3022 67 502 991 1662 4039 1006 3995 1005 1211 3809 
65.55
22
1714 1059 3058 1334 2221 936 2241 3707 432 426 1152 1519 1497 1577 2711 107 3361 241 148 3839 287 1303 
85.57
18
918 2007 2823 1063 1032 267 4190 1284 3346 1053 2754 3200 2878 3760 1841 2794 3777 4131 
64.636
19
2676 738 817 908 1417 3789 4044 2416 409 3942 1611 3977 912 2709 1006 1774 2407 757 2024 
64.63
19
1229 156 3377 3742 215 2290 3068 3708 1859 1978 4121 197 2403 3941 3613 3568 4123 701 1621 
66.982
17
1146 1680 2499 2815 1537 2227 3204 4120 3740 2491 1548 1207 2899 1166 643 349 620 
69.155
23
952 376 1226 3191 3332 1958 2640 2271 3166 1420 3241 928 3428 2965 969 1492 1381 1716 1188 353 2565 260 3509 
100.784
13
2348 4074 1620 436 3974 2611 2926 3486 2550 3508 1350 1096 3784 
55.744
23
1144 1031 4079 3800 302 3268 907 3993 1163 2974 2257 3021 3054 1023 3886 743 1192 879 1832 577 2848 246 3501 
104.855
18
2458 746 1810 3637 2207 3126 1059 1698 678 2979 2817 3507 3330 2650 3708 2142 144 1000 
64.313
17
2363 3144 1658 2262 2100 2581 1076 1488 450 4186 1451 1647 2979 4096 1034 1897 3720 
47.293
21
1312 418 1870 1340 1480 2250 4029 100 1017 2366 3491 1403 3829 277 3622 137 2348 3946 1917 1883 2061 
89.756
15
1813 904 348 2351 4204 3048 1982 1859 3420 1142 3790 1728 794 1245 3486 
54.191
18
2067 1446 4140 3968 1489 381 1307 199 299 303 1637 2016 3148 3150 3013 3020 282 2823 
58.662
15
3237 3902 2291 2303 2246 2713 56 3080 2786 2840 3803 1984 2611 240 2053 
51.765
17
1298 456 646 4009 1375 1282 4026 3818 2091 1349 2170 3632 2699 3519 1266 1927 3593 
69.268
19
4025 3124 974 4215 3230 457 763 1834 1297 1741 2458 1088 3272 291 2082 286 264 3110 3221 
61.772
13
3536 967 1431 1019 1502 101 3198 3102 2709 2762 3704 23 565 
49.501
15
3644 1139 3831 1822 2810 3227 2776 1034 3530 2631 2478 752 1021 1182 2527 
53.084
16
1261 1089 1850 410 833 1130 3383 1934 1935 1572 350 2550 3575 3670 305 4196 
55.628
17
2959 598 4127 4218 1368 24 610 2085 3064 2570 635 1460 3334 3935 2392 652 1215 
53.104
17
1772 2304 1176 526 1663 499 314 3980 2639 3049 1919 279 2400 3427 2087 1254 3491 
56.598
18
2740 2994 3624 393 602 2600 3371 892 4083 4206 808 506 3242 509 3670 2422 1786 2204 
66.527
16
1228 1556 1435 287 3020 1167 2349 1233 3692 3085 3751 2232 1683 2717 3846 4031 
50.064
19
4137 330 1291 3134 3606 1646 729 1248 1358 3211 4174 791 4096 3848 4128 1277 63 89 326 
79.072
20
4066 1825 3117 3587 3997 50 978 1092 312 156 3138 1721 1910 2226 1260 4171 2678 1129 922 2914 
72.012
18
2 4178 2923 1570 89 2904 858 4059 2482 3372 2068 1735 2170 3641 124 1373 1077 3695 
51.602
22
519 3256 1159 2774 2004 2544 2600 1451 1693 2619 2430 4091 3346 1155 3579 305 2286 4059 1003 3778 73 3718 
86.957
18
917 318 2216 3208 1016 1774 1565 285 1817 2045 2519 380 2276 2584 492 928 598 3289 
68.437
20
1438 3333 3677 3619 1176 2267 1039 1817 2305 56 2143 1088 2033 3249 1853 548 644 3285 45 3202 
83.752
16
3119 962 1582 550 798 2045 3618 3725 3983 2851 4150 872 3673 2720 463 1695 
59.195
20
1448 2152 623 3034 2228 2980 2885 3013 3087 2057 3539 3085 862 2488 3668 3134 171 7 101 219 
62.241
14
1614 472 1740 2664 3940 3627 2521 1484 2602 959 1726 2422 814 2343 
48.026
16
3037 2191 3525 3599 2563 1672 1577 2860 2716 938 995 2266 546 2047 419 3076 
47.099
16
1929 1344 2455 3122 3159 2671 1594 1834 1530 2114 1775 2136 4120 2198 329 2813 
73.951
27
3155 3033 3093 1802 3379 1576 2333 1435 2743 2751 4029 3006 163 3894 346 1582 48 2987 3651 3921 778 4090 1952 250 3192 1032 3129 
165.243
