33
18790 38332 3223 35945 38934 12056 23576 40862 9652 44 19321 1523 15404 1102 321 39734 33690 32898 34493 5281 13783 26653 10520 38918 3729 16624 12140 22856 23643 33556 36780 3731 22705 
102.834
30
10057 28444 1710 30973 37268 4867 38922 4264 16200 26031 36115 5414 7522 33235 31737 8741 26428 33340 3035 16721 9934 27182 7569 39752 16030 41015 5698 6561 12493 33166 
77.938
27
3209 15189 12052 2494 12672 11374 37870 12571 15216 34140 25784 10662 41432 22712 9732 37966 9571 24444 34459 28828 11174 33357 19351 26547 29064 608 11018 
77.113
27
3087 15104 39608 9504 9932 19290 17144 28262 37304 28465 36185 29377 39636 38944 39377 39094 28486 1161 20015 6915 34220 19034 32346 38 31731 22347 14974 
13.665
23
4584 29127 8456 9434 29487 13023 13450 1002 26490 1507 40999 36897 8362 32234 38893 32695 27286 41926 40464 42134 11236 392 23428 
19.203
25
7188 24189 38376 14176 10624 26753 4198 6948 21456 29385 12124 26 26625 27542 3891 21556 28622 10940 18834 10866 40432 16577 4345 7641 10724 
50.582
31
28073 19258 29928 7649 21666 17044 41637 28739 29801 3944 34530 11809 13348 35729 30167 14459 21221 15448 17616 34539 36208 35258 10886 2513 34902 9964 41840 4640 2903 1719 20108 
82.309
28
26105 41533 10343 23526 7725 35892 1226 28925 1600 32037 6557 19305 10239 28889 39395 25769 1852 38008 3019 22966 8942 38275 28141 26459 34205 36737 106 29879 
131.276
33
26204 17249 24886 3711 16288 24910 40984 13131 20645 27229 14652 40249 10208 39291 26835 3041 7093 12588 7889 25398 38133 37219 27247 2437 26875 31916 35762 40301 39470 21909 9998 21714 27793 
128.224
26
30524 29165 869 2621 22931 39902 14949 12835 40369 31249 28800 1707 33768 653 36988 32210 10355 5255 20043 8227 1123 16890 23235 19364 687 10501 
58.476
30
16618 35220 18337 21568 39134 4967 21711 419 16894 35282 12424 25952 33032 23183 35559 23116 25615 33757 8885 16999 5716 42072 2060 18747 28936 8919 30331 26881 24328 25614 
123.129
25
40179 25923 24824 35809 36881 4106 35144 7917 41050 15231 28675 4603 11551 20164 2486 5297 6465 10419 2551 38827 32703 20852 20237 25827 39956 
125.108
28
9623 3076 26626 23453 31164 18912 28147 18366 34018 2096 11899 35040 8504 23827 30940 22708 34503 32610 17960 365 37999 20633 14832 3400 35878 38697 16048 16272 
20.892
26
6064 30843 40566 21179 14624 14313 12317 32408 634 20942 6510 4880 19501 11792 15936 34355 32041 18661 39344 41881 25686 25681 36275 27780 23804 35581 
107.292
32
3552 8432 40758 18508 41302 20927 15380 11030 23901 41505 9126 31562 11870 12928 32162 39604 16937 34696 24946 4468 35573 32934 6646 39515 40230 40634 32231 39168 20677 13177 3894 6329 
121.649
29
4762 27163 21440 2286 25295 15370 8561 35578 20598 17094 42047 31406 10186 35536 11041 9746 34313 3972 12641 11090 28058 33995 29415 40416 22798 23295 33172 8082 16876 
33.115
30
8687 552 41124 14868 32373 14623 5543 5452 20477 17977 19283 2708 11761 35915 23576 31859 38862 13611 34469 30480 21259 21749 12261 26321 38660 1610 26580 37888 25699 17813 
2.211
26
14024 18368 7205 18914 40997 14357 19640 30779 20315 6229 36103 20600 10208 37243 40819 26045 23901 9132 38310 36178 1433 20238 33189 11125 21718 29730 
77.195
30
3526 7707 4693 39787 2840 21620 33065 34331 8207 2636 21157 29166 205 24751 32695 33283 9021 5840 367 26745 36099 19389 5461 11767 13162 4563 32302 6348 5207 20254 
60.745
28
6047 34788 34339 23689 20432 32565 39828 29474 28510 16172 21245 41894 37568 4536 37130 23715 8597 15822 14186 33901 28658 33701 8255 18256 25156 7382 5989 30994 
38.262
28
12399 10681 28550 19868 201 1555 12792 25276 36208 7158 3800 6497 40142 6157 11388 12906 15111 40348 40720 15202 24068 9599 18718 32706 29582 23787 31087 38251 
120.943
28
29535 15838 18022 17569 35856 7863 34518 37822 31430 3126 988 10501 34396 10377 22674 41068 21483 32520 15234 7960 25219 3286 15708 19917 29188 19716 5349 29457 
76.675
26
22616 1429 30488 34167 40649 24761 14801 25028 23580 5641 5888 7536 10752 26290 9196 29356 25710 30187 19158 6040 20223 32382 39468 1617 3396 28045 
52.875
27
23580 7638 26528 42121 40468 31518 6925 15883 2832 8526 34859 5796 37324 433 2654 27666 2458 11213 41216 20545 40346 17268 26875 3033 17913 18244 30794 
115.784
29
38495 908 34808 41138 2572 32371 8567 18846 34387 12382 7353 7127 13472 7018 32209 40352 32074 33262 10698 8211 16624 18569 25792 24897 7268 40476 5092 8280 35414 
66.08
34
37953 7349 10901 34827 36067 32442 34100 21828 39482 23709 26074 31154 22228 34145 28672 889 31479 23020 11755 3793 9082 35200 7193 21658 35301 16084 12355 1620 39447 32195 41100 9425 9601 34371 
67.261
29
38784 32921 39246 11183 641 3011 41917 586 35506 23827 6889 12614 6134 7448 29022 34792 27441 20191 13183 38030 39466 2750 22233 10998 25539 13528 20459 1202 26297 
92.184
30
41571 16660 22976 7547 39470 5905 28093 11523 9385 9924 1772 3258 26376 25299 13713 13324 39502 11357 22668 31113 38628 11092 36584 23692 33319 9312 6732 19873 1226 16987 
51.727
24
5011 12382 11235 7990 8857 7649 41901 17743 19415 6418 29643 6059 22111 1401 36752 17751 32150 17354 34063 3694 29773 26936 1367 21935 
66.998
23
27332 39447 1739 32775 16008 6261 30008 41430 13345 1526 6132 2490 13045 8342 20301 20126 3883 25098 39533 26782 2755 6070 13635 
89.42
23
17584 16277 26423 7667 11629 26004 2844 21947 14104 244 34616 737 9830 1472 34210 26573 9343 38319 26794 19378 25234 2508 27897 
39.905
33
30474 37130 14190 9679 5328 28611 37328 21282 28084 19088 19872 22652 5584 23691 34823 19960 11217 39615 21645 11923 7511 17838 23121 8802 32964 25511 37566 29883 3085 6283 10971 10389 11229 
89.819
29
21092 14214 40664 36851 16717 12820 20079 24809 32307 9295 42023 11387 14658 15997 8740 33098 2455 38543 4792 30899 4096 17950 10440 37399 19716 28867 2212 11211 12769 
73.79
27
16684 30152 40358 18130 7127 8716 12750 5873 18006 14729 28893 41083 31602 41604 27881 31043 34693 12623 15668 34585 5490 29639 40225 8780 22506 21647 28910 
62.408
29
7649 20966 23354 7314 30821 31548 14982 22671 13040 37461 36081 20212 16936 7815 39764 13560 23137 25878 18034 14988 12028 4411 7795 35520 14693 24338 2614 11159 23536 
69.25
26
35726 1186 16746 21847 20806 31039 39071 41495 14667 11534 28917 21338 38342 6640 22122 27877 25953 8774 13027 3283 14387 14577 40361 25780 5962 7501 
105.297
21
19737 17061 5919 30002 19488 21588 40535 6726 2790 6043 7881 14105 41677 18261 8756 39588 32645 32626 37039 5728 21356 
73.106
27
34569 41877 41109 7271 41546 17816 26758 26908 40643 23994 2818 13150 35850 22618 33978 37493 39836 21166 20233 7921 10161 2357 26272 7154 27488 3857 20554 
48.597
30
27967 28447 14807 38170 29118 31133 33948 32483 1553 41283 20942 12207 11316 32401 28192 31027 7615 1452 28573 33169 32540 17797 1117 22016 23135 5643 10482 13757 25968 32573 
81.291
27
40797 28173 14326 15039 34731 29072 23564 597 6305 5679 9621 16880 39045 34321 34842 5300 17859 13989 230 41917 13637 1717 13553 24874 25417 17761 29869 
46.416
33
31742 17520 27962 20963 23182 41097 15629 24746 41506 5588 27547 41713 15645 1788 20040 17853 17041 31087 12732 12859 24004 639 9094 733 14855 39084 27019 4440 34248 40963 18720 28536 33072 
101.437
28
155 6315 39365 16809 22784 15999 4935 35675 31582 26177 41718 40123 11978 6093 16530 41988 30593 35875 26586 17440 38814 21406 33380 9743 14851 19389 10092 15143 
33.565
30
30527 23300 31273 23597 2701 18260 38083 34684 18421 28805 3237 2527 25955 16928 2229 32442 8052 17121 37390 27368 34021 31541 27034 37963 14852 23203 1910 24060 727 29773 
111.504
32
10072 25631 35952 25705 12171 1017 41570 12375 10369 462 2394 31959 16380 29404 37982 36619 5116 8285 34879 8441 32378 21769 20591 16003 30198 24610 40793 13432 22263 21407 16886 10127 
28.318
30
36367 22843 21548 16891 34175 39395 23672 18754 27487 31921 31163 23523 8544 6586 32281 12092 18246 6682 36379 13883 11896 33038 27341 14805 960 4943 23029 24528 1464 9178 
73.014
28
4416 31586 12363 5703 23787 15738 20970 16514 38816 21638 35721 37918 33209 3008 35693 40923 23274 6791 7178 29995 32135 1210 10313 23839 17349 22056 13423 21732 
57.639
28
18939 3988 10867 32291 34471 25596 25021 41006 37066 28779 10707 30718 4936 18700 10041 41695 24641 22048 34049 32136 39596 8680 40733 36837 41495 5321 6908 41934 
161.548
27
37 38846 15790 9590 36695 9384 31261 9129 8216 8148 23929 38494 25164 6249 33333 23528 1587 21178 6291 26981 41231 16498 19522 31009 35058 506 38478 
35.785
36
33149 7949 3026 20832 33142 32301 38933 41436 26455 29064 27378 38891 30914 33668 2116 15337 26881 34825 24727 39273 4219 21247 33860 5803 17394 24193 21565 21914 12814 10484 2528 26470 19699 20479 1524 12659 
74.044
28
29652 41925 14690 13694 18314 34687 9307 18188 455 28974 21417 40179 6352 17650 1840 27856 35908 31736 1690 11816 20491 40838 38860 5389 23044 379 419 28594 
100.973
26
7515 30076 25751 8324 21918 9938 673 2537 2995 226 11231 9332 38975 758 14665 24885 36609 40468 23912 7977 25692 36912 26049 33700 9785 34847 
114.753
26
22590 36609 11613 27001 17767 18062 20067 22021 29446 10778 30447 40343 22155 26966 41959 16677 1417 31467 34393 40956 4153 37839 11585 12731 2718 6274 
106.078
38
10040 38479 3916 31677 41014 11339 4651 22668 19857 27636 33736 38348 272 12940 40830 33807 31827 41634 23049 1774 12488 14344 36961 2790 28762 36086 41810 27485 28967 13192 14112 25100 16408 7044 5299 25965 29549 37262 
185.031
23
32669 41335 778 19359 21837 30680 19742 14802 20214 2874 26174 41982 9315 26274 25440 36269 3468 3178 25116 28742 18685 1629 18050 
84.737
26
8415 41207 39772 33101 7042 15572 32888 23543 33390 12692 10460 24436 23793 2517 25143 17815 27595 38622 36172 8527 41900 6726 17608 37524 7945 26539 
2.316
23
35346 5167 14784 40899 38657 32305 21412 28535 26340 28721 15988 41166 22436 3012 34291 36157 14136 26510 21818 40236 40202 12842 42031 
169.601
30
18990 37407 7040 31048 27921 16121 9883 40691 4137 36730 27005 38515 15335 37959 32047 35397 24927 4695 24938 19056 12996 27315 10036 34025 7279 27040 7554 24356 15369 36146 
47.295
31
37622 1771 29512 25692 39531 20143 24079 10558 19648 25871 12702 31651 5014 7029 11967 27327 18135 22855 26975 37690 19454 16498 24295 30673 35919 20334 27521 38245 22579 13950 27976 
72.396
26
9960 7206 13846 30357 36449 35595 22676 2073 18388 35820 1078 29468 4472 38277 23987 30625 2710 37364 35869 37980 9509 27707 29729 22279 2593 35319 
46.535
23
3513 6212 4879 36084 41489 38853 1070 18498 8561 8284 33611 39821 38987 25901 9202 37373 160 162 15492 19401 30922 3626 6848 
50.332
23
27496 18434 501 29981 33698 27125 30012 39752 30302 11814 39456 6589 31164 25407 8467 4908 15625 21111 35006 827 9466 14881 15245 
60.85
27
36199 39703 17169 8286 2116 25911 30704 15207 35623 20378 5727 29195 2416 7009 29533 4495 14063 10391 9829 24082 25735 35575 14834 23826 34664 17235 21916 
73.55
28
42151 31474 21447 21698 23150 36921 8813 7606 24293 29853 5270 5211 22470 13167 509 28095 15781 12493 10787 35912 9425 37389 26867 31772 34224 29487 10497 20807 
64.509
21
29080 18924 28447 35098 9308 30657 16783 39284 13635 13788 34705 8680 1423 4297 7818 33173 1417 7368 21025 17432 34966 
30.754
25
33862 27238 39523 16467 5466 23716 6995 32873 17901 22383 6832 11294 27350 22309 14599 40786 13293 21788 22608 7207 35399 17093 4772 5727 11480 
42.153
24
23771 15822 3108 24494 19495 13174 41153 1332 35447 27625 18524 28684 28642 22888 18320 5292 28854 16810 7797 15419 23379 5670 1774 35853 
80.113
33
25163 8541 34436 14849 37633 15579 15881 21032 32178 20520 9371 24508 11897 10126 25092 5694 11729 16194 16181 17538 31250 28931 10860 34476 30047 20765 1334 15789 15884 3022 6483 5559 21917 
95.322
28
39720 15485 14364 41356 25895 9582 18373 24484 36543 31628 32548 33866 35081 24985 14133 37987 15027 15396 27648 25960 14220 1952 16602 22792 19856 13874 14999 19496 
68.884
36
10092 13365 29892 33826 10822 6415 619 3111 11019 9670 26290 2554 21640 28316 36248 41482 8061 15845 3986 27271 23253 23262 25264 37523 36351 5656 16112 31817 24499 2932 24555 41653 14431 39032 18601 31988 
198.138
26
5612 1302 3069 7097 38107 39559 41766 40672 9135 33010 20948 23243 3308 7882 20249 432 16396 39799 24683 21167 28104 16731 40265 11615 1899 1991 
88.812
37
11769 17441 21972 1697 138 28061 28484 39893 2350 38377 13231 31863 36878 19163 12173 35705 11782 8672 18345 17100 19242 37751 19155 20430 15897 26273 24145 5440 24225 6664 12526 6200 29206 14112 38643 3903 35215 
149.013
32
18750 31731 41654 36676 31422 21266 40865 38186 19945 30007 1763 2102 13776 26351 28872 40906 13743 5513 14980 25544 18359 21560 14091 3688 32851 24621 41732 18524 38106 19920 2391 15681 
78.574
26
41800 37739 6502 25331 29265 26337 33679 41446 6479 1414 30437 26910 39597 40130 23497 5752 16930 14497 16513 41431 40556 40697 6258 37470 2517 33336 
2.188
23
33631 30435 30103 24404 7175 40826 7737 4237 6314 19122 24395 12965 35014 30270 32533 29306 15411 17907 34788 9156 23558 11553 20743 
137.362
35
6864 10866 41580 22740 11720 25453 30607 11693 7481 5846 20926 12433 4826 33568 1753 14067 41444 41613 30949 15624 32743 828 18443 18085 36624 41704 38491 34708 11602 4165 4888 6848 32054 9968 13841 
115.737
25
33175 5476 18618 22660 39093 15162 16264 28265 42159 7975 41181 4847 12698 10002 666 5961 35419 35600 177 12737 31484 30050 10856 17984 31988 
28.612
30
16717 16597 15432 41456 30385 18030 38798 16241 38160 10435 5125 28435 23080 6190 21633 15716 12561 19209 16758 20945 8122 27374 20705 40163 465 39610 37215 35620 8606 10434 
112.877
27
10744 26573 13319 32645 38718 14100 22122 2819 16367 24443 39167 41694 22803 35787 12772 19762 5424 32695 5982 9860 6102 22291 38104 27327 39227 4564 24700 
37.066
26
35607 34831 12758 29550 11559 25658 2859 25395 6605 17857 34832 24876 38062 38 40283 1491 33493 360 4794 8388 14413 22930 1741 18604 19376 33266 
51.901
25
14832 11288 25057 13863 28272 10326 22026 4970 31330 32755 28025 29937 10134 2543 29085 3143 39670 36328 34999 37543 4202 20719 35264 7339 10537 
58.991
26
36743 9467 41854 37140 30828 22029 30168 1452 20375 35613 32156 35915 8814 20504 24587 28022 11368 16818 1052 25224 4590 12312 3835 37850 6968 25400 
35.754
32
1163 37819 24917 29528 10269 15940 20132 39062 34199 20252 42087 10608 2287 26014 39759 11831 24693 26728 2276 20873 4601 3741 25115 11879 665 32229 41082 24031 21500 12572 7890 8046 
46.982
26
8402 487 30060 41555 11878 4315 16446 31488 32538 12406 10012 31718 3493 4494 39229 39835 40177 6952 21120 7839 4874 13181 14069 38239 9234 16586 
29.336
28
10291 11661 9793 5812 34596 30624 4649 26725 16636 41324 17227 26897 5166 15077 39506 29094 3633 39816 26600 41180 24443 35274 18046 32127 13050 20933 1028 21964 
38.72
28
10843 33653 41916 16016 17842 34506 20252 14728 31528 15669 6721 8484 9347 36462 27483 5967 23800 30856 13830 15213 15565 38095 13166 30229 24365 41233 2468 11736 
115.142
30
21307 30734 15388 5396 25030 29716 39558 8918 1582 9949 21847 33711 16758 23187 19310 27314 2119 18579 16345 25510 21404 11106 36252 33196 6692 22453 23510 28052 1839 23894 
130.202
29
26599 13970 38253 26121 34554 6009 7268 35429 27154 20531 18166 35730 12756 41494 9275 39504 7192 29761 109 6440 17689 1686 16069 34057 403 17547 29033 8028 27890 
89.814
27
21151 30608 40039 2679 9812 13825 35874 39938 7339 16703 26945 5378 30242 9400 32189 8986 39371 11456 25525 24884 28490 19177 10153 6993 24681 10085 18551 
110.827
26
6027 22108 40674 4446 19388 19331 20926 20320 23660 34523 908 28504 30995 14574 29228 27883 39060 2972 37697 31821 9279 28298 17368 2846 10161 23473 
75.669
31
1691 33927 25972 16034 17293 12750 20877 290 18545 20257 16981 19098 19216 31882 22895 33849 17601 37678 31076 7695 5073 32065 23189 34194 2285 21964 25359 19493 15522 6660 26475 
79.344
29
16320 4318 341 6655 10933 2218 13016 14176 5929 20895 30116 34756 15107 12857 27820 14527 7413 17690 18447 16844 27605 38422 634 20823 29442 19825 29205 6799 17150 
27.144
30
9199 23294 38591 41753 8521 37837 8547 20205 18839 1056 39659 22395 31505 20972 22871 14849 27069 8423 15350 35581 35930 40695 600 37106 13754 32657 3602 25869 100 21772 
73.269
37
20420 42036 14333 12012 33623 3272 20631 37405 21760 22008 27715 19457 16041 6909 8006 19441 12074 2141 41570 29870 29993 37048 14218 14879 24041 27921 37464 18265 2225 25982 36364 31647 18093 12164 33609 27947 4100 
2.155
24
40459 30325 29261 4345 12372 38585 2027 34798 19946 3447 25108 29511 33454 16780 9921 37430 25006 7542 39165 4525 1269 20143 2616 33181 
84.418
27
8849 41751 33585 689 37401 9593 7205 6972 10746 25195 38697 41407 24089 23994 8522 20904 30818 5424 34598 28501 22975 39057 9139 22099 15305 16471 20931 
48.134
27
3356 32531 7500 34683 31610 25354 11551 7954 4282 29826 8445 22118 9923 9513 1812 33179 33405 42080 5129 16490 12124 41471 17804 4365 18551 3445 38320 
37.596
29
25566 33207 24304 17387 22978 11268 697 35306 3156 20896 7492 15963 38813 23473 39179 29549 9182 26515 9914 22950 21404 36590 22908 35553 28767 38560 7747 8262 38465 
77.634
28
12992 16472 19746 20893 41491 3554 31704 22896 41535 29777 30132 7815 41837 3443 11876 23315 23829 34660 4222 40646 10020 19501 11325 29033 41336 35044 28355 29943 
44.133
26
23646 14409 22772 35172 41938 12227 29965 17916 17863 28088 21400 25900 38853 31097 31198 29392 36813 37646 6293 22158 38769 12832 21069 38383 574 33659 
25.964
28
28328 3381 40431 31347 19492 22049 31594 25873 27262 2586 34369 30094 11835 23761 23157 13380 38502 35574 25672 41330 13887 11501 11284 27873 21885 28608 97 34348 
48.728
