53
168879 72312 101629 393208 158844 4257 100089 346246 162830 104132 258964 365744 414031 322341 220757 5499 254295 43126 215993 55217 172367 328734 253874 256578 116544 64422 125662 115970 206284 349607 297368 230503 133431 344962 338477 35328 183607 24029 317 100619 123130 185685 316840 335011 332960 1457 56598 260999 90289 15747 271824 90540 399992 
42.052
53
266630 300271 148919 224675 100634 260822 332864 128600 256463 40914 135229 170861 304121 361455 82629 153764 153673 175681 253835 320972 80642 221209 365310 305042 351339 94191 176666 44136 149317 122837 336643 180120 264657 366689 131472 31049 294585 337536 329597 86840 365646 288581 350415 128927 175856 34798 23760 98386 69878 34607 255780 123019 268183 
46.963
58
97700 206189 245038 40575 168965 25948 178082 8719 357471 167599 298417 87135 158004 339397 59727 247957 413939 232538 295395 199483 321655 413018 5905 107289 367205 198651 179099 168577 98507 303319 241931 243383 393324 135836 160623 64350 308413 285101 353012 403704 2768 389037 356670 387355 2575 391841 348595 361696 237397 355868 246312 78952 178703 240176 325681 347563 18157 233566 
46.756
47
205859 169919 377103 175156 389780 47293 372311 147930 176371 173185 188061 282036 239306 273972 342561 230363 234593 200958 182813 147848 248691 404123 363126 349783 183847 72167 274747 149655 79286 57525 353254 249018 230093 335181 246879 172717 47482 96879 37529 191038 106443 256230 380955 245937 364511 248452 375732 
46.079
53
158154 161928 131282 219899 23722 11064 152400 71043 415531 321727 209798 172907 187203 284153 408751 300617 111781 107633 186143 229811 280092 154433 382085 68255 227917 174801 265286 246957 123667 377599 340797 113181 391088 2785 59743 213743 50847 323739 61097 410891 150586 218583 166520 416654 412298 223367 375033 202826 354589 294863 15420 159945 184756 
54.405
54
201763 357542 140523 84017 29373 314752 198366 329377 118635 257943 93095 151863 239245 66184 263274 247469 386098 271389 26418 173944 120616 316475 331968 310577 354877 414249 146620 63053 411946 167968 264953 158110 249144 235262 253787 367875 99951 224617 27043 27175 118428 397316 63169 371084 36580 157856 112235 99651 409093 316195 342286 265339 198306 295929 
51.907
55
223878 359254 83886 229355 141473 250059 366284 138812 128220 369531 408988 354885 52047 375523 222964 343605 292200 82310 23918 238989 149186 371041 269562 274730 37192 156457 376985 5702 338517 392003 163185 346792 138355 321575 88183 59939 78159 314324 385115 56853 42675 295892 81531 85595 76144 34906 168542 382335 203796 34761 303519 293446 401539 149363 241580 
47.198
50
153943 61475 97911 194297 338191 386547 115980 271894 135007 227727 345967 125068 205009 193876 146580 22195 279006 177756 9387 104782 191724 79321 361339 362927 344511 188667 334941 47318 152490 186111 86004 169837 233327 169551 225445 96917 393512 50333 144073 40201 310377 386006 122905 54772 308580 340871 310233 32655 21148 81674 
51.675
48
87632 50917 181922 108749 240198 372405 370626 238449 285319 179347 375484 281528 110254 419330 69534 168945 400897 23456 23484 68565 38505 103292 416854 276035 225908 16018 122908 35667 25750 276003 282680 160123 116619 387900 350115 178098 7142 369827 273561 347045 102644 7781 331698 249855 362989 395484 97923 253909 
57.609
48
18730 339990 133643 176914 392866 394909 124717 371645 298730 36694 64980 107589 263903 43675 1950 282901 351790 179024 122529 184756 35167 18129 322903 333227 373480 7073 140396 148768 92729 333433 135468 32278 226631 376183 132150 47715 61448 383365 188176 297507 224142 117709 299021 65544 195470 355455 321515 409895 
52.584
40
224762 92287 314569 22278 408948 161021 196003 359007 16790 337279 68380 323993 235043 10153 364875 271772 348567 177296 239783 75628 361299 123662 207851 51751 380358 376234 190790 100807 352566 394336 71716 337127 372100 51459 304150 358505 309460 244903 255962 399677 
49.401
50
131586 357270 142399 93999 113672 147426 76482 144017 14767 30802 33110 421422 56399 84754 244300 311493 114078 232041 187431 365064 355384 184418 196846 401639 3581 54869 165066 212103 364057 299054 328173 140522 40592 25086 40522 329711 80194 78246 326885 207826 351774 24752 398407 168274 359725 22935 353655 374186 270575 289368 
54.92
52
200485 31736 84022 129939 183990 168598 144267 255984 200097 242990 234372 258268 353458 409134 144150 301830 234041 186525 405958 277849 22340 265904 351067 221048 25206 29637 250634 241732 208364 11819 365350 403354 2733 26305 10254 389540 97236 151172 118326 399971 345274 147199 6383 330460 176693 82012 190028 42957 100953 306737 265471 392140 
43.973
55
248188 118517 69762 256533 298698 22789 296658 390702 247823 10594 310791 262570 90127 186512 324208 213271 146367 15657 303383 397997 400985 331489 197860 173443 20881 367949 158571 156752 70920 28866 346987 115256 128158 78828 70610 48577 407809 173987 394568 25155 414435 390912 390870 233651 32127 223645 71426 200241 206059 75323 415654 267946 389386 37236 278207 
51.426
37
158328 370912 252815 28063 291257 57003 191433 407845 304946 246922 129407 118533 274438 320991 47244 145554 175167 229590 65541 21265 185292 95095 379161 227048 85689 80418 146658 410199 360489 402941 290944 324744 54970 59292 93240 60478 86519 
49.989
52
355688 276752 322351 30437 59577 249790 319793 333698 362643 79964 369661 376175 37354 277276 42054 265296 50715 178685 415696 242372 345831 295305 49904 283948 139904 73659 163221 411770 227482 23142 172749 357101 21960 43145 331543 167368 149407 299514 64149 14624 15788 153203 75896 253345 241787 206225 231247 89207 399556 252443 103044 131757 
44.823
61
209796 179569 150854 1897 243358 91965 245739 59555 242192 347999 11685 420573 411654 388745 65443 337286 371020 281210 20605 409605 415301 112686 298583 172583 188835 137143 145136 351318 312350 375300 346467 39616 179391 41237 34107 181664 77262 200577 406260 228532 408597 153511 404802 21681 184118 394299 117106 362892 166604 383034 270147 411160 137584 177603 152064 21065 419062 91402 375271 105326 357049 
48.188
44
139924 359600 373814 57298 159440 163700 292017 192495 400217 154846 211251 256464 158443 9305 3270 314874 398799 20652 186314 222067 102796 20038 54919 304727 296868 34218 189874 360923 382011 90157 131092 266621 230415 277013 274976 306134 343171 409423 308050 168296 36146 83108 96402 221500 
60.111
47
216455 383236 382828 261188 189770 116304 310708 181885 23052 33902 199564 92713 244038 325300 358827 154054 13251 103751 283236 287675 194447 255394 65693 408379 371023 117954 300004 215891 76320 180204 174974 78750 244971 225814 183039 19484 350422 380747 340902 284493 50688 202550 400542 1812 343268 182861 239527 
54.423
46
223406 29739 240956 339617 330378 121602 102445 349812 186031 149647 141927 404587 238022 58088 367024 286327 283218 301761 190169 175127 9631 7427 17975 321109 81058 55464 388558 314322 208570 8072 111690 51474 207667 171750 352475 144307 97869 348061 189121 276388 229651 226755 357441 318125 201172 346741 
47.946
40
195235 260489 257185 365973 285760 17069 175004 136024 208998 296057 288583 254106 338995 231566 305763 238233 289354 263142 112763 33250 402857 361761 294469 135209 192637 421212 265116 147020 318027 160969 199198 322487 186931 180900 248556 245554 286916 98963 49365 327996 
48.415
48
92772 57189 347571 136753 17782 361021 70222 288863 79247 355146 192215 140340 227424 9110 207366 338783 240226 74858 409740 220092 313400 150948 294597 377661 359601 421499 206648 33266 35014 183612 129795 143826 57782 271438 307588 150735 260769 12106 384242 241192 75584 272817 88468 74043 380591 345368 10347 293403 
50.407
45
20194 178262 350594 42957 39725 349511 64947 263948 37059 404563 320350 34815 86004 171654 337804 153517 280489 282 319160 72005 104353 340731 170221 49013 168800 190579 298690 345258 246269 250080 85924 20168 366874 244137 2638 206800 50419 29590 236656 75834 222401 287541 355778 6691 320020 
45.207
42
311160 197794 51982 176866 77243 319046 149927 213187 72339 288931 188297 212430 174639 6415 186264 271577 116146 217750 193567 234771 338689 49605 208993 215765 22873 157253 340851 73822 221432 43484 22838 224799 6872 7268 348698 336334 342646 68257 17019 187837 60392 270319 
46.035
43
270528 365360 346016 352958 176140 299504 13206 127149 401161 351187 249192 326039 117475 376706 274117 84380 421057 314651 31588 123715 47869 403459 256387 62890 1687 401692 205213 320353 234408 200324 402856 176042 373480 389101 120546 372615 321270 349178 185529 308721 179638 139222 289941 
45.55
46
123781 183543 96737 287788 251786 31257 182358 409213 335345 160691 402090 255579 73533 206659 86760 167283 12115 227872 121999 12010 387350 254055 79811 139522 345134 196898 190535 370409 92602 415728 206616 344920 287783 180616 330265 165790 225332 223434 392328 209458 33595 64535 199445 202196 172646 309347 
45.192
48
137296 332630 46380 382430 388605 420181 229000 103334 373625 17289 301971 338592 270146 243293 31026 56798 118503 311414 141495 339066 43884 308460 280886 268952 7541 186816 196764 25025 53076 416245 334850 142792 147947 332011 250004 147750 349162 246226 140955 379814 208422 104785 151637 104274 371464 157738 103109 245719 
42.061
52
131223 371214 326920 153394 403785 131625 97699 405468 42175 214438 410362 52896 355583 321331 409921 335907 286445 268952 167016 97604 350807 67127 133887 175708 290035 260385 265617 173073 240925 93949 275426 100819 370232 165034 139327 238453 77640 10782 234620 396032 118631 151158 246311 263709 101413 366493 116653 372304 377269 278152 233638 351144 
41.876
53
100569 193083 419593 103030 12196 274331 346562 93349 205520 280943 66697 120006 228206 18871 188948 186355 146673 390064 9056 262677 113073 287348 54214 233122 189948 182285 133868 308827 345595 5835 268210 421829 199147 337628 331711 28304 7743 337416 132994 250287 414877 72417 342480 2179 24803 363046 313672 318396 7054 376369 412566 267512 380464 
42.268
54
269225 124082 193661 157288 100077 142511 420260 292978 172124 208146 325949 217372 282982 126822 236453 411450 172437 53716 417875 281047 373019 154078 9841 121066 33916 102422 121379 236632 286786 336104 60044 261568 38616 84284 258899 146769 111088 48542 9617 358907 157467 369927 397471 16474 418003 2706 274198 292477 138066 70169 2511 376544 196231 215419 
44.84
44
287241 270845 386291 211219 16648 412899 244527 383555 351958 54823 163540 207320 162489 141874 148585 168470 289665 107736 184046 391861 336550 265436 263498 114876 292989 243773 179623 128247 119224 296200 208660 222113 238951 364365 71833 203746 78374 374593 359459 313749 316377 120594 17653 414492 
44.352
46
157385 286934 240935 205225 116357 412444 287457 254124 284042 315984 344522 220707 287404 357035 24333 364286 23649 296192 59679 278644 122162 223383 292315 197636 147169 238469 275893 376801 286891 267008 83228 110472 307739 400008 249737 379906 184723 121984 89113 182596 207928 356471 367807 120677 122547 237029 
48.194
52
136165 140966 336312 147275 282719 408813 283076 188921 300392 244018 149588 356489 219838 323167 380274 74336 253107 182664 43539 378831 282227 253854 403774 94234 94699 382688 218937 285200 210122 318748 354976 305756 53243 302567 291565 305989 271030 374886 366330 215782 58911 351457 153094 127390 137707 87917 344665 214654 369376 265155 183232 376071 
58.321
50
175827 289753 377522 224222 318586 313053 232751 222734 344260 128300 262336 361088 206887 177135 119505 98524 291209 95946 286970 258578 43859 211148 133590 60385 341600 239051 116963 201389 108644 409035 244100 379774 383688 1588 195566 294104 131353 178968 347042 180060 136946 98850 29873 192443 217206 197144 371071 340915 91112 105230 
44.779
47
204692 288191 130559 391404 257963 177328 47524 182714 269575 390682 39367 235989 340765 94043 91483 345343 86272 173813 206343 279086 405031 146264 242883 7791 87469 236056 367795 131376 147960 317258 309612 316628 42453 4210 243481 71407 244927 184209 123457 91134 229253 11551 158266 295385 365353 5889 111667 
42.912
45
352415 354495 216296 412188 234109 293981 93972 104375 295476 292894 180881 225765 141155 311990 134503 79497 252428 212966 361306 176616 403848 246858 144999 234874 421079 301910 219463 371864 370050 378468 324113 371805 291154 1455 200395 125819 40472 117187 300047 362258 139910 372496 109433 97883 335999 
44.569
44
52985 220009 205038 242923 410132 167693 298548 398430 310520 92006 224253 353610 305158 183983 322266 109781 168142 181522 122747 194600 179666 93314 256956 215661 155843 134519 299058 295096 126508 96376 317416 113143 32624 266844 9284 115922 230769 204470 49663 175889 384979 173725 397136 417106 
43.428
48
416993 358352 193111 328686 256027 196821 211478 407697 121361 200552 192022 415813 37875 282750 371726 380426 127268 277932 21532 178861 248073 393996 184333 367560 14990 414520 3589 189738 120795 398682 297834 328235 336434 391049 403620 188826 248063 9908 102315 405904 371086 292206 160441 144573 300028 207552 238833 278845 
54.358
44
114133 179514 410792 246888 128563 232625 260020 130103 147904 276516 225056 291815 321720 363550 46406 262539 386219 342844 356589 161344 12724 171409 2292 394617 149079 300473 76718 3064 156969 90398 145217 118597 144704 292859 244313 162200 407366 190727 132676 304428 338273 109406 35043 125697 
45.748
48
236066 373273 408895 73436 337883 399392 141338 222481 372313 66804 2067 363237 293303 99882 285098 344927 144506 94475 45440 189455 345118 272317 379339 96801 317418 302655 136003 172454 320750 283635 305877 409041 408027 222145 128147 354899 255579 291635 116473 237055 38250 96483 193116 242971 237896 372069 184158 282211 
42.486
54
209657 269654 275103 26433 252075 86931 55832 95766 145760 271314 143762 229426 325622 360410 13116 162078 94047 5062 252091 95067 1772 361995 65203 74327 335142 274338 147209 361070 421234 92939 130087 367786 323519 249809 296410 61426 70611 213615 223749 35574 316820 17500 35009 50348 169198 225317 384907 96709 65233 225238 252585 261109 63610 339740 
47.323
47
265315 116761 143750 420112 200325 171833 44582 190746 60176 64638 412584 5440 312770 395226 3326 101177 146719 13311 3986 348301 81167 247517 37364 359786 386487 191386 148094 365428 172797 222368 115094 321696 261534 367047 225171 103216 156459 110996 344570 265093 298789 411030 228534 243385 63920 34539 85311 
46.777
47
374704 76158 418307 19895 360346 10828 61848 164073 390686 75900 332004 292430 417142 417803 381617 41294 42867 160009 202488 170100 141773 134872 402870 92987 370021 239617 86936 377796 389790 334115 403588 315132 199815 129040 11862 234991 174049 404487 160723 128984 89809 269696 245628 104248 131591 244384 404649 
40.977
46
326267 369374 241596 93178 258120 395280 162272 129417 62046 213482 395056 360129 199464 35354 68848 85567 81036 289242 97691 56933 421741 301515 27367 28993 248591 243434 245277 44513 151793 375759 4838 129289 188508 192500 185886 317619 401134 261031 89117 328642 327082 365611 266257 311641 203936 367318 
53.23
48
343606 190191 22839 332282 57970 345118 59498 291256 206929 78387 53294 254026 177852 97798 77186 384018 50974 6190 127856 412978 114398 415872 77450 12103 229696 241346 174433 384524 152116 15320 131948 411095 311809 327511 104229 200900 25160 125058 418241 254293 59381 184877 132018 188401 231089 245210 126931 378162 
53.496
45
287390 54444 90668 278144 217131 48331 140701 308810 245109 184805 212825 404651 400928 52941 254010 56207 274268 342567 59702 69848 77718 153379 78500 256571 211817 97906 360660 186513 63456 255863 382976 415555 337075 286461 46253 51782 118685 128063 248677 129694 140504 399002 108737 145656 388166 
45.087
51
61816 279058 169451 257598 275403 408869 92395 160536 356270 204793 129336 293767 261633 52744 18596 286128 97779 95279 57781 8172 282400 20355 399422 350928 391528 389781 276165 92617 92703 340631 281986 194718 247926 104427 148918 186322 9758 326687 102202 266492 229505 99038 373857 225423 369036 180679 379879 326352 404383 108478 311355 
45.127
49
296956 54824 378435 127860 201635 184963 46281 103965 68793 307860 56083 290480 42362 153331 3637 109598 159400 386012 394448 402597 131527 163194 366007 132763 366456 172832 132726 127094 257038 282272 377574 354194 262316 257796 336647 350729 371818 53300 60295 417718 138375 38108 116031 244777 165620 314422 236562 5123 284618 
53.474
52
294724 77813 119451 419493 30391 406509 5224 327064 98459 13845 100166 372521 235344 358122 60876 293695 196499 418147 77595 161419 301209 211314 353052 214466 131318 283550 406955 174175 111733 237742 358241 69510 232329 139553 220190 268937 283769 331147 146128 138749 191967 205559 280496 210496 337846 169970 306432 313263 328457 280703 139613 141355 
48.552
46
4165 413383 32324 338344 113566 57814 186735 3136 229774 112659 114276 303837 321178 20541 131567 178227 127713 195563 241059 354593 329580 67210 410624 45767 350791 182299 150764 181053 339899 84145 894 130986 107417 44504 186710 130693 59566 263770 73939 286537 364696 91234 102242 135043 111805 347203 
49.546
49
162960 293049 258250 415652 395635 269961 124346 131389 368918 105817 16135 21278 412076 106073 288325 385877 40628 180419 865 73733 274482 216549 366666 206519 245572 118466 199100 227149 250833 99967 175846 326311 4460 219365 63876 77164 324365 17857 31127 88813 270134 147098 130700 244800 170386 379737 46444 99155 363010 
52.855
48
3039 358168 374225 39962 212150 271710 347553 158220 122582 175446 382431 370941 133127 274622 179324 67460 182141 206417 92116 146590 232004 46617 280719 285336 77912 40298 13675 171632 9212 237055 21839 407972 169899 212086 46560 59410 257179 235867 288577 46908 398615 74318 228711 82514 64564 118522 56604 342954 
46.408
46
139696 315211 94916 379378 303251 137776 160072 339811 420043 110798 75135 406763 347085 352780 192147 8066 273736 210656 357744 270976 101412 314009 307884 153343 154411 244283 350341 231427 332025 289502 328984 339342 144248 37633 169956 262560 296122 352266 409172 40831 157255 236123 410227 215423 253450 290515 
47.213
42
267513 236651 139315 63321 307054 339982 231814 31044 364440 372370 178808 292826 138589 51136 394426 41091 51041 152310 206921 253903 297739 213682 147235 14340 316737 232610 291906 209048 123018 314312 407134 416839 329897 325465 401561 85895 69335 74820 7638 280255 209958 412865 
55.944
55
360397 322561 222088 8603 266882 72729 32730 96160 406446 240252 53868 90195 402147 383065 353132 221094 74159 271457 224175 162360 39149 92709 153990 388087 247119 366933 292862 284721 379431 29729 292653 171413 262861 131174 116374 226888 299438 268077 330157 62546 358491 245243 124032 5757 347338 252627 232493 175411 164823 76852 391715 410070 157798 273928 323719 
47.373
36
302448 72090 257873 325058 255833 360643 186851 196481 86999 246474 2460 296723 53890 391352 290926 279516 378183 350183 391140 232651 296550 93665 33573 64565 421343 205066 48225 260197 278924 320694 140001 192915 195530 52359 19601 390756 
44.482
42
268471 10024 174336 411574 387395 187255 107581 398001 47617 49024 194939 192749 150290 133704 199539 100394 353770 382180 67687 372736 80231 178333 318498 117754 114716 309144 369526 278714 224031 349546 379439 96564 54786 179216 366649 215699 223760 204634 91818 134082 205353 219556 
53.039
47
287970 112728 5723 245515 357929 220104 8056 168717 327209 75874 53968 340865 63734 178770 215277 106780 106355 279171 259534 28448 224648 9703 110203 87682 229808 49238 389021 66359 146011 382185 248210 189793 116831 313384 72117 214507 125527 147355 217268 292186 203471 403574 400896 344753 387899 148623 340618 
47.56
50
152751 137405 220456 166161 210558 237488 317622 234898 64681 49544 73662 47767 279355 397733 105043 146565 48162 164019 229146 85682 407826 208526 67911 176246 287725 34183 410559 75476 284288 243688 56336 86266 196836 152789 169570 411178 289160 363659 49188 388059 236780 35105 154957 366285 130056 214987 4989 274533 315008 218145 
42.638
54
238008 259749 17069 15283 187867 252507 313715 161540 138792 44643 57874 255914 393600 330820 388286 314304 92688 115212 138225 388498 85923 257321 145159 124487 211191 33786 364844 39172 414473 223891 175158 172031 187500 294607 119893 74603 207226 327343 71030 21085 128387 270955 403680 101119 378807 283644 277531 357683 165108 67065 94753 233107 148911 344646 
55.896
39
208206 359779 263525 37744 128806 28447 58582 330687 248301 101287 54583 151500 420143 23113 263092 38667 27025 131028 326671 310218 293465 371367 230087 235305 249549 103235 140113 78056 385921 151636 221870 4615 109016 57816 177733 224458 182219 22997 389451 
42.527
49
222083 297810 22703 265427 77526 217574 59770 71831 191417 398773 270066 269380 118322 123260 11465 196864 265741 84872 233794 294431 34676 11998 179570 69151 384426 238246 323555 240470 157984 91617 210043 51636 104177 264382 204202 375304 20898 377606 142467 65246 191880 318848 233553 313107 370154 272502 396184 345690 372116 
51.791
48
365842 218983 226636 357890 321454 9397 96798 323493 419186 180202 174422 167060 344369 288339 170958 397748 146987 418816 72133 395260 39701 192615 62215 374136 414045 266008 81080 672 381654 274318 51062 226226 244537 289138 313216 378755 334487 195628 135201 411051 177697 116436 254415 130977 30591 418347 91602 383588 
43.122
51
235077 121315 133918 399018 342993 351391 41371 239930 321286 212616 286355 173563 139351 323798 39710 390855 145417 306596 299790 108621 25574 186848 382042 403847 45478 287337 57353 11090 227619 176624 317676 329586 1046 321632 321543 417348 365193 236945 198199 329982 201367 89707 83045 17970 37887 95861 264653 46521 219501 346280 374572 
48.968
46
374663 41999 401518 62341 391203 250021 193602 365935 254389 350328 220581 268096 138327 234615 220199 405722 143771 380864 58524 409410 322050 182994 248823 184270 210939 206501 23984 326948 136061 86282 279665 129886 388812 271942 164568 218909 212657 110035 315697 33790 97455 307915 75568 160985 126432 267835 
45.956
50
276631 120717 272995 120916 81701 379833 267226 244456 80821 137570 145878 286211 188902 27584 113716 216104 332067 367882 358930 279854 33526 265983 288769 364440 189559 184087 122311 20463 270830 173074 157713 342437 133622 325704 107186 226841 344018 108545 324980 149685 81387 85204 256240 104242 351040 89159 388015 333975 205303 284317 
47.938
46
140897 363121 218874 7095 338462 240315 308546 256834 259530 150028 270349 55724 103312 328894 141978 366275 401243 279793 257829 224612 345312 344490 113031 206611 133530 417984 333665 77479 19261 8294 233203 104639 267898 163795 200233 70057 332440 400415 256207 352403 57750 183037 76611 212652 15909 369979 
48.005
51
168957 242106 32044 346905 59275 299058 20398 134944 286635 415366 178699 212032 175659 32927 396596 80621 406271 48128 344490 303712 256565 122365 153519 20774 165318 198443 248303 411925 111854 158847 42489 276596 307144 311596 237125 318436 32290 301862 319387 361044 50550 240023 103173 399418 382316 113909 365172 274192 341495 10196 293009 
53.047
52
204684 415163 235998 15306 372998 244510 49849 388841 88376 347899 75461 319573 366467 247781 32554 360607 322475 88733 219070 363959 218060 44783 13867 308280 322087 409374 309632 370116 302002 34371 234902 256218 330918 147369 289793 323550 231441 320483 50771 407661 350111 294995 286571 391871 211976 185869 199115 373572 17419 140860 158467 282967 
44.138
42
274887 262050 22256 70453 110619 68877 159376 404424 11834 336490 254562 277361 143496 172187 283308 373142 180359 48702 135178 58547 198890 35555 231526 165594 5331 404282 67166 289601 387488 371124 92456 153019 58061 307608 63358 66285 289094 12298 157312 196683 321340 334306 
54.639
40
124015 60724 325940 391559 1119 146171 311358 297070 386741 52331 249640 158622 175594 220699 4875 20065 172264 71560 68058 154174 376272 347754 169628 171877 324866 360643 168254 402318 79068 232115 96391 347381 62570 352459 347379 300266 418780 335563 117363 182922 
47.797
53
364059 199170 314819 108586 214193 184964 215716 121393 255252 328610 290904 7436 169363 6019 140810 72130 152489 152711 34824 228787 313136 410842 48726 307376 115248 267830 388687 196991 336195 211687 332553 117195 311051 332276 343758 210754 566 171867 97983 81739 156675 60943 3126 69046 150898 30720 293833 236420 108901 101170 49641 138285 161139 
51.321
46
371253 369238 164113 136762 376732 224599 4336 153269 221382 258010 301386 185925 182444 1077 265865 54212 158838 128554 325327 284775 44188 359551 237600 329779 151136 371727 286440 38363 260121 2676 141238 155482 43459 22054 77068 300793 344043 386651 383482 418914 399308 232256 142615 320523 211936 176783 
41.552
40
122467 420963 359824 288722 45405 373726 313200 352217 206974 24129 199693 353254 411930 176281 128096 60573 239512 405134 69169 359250 384785 268567 305071 392905 115112 9036 71062 61321 356543 379131 402859 395259 259838 232683 282876 34592 93057 222868 121804 140142 
50.162
47
244412 201334 417814 215127 116659 85670 47382 321251 268231 19240 74123 115429 411880 217260 240847 344514 90318 257114 156443 182770 54321 25840 185569 16085 226602 152661 390928 55522 318112 52291 170135 158598 287190 171226 5350 213514 183422 270416 281346 91533 121523 324302 259318 198367 41138 48812 209055 
50.806
43
289303 391431 14257 87399 97790 164026 46959 222191 164203 114141 23291 201442 177960 229475 78572 166207 41485 161789 226442 373393 284187 343970 337934 23892 378664 118321 85351 349262 383626 127570 335607 309780 65491 148022 9896 135317 29527 210148 99825 96394 29975 19098 260155 
45.405
42
232379 191596 183335 251179 368243 240842 341371 18099 377428 1767 137688 374867 206924 86058 406023 65971 174683 22851 245873 411031 176542 124153 215627 335392 22550 36356 110701 69971 74197 238044 14285 235284 244210 316118 137272 70280 348608 215167 291859 329007 40522 224662 
50.685
46
284504 106985 222617 291507 305866 168687 241896 269166 140399 213467 270292 145395 288540 118008 393943 367119 301589 358125 313533 317187 316585 411134 172293 292253 268206 14171 189873 8736 189906 310761 270386 67502 283257 140127 280319 83751 110489 399116 73506 94021 40899 184095 369960 412580 32810 98533 
47.932
37
83282 224191 167682 221570 61202 292829 388408 178270 36476 228519 1452 108489 363785 399499 278998 392092 42908 118261 230868 356156 198151 409024 193485 219318 238969 358158 81776 281753 296125 27931 96280 419689 78714 408232 178593 111417 385449 
52.597
45
74543 75716 59686 401142 171796 41617 418419 32784 113357 346306 260637 196708 401745 790 379707 37922 158913 35510 30304 233669 286361 265158 351555 215215 277448 64853 302755 82267 26238 293632 204822 155121 370911 396459 86138 226034 69881 292592 71755 54149 416120 341745 216056 37960 382158 
48.067
38
206016 244887 385809 205150 149135 132861 242469 132057 99476 273499 413968 338732 115072 343425 85118 84178 276924 418400 96088 308656 143731 111176 262019 77862 117253 158764 125886 139778 3944 277126 279391 66620 395687 294710 125670 356384 114948 246325 
57.388
43
10995 190598 419159 343368 334465 374816 103481 68843 386382 40986 370506 376300 53016 4320 274765 35430 362073 400618 258775 34770 208445 341998 224896 342396 131876 316844 4236 227333 113285 358982 218072 417242 67610 228846 25495 194143 265152 167947 375567 386702 56114 249503 378131 
41.168
39
238867 137802 39956 370841 345230 308121 172705 267764 252598 309263 17593 203082 143159 136414 177464 35099 38785 29909 408671 259940 203661 182030 401475 46951 399900 263473 322431 114153 278955 164048 324613 7970 235593 372470 262032 332810 149795 14827 176903 
51.011
44
115392 107139 379509 311216 201805 352603 324619 27127 166897 200253 378652 43894 94308 4310 70371 272673 174531 128456 31932 36171 52443 311482 311124 29762 372241 252943 298726 123869 39287 12878 153694 97971 369548 56719 331400 204174 324936 213222 82735 62642 19055 27465 296000 387732 
49.024
48
343079 25350 285164 269174 109595 90909 343220 90524 257563 244297 127777 231729 308152 116165 179392 76613 123282 6258 101482 255134 379890 370575 239934 16984 251140 241298 75172 13586 48955 275436 195196 198051 80564 405453 106514 391786 359449 157086 402804 23462 149570 399550 223905 284971 197621 414436 4045 27604 
55.797
49
271276 344324 41118 19647 387728 33045 310791 199080 112619 281066 3276 297052 144813 85157 361279 228465 98972 73107 106204 384541 44208 85489 212329 108197 135425 194577 97599 238849 85017 384130 203859 397638 389833 360367 172013 84590 127533 192256 28589 42688 270032 24153 207196 142211 86485 345541 253887 90026 138681 
46.915
49
379433 228042 38848 34781 261307 188794 258151 9387 239582 133969 174091 403044 350108 95205 118945 304221 344057 176227 48060 411422 96986 349160 263996 304823 372923 191581 388992 284969 143753 261485 124299 218498 119205 306591 298135 405136 129850 275058 174996 54165 160903 152769 348299 388291 420205 131827 253660 65954 227390 
48.615
35
37941 303450 342534 330669 347843 390404 42871 4975 153134 218200 393237 326478 211256 403108 223379 274380 239835 322429 257317 404700 414670 164757 420124 192855 57064 159866 276195 149411 409534 36860 158445 365843 222442 131022 306603 
44.166
48
226089 159596 394624 50621 8007 363967 367154 101720 229707 403390 188578 324309 382759 204003 406994 26721 130249 380926 108474 104701 215698 328121 216892 57014 8903 173531 310156 366346 311771 333637 59800 378090 148764 399509 246121 198151 185668 210265 410482 76703 169527 364890 236658 135966 6028 242647 268525 419047 
46.48
41
92188 252131 10432 285356 393027 148149 145986 228221 131882 166998 212478 172800 105726 263955 346579 410004 170772 415599 126257 52490 36620 252654 387164 321831 115458 145639 43486 306765 14928 315738 32034 323023 343609 178487 158724 22645 73117 86664 51443 303520 323640 
47.955
35
196737 354978 2015 285396 315058 382733 200927 374824 136951 305036 218713 250274 281171 154707 389225 232422 152713 84724 396559 274193 379665 191983 54616 291930 228515 395626 271006 282934 131200 15111 84993 76626 382378 228280 217878 
43.365
44
250737 366132 157227 276472 65950 397562 226070 364811 235088 258246 267737 299798 339547 52424 284374 16832 5788 296824 211576 7097 265821 52340 9469 106480 159553 96556 399594 273522 149062 95603 362333 301026 196928 134705 317158 11202 209954 187489 167741 289720 277194 413717 47533 256371 
47.705
47
236878 45544 384942 235190 106761 184918 309276 414796 293109 215098 53702 1290 298564 216953 132374 128169 415726 212324 418519 58394 127078 120079 31731 211785 346253 370095 163594 163493 73470 201760 153288 192370 362021 120084 214307 340068 71601 268465 155573 372922 117773 407958 44611 261221 25318 176138 250304 
53.357
45
300930 24766 103335 40716 282138 111801 109317 14179 369302 50164 174906 175326 139010 120999 59150 185046 91238 172992 164561 289940 315077 358522 146868 381754 222553 44607 19958 284650 122066 7074 403450 197855 53541 116115 7519 260116 351920 315767 188516 36659 17098 250350 360213 18667 177207 
44.528
47
157403 384752 419057 113041 307876 47495 375267 332695 142292 321713 359825 177372 412079 263253 390101 415972 372047 165343 388769 381073 399464 292715 233030 11596 332804 387464 213251 81076 254595 170057 211904 239039 286765 297157 284218 331890 417374 344642 274922 287250 63576 48630 281801 293506 131762 7547 357320 
54.675
44
223051 142255 159210 384981 137411 403220 44555 34317 111411 239672 145514 419888 166366 90252 87571 369346 158120 194582 56686 262372 227564 14337 92925 52426 378262 294331 184200 224968 331946 339594 110375 250737 10868 291050 271307 236138 257434 116856 107486 406302 315710 415859 261680 354377 
47.432
50
140193 10867 131534 139278 186262 199766 69563 71207 419724 292966 213701 310553 83783 156908 369597 398852 357393 256523 126373 200586 93082 47541 104789 127525 146244 178975 43409 342495 152566 358371 84359 80525 126999 378356 354223 191067 124940 2539 315961 185584 40122 14799 339334 186898 325055 275702 130777 213449 391893 403515 
68.227
55
58814 357420 419120 309363 9655 101207 32542 205296 31672 249717 68406 416019 84966 87799 272767 136491 132291 192036 297985 121607 404702 243259 103383 197411 247379 215587 181397 87697 328551 332519 91132 380610 126369 27110 247544 32890 384910 393307 217299 410784 330515 276024 386719 61967 299607 42184 385476 291398 75351 284665 139635 343319 390207 242520 298595 
44.128
41
129137 105429 132726 174544 312018 137131 35295 204967 60138 35046 218607 257500 255723 91891 241600 336839 129374 207040 88814 270255 26939 416769 233904 85642 199588 271318 301413 361374 126545 420508 358629 399342 336327 224529 323085 195666 212213 222198 260362 105124 248222 
50.18
50
194328 20427 238248 312027 129157 405437 135060 65660 315760 392675 418084 68155 182773 248799 350847 253532 279217 292413 307262 340674 173249 41721 124396 165779 148482 232639 287275 82072 52271 214949 375207 326163 89583 175278 79560 88395 50145 341613 3433 67624 164344 96494 54991 271193 309653 229306 268278 242622 236968 319145 
46.619
