13
291 322 377 165 246 105 31 81 279 333 36 155 200 
4.806
15
57 77 252 330 41 235 240 9 42 259 318 351 384 307 334 
9.236
11
16 94 415 399 386 266 282 224 255 14 21 
6.28
17
1 182 343 257 391 115 161 68 416 365 404 380 200 278 81 147 304 
8.781
10
310 403 180 231 52 243 393 280 119 168 
2.391
8
8 176 30 177 388 414 52 160 
2.786
13
274 85 121 154 107 81 397 415 96 21 284 76 210 
5.098
11
295 403 39 239 273 361 90 143 389 58 121 
4.789
10
121 307 222 318 50 383 155 100 139 151 
3.71
12
370 18 155 186 305 163 96 220 140 217 87 304 
6.05
11
54 227 7 357 281 292 181 1 119 3 270 
5.105
9
310 296 87 386 205 327 329 16 266 
1.856
15
89 117 404 288 189 381 75 135 195 233 97 146 57 157 382 
7.967
11
339 369 370 382 74 336 216 219 275 18 183 
4.991
9
189 15 95 399 336 372 281 20 29 
3.072
12
117 289 314 182 55 232 22 82 239 370 29 32 
6.667
12
377 204 335 279 387 394 171 175 206 274 169 381 
4.016
12
13 115 235 386 274 109 291 395 153 304 319 357 
6.275
17
361 277 221 350 56 60 24 355 85 23 51 174 325 399 26 232 311 
13.827
10
294 87 183 277 32 61 288 293 78 159 
4.263
10
353 409 24 20 220 311 365 263 54 313 
3.401
10
107 334 339 336 239 390 23 409 87 189 
4.625
11
360 133 150 77 93 73 190 13 223 70 78 
3.136
13
101 352 106 206 187 325 151 7 359 274 288 131 349 
5.817
12
172 297 14 135 27 39 395 115 167 171 133 398 
4.891
16
379 336 402 11 65 211 259 62 307 329 248 12 122 349 165 170 
10.972
11
210 42 139 281 214 98 330 336 32 4 209 
4.847
11
363 416 10 11 49 82 369 291 306 111 209 
5.083
11
147 272 34 113 352 190 284 408 94 15 303 
4.642
9
72 62 76 145 205 248 26 25 183 
2.637
14
399 106 386 231 50 322 263 419 86 253 87 228 54 264 
5.989
10
349 54 124 116 197 366 174 306 99 420 
3.51
9
20 108 26 107 364 407 183 118 172 
2.878
11
213 281 344 175 182 363 244 180 72 318 417 
2.891
13
348 26 337 138 11 42 200 132 232 212 293 69 372 
8.184
10
269 111 57 14 218 87 73 237 387 396 
3.387
11
388 290 277 346 173 19 327 126 86 92 248 
6.076
12
173 248 321 276 119 29 176 228 115 181 148 262 
7.41
11
221 376 122 363 99 282 368 85 148 80 197 
6.625
12
78 391 204 68 279 366 157 18 65 289 38 163 
8.613
13
346 148 355 380 387 94 49 179 382 104 125 106 296 
3.498
10
204 96 266 77 55 275 415 208 147 367 
3.477
10
402 195 92 365 156 54 144 353 2 48 
4.733
14
46 266 71 178 416 159 224 302 66 209 160 320 258 306 
6.488
10
176 393 238 301 370 81 294 211 68 183 
4.704
13
49 118 100 158 200 17 327 150 78 283 287 11 127 
5.981
14
392 77 240 10 307 215 379 76 109 228 165 9 269 317 
8.019
10
234 402 362 312 133 232 285 109 35 317 
4.924
10
80 297 195 83 74 355 403 248 169 269 
4.792
14
93 332 405 216 358 215 392 192 202 120 127 261 228 300 
7.875
9
68 98 172 359 21 59 321 20 238 
2.972
10
42 317 203 153 242 415 13 118 25 106 
5.501
16
402 193 315 216 389 52 85 63 279 184 195 50 304 370 149 327 
9.93
11
133 240 64 199 261 33 4 350 80 58 117 
4.827
11
32 56 330 254 270 8 314 111 226 161 317 
3.07
13
210 114 209 259 66 373 218 397 258 341 399 183 357 
6.052
13
418 59 234 154 214 309 93 372 381 166 142 30 323 
7.363
9
275 218 118 68 278 379 146 80 268 
2.947
9
253 66 98 288 167 312 237 11 241 
2.8
8
303 317 331 340 207 339 26 306 
2.993
15
31 81 89 342 42 84 150 287 329 118 6 309 53 191 223 
6.86
8
175 214 291 49 177 269 53 104 
1.908
11
202 234 71 127 210 157 119 330 395 233 406 
4.276
11
57 240 145 147 45 341 2 324 182 143 319 
5.262
16
169 259 142 386 113 204 104 158 22 186 231 368 92 10 227 277 
10.584
10
88 116 102 20 73 179 217 313 200 250 
4.001
10
321 71 303 300 108 123 330 53 167 358 
4.986
8
189 222 9 221 88 318 10 349 
2.47
11
249 222 22 291 232 370 248 356 275 151 240 
3.776
14
39 71 153 148 273 299 345 6 214 163 405 416 52 152 
6.621
16
202 192 310 237 160 404 200 59 220 173 319 346 227 342 170 352 
11.779
13
400 156 15 200 392 46 80 361 253 42 271 30 295 
7.028
12
228 226 233 320 367 17 125 252 331 67 135 201 
2.951
10
58 224 242 344 49 88 383 27 110 300 
4.213
10
60 326 179 268 148 184 189 302 4 244 
3.21
12
27 197 275 336 42 409 97 5 78 415 6 77 
7.166
12
309 189 208 209 397 228 45 57 402 220 173 277 
5.771
12
108 220 78 46 233 24 226 203 132 380 293 316 
6.808
12
396 52 126 275 160 307 216 227 380 157 207 319 
3.652
11
246 41 143 239 20 314 399 34 66 7 210 
4.068
10
189 359 99 360 51 276 190 316 213 368 
2.222
11
225 328 233 261 196 270 67 285 36 29 340 
4.837
9
79 405 97 414 283 230 268 121 250 
3.212
12
349 31 282 304 84 225 36 113 139 50 67 346 
7.292
13
150 397 84 261 395 198 208 214 220 138 49 109 148 
4.251
9
241 40 246 293 43 149 335 36 268 
4.227
10
282 276 332 201 188 251 256 158 28 127 
3.957
9
18 296 276 115 194 214 267 186 316 
3.203
11
198 361 222 416 126 111 228 42 238 26 374 
4.782
9
387 26 274 88 152 329 355 42 91 
2.237
12
209 308 359 396 384 206 379 168 324 352 11 369 
7.416
14
411 96 179 201 216 400 316 359 245 409 233 407 14 290 
9.321
12
93 188 269 389 73 112 204 254 189 413 76 196 
5.327
16
26 114 238 171 207 390 367 369 351 139 152 413 337 411 222 246 
8.698
12
182 196 410 165 37 204 239 338 88 333 127 391 
4.426
12
93 334 305 104 355 181 279 100 154 344 61 132 
6.074
16
229 169 188 400 363 101 202 225 391 112 103 257 321 316 279 352 
10.648
12
349 386 225 322 43 103 214 104 115 369 7 186 
5.169
9
372 111 338 1 117 174 374 0 283 
3.641
12
246 32 112 220 288 419 0 264 87 98 69 337 
4.516
