13
291 322 377 165 246 105 31 81 279 333 36 155 200 
2.425
15
57 77 252 330 41 235 240 9 42 259 318 351 384 307 334 
3.117
11
16 94 415 399 386 266 282 224 255 14 21 
2.929
17
68 416 404 365 115 380 81 278 200 304 89 343 257 391 182 1 147 
0.034
10
393 52 243 280 310 403 180 231 119 168 
0.235
8
8 176 30 177 388 414 52 160 
1.955
13
274 81 397 415 107 96 85 121 154 21 284 76 210 
2.629
11
295 403 39 239 273 361 90 143 389 58 121 
4.513
10
121 307 222 318 50 383 155 100 139 151 
2.318
12
370 18 155 186 305 163 96 220 140 217 87 304 
2.378
11
54 227 7 357 281 292 181 1 119 3 270 
1.497
9
310 296 87 386 205 327 329 16 266 
2.636
15
233 97 146 57 89 117 404 288 189 381 75 135 195 157 382 
0.949
11
339 369 74 370 382 331 183 336 219 275 216 
0.033
9
189 15 95 399 336 372 281 20 29 
2.322
12
117 289 314 182 55 232 22 82 239 370 29 32 
1.196
12
377 204 335 279 387 394 171 175 206 274 169 381 
0.447
12
13 115 235 386 274 109 291 395 153 304 319 357 
3.586
17
361 277 221 350 56 60 24 355 85 23 51 174 325 399 26 232 311 
4.905
10
294 87 183 277 32 61 288 293 78 159 
0.239
10
353 409 24 20 220 311 365 263 54 313 
2.646
10
107 334 339 336 239 390 23 409 87 189 
0.76
11
360 133 150 77 93 73 190 13 223 70 78 
2.09
13
101 352 106 206 187 325 151 7 359 274 288 131 349 
4.768
12
172 297 14 135 27 39 395 115 167 171 133 398 
1.673
16
379 336 402 11 65 211 259 62 307 329 248 12 122 349 165 170 
3.184
11
210 42 139 281 214 98 330 336 32 4 209 
0.677
11
363 416 10 11 49 82 369 291 306 111 209 
2.065
11
147 272 34 113 352 190 284 408 94 15 303 
2.204
9
72 62 76 145 205 248 26 25 183 
3.781
14
399 106 386 231 50 322 263 419 86 253 87 228 54 264 
2.69
10
197 366 116 174 306 420 99 124 54 349 
0.031
9
20 108 26 107 364 407 183 118 172 
2.216
11
213 281 344 175 182 363 244 180 72 318 417 
1.606
13
138 337 42 132 11 200 293 69 232 212 348 372 26 
0.035
10
269 111 57 14 218 87 73 237 387 396 
1.951
11
388 290 277 346 173 19 327 126 86 92 248 
2.693
12
181 276 119 29 173 248 321 176 228 115 148 262 
5.28
11
221 376 122 363 99 282 368 85 148 80 197 
2.782
12
78 391 204 68 279 366 157 18 65 289 38 163 
1.149
13
346 355 380 106 387 382 179 104 94 49 296 148 125 
0.03
10
204 96 266 77 55 275 415 208 147 367 
0.863
10
402 195 92 365 156 54 144 353 2 48 
0.772
14
46 266 71 178 416 159 224 302 66 209 160 320 258 306 
0.739
10
176 393 238 301 370 81 294 211 68 183 
2.082
13
118 200 327 11 100 17 157 158 150 287 399 202 283 
0.876
14
392 77 240 10 307 215 379 76 109 228 165 9 269 317 
2.846
10
234 402 362 312 133 232 285 109 35 317 
1.168
10
80 297 83 74 403 248 195 169 269 355 
0.032
14
216 358 215 392 192 202 120 127 261 93 332 405 228 300 
1.169
9
68 98 172 359 21 59 321 20 238 
2.043
10
42 317 203 153 242 415 13 118 25 106 
2.015
16
85 52 195 63 184 279 50 149 370 246 304 315 413 402 216 193 
1.655
11
133 240 64 199 261 33 4 350 80 58 117 
1.042
11
32 56 330 254 270 8 314 111 226 161 317 
3.511
13
210 114 209 259 66 373 218 397 258 341 399 183 357 
3.443
13
418 234 59 214 154 309 166 93 381 142 323 30 372 
0.03
9
275 218 118 68 278 379 146 80 268 
0.923
9
253 66 98 288 167 312 237 11 241 
2.071
8
303 317 331 340 207 339 26 306 
0.662
15
31 81 89 342 42 84 150 287 329 118 6 309 53 191 223 
4.397
8
175 214 291 49 177 269 53 104 
1.516
11
202 234 71 127 210 157 119 330 395 233 406 
3.619
11
57 240 145 147 45 341 2 324 182 143 319 
2.006
16
10 259 169 142 104 92 386 113 204 277 368 227 158 186 22 231 
0.031
10
88 116 102 20 73 179 217 313 200 250 
3.42
10
321 71 303 300 108 123 330 53 167 358 
2.389
8
189 222 9 221 88 318 10 349 
1.142
11
249 222 22 291 232 370 248 356 275 151 240 
1.422
14
39 71 153 148 273 299 345 6 214 163 405 416 52 152 
2.9
16
202 192 310 237 160 404 200 59 220 173 319 346 227 342 170 352 
4.667
13
15 253 271 295 400 156 292 200 80 361 46 392 42 
0.031
12
228 226 233 320 367 17 125 252 331 67 135 201 
2.854
10
58 224 242 344 49 88 383 27 110 300 
3.353
10
60 326 179 184 268 148 189 302 4 244 
1.993
12
415 27 197 275 336 42 409 97 5 78 6 77 
1.749
12
309 189 208 209 397 228 45 57 402 220 173 277 
2.771
12
108 203 220 78 46 380 24 226 233 132 293 316 
1.952
12
396 52 126 275 160 307 216 227 380 157 207 319 
1.569
11
246 41 143 239 20 314 399 34 66 7 210 
2.801
10
189 359 99 360 51 276 190 316 213 368 
2.132
11
225 328 233 261 196 270 67 285 36 29 340 
2.348
9
79 405 97 414 283 230 268 121 250 
1.606
12
349 31 282 304 84 225 36 113 139 50 67 346 
2.812
13
150 397 84 261 395 198 208 214 220 138 49 109 148 
1.011
9
241 40 246 293 43 149 335 36 268 
2.348
10
282 276 332 201 188 251 256 158 28 127 
2.298
9
18 296 276 115 194 214 267 186 316 
2.389
11
198 361 222 416 126 111 228 42 238 26 374 
2.124
9
387 26 274 88 152 329 355 42 91 
1.543
12
209 308 359 396 384 206 379 168 324 352 11 369 
3.309
14
407 96 216 179 400 201 233 14 409 316 245 359 290 411 
0.033
12
93 188 269 389 73 112 204 254 189 413 76 196 
1.032
16
26 114 238 171 207 367 369 351 139 152 390 413 337 411 222 246 
1.396
12
182 196 410 165 37 204 239 338 88 333 127 391 
2.196
12
93 334 305 104 355 181 279 100 154 344 61 132 
3.179
16
229 169 188 400 363 101 202 225 391 112 103 257 321 316 279 352 
2.709
12
349 386 225 322 43 103 214 104 115 369 7 186 
2.787
9
1 117 174 283 374 111 372 341 338 
0.031
12
264 87 0 32 112 220 288 419 98 246 69 337 
1.875
