13
36 377 291 165 105 246 333 279 81 31 322 155 200 
0.134
15
57 41 9 77 351 252 384 42 235 240 318 259 330 307 334 
0.136
11
401 386 353 16 60 93 160 407 122 251 395 
0.172
17
68 416 404 365 115 380 81 278 200 304 89 343 257 391 182 1 147 
0.032
10
280 180 231 393 243 52 403 310 119 168 
0.046
8
316 188 283 326 254 273 300 396 
0.178
13
85 274 21 107 96 121 154 284 415 81 397 76 210 
0.137
11
295 403 273 239 39 90 143 361 389 58 121 
0.299
10
121 307 383 50 318 222 100 155 139 151 
0.169
12
228 6 370 190 176 163 18 304 155 268 165 310 
0.128
11
3 16 342 127 352 9 367 412 165 158 357 
0.099
9
205 327 331 310 16 329 296 87 143 
0.279
15
89 404 117 189 381 288 75 195 135 57 146 233 97 157 382 
0.064
11
339 369 74 370 382 331 183 336 219 275 216 
0.037
9
281 165 315 266 204 257 57 53 185 
0.205
12
239 82 29 370 22 314 117 232 91 355 98 387 
0.079
12
335 171 175 206 204 377 279 387 394 274 169 381 
0.055
12
395 109 274 386 235 115 13 153 304 291 319 357 
0.201
17
355 221 350 325 26 361 24 56 277 60 399 23 85 174 51 232 311 
0.166
10
288 32 61 277 293 183 294 87 78 159 
0.052
10
311 263 220 365 20 409 24 353 54 313 
0.192
10
107 336 339 189 29 361 332 215 99 239 
0.072
11
360 190 133 73 150 93 13 77 223 70 78 
0.17
13
101 352 206 359 7 151 274 187 106 288 325 131 349 
0.268
12
14 135 27 167 115 39 395 147 172 297 133 171 
0.109
16
402 248 336 307 62 329 12 170 379 349 122 11 211 65 259 304 
0.102
11
214 210 330 336 98 42 281 261 139 4 209 
0.071
11
416 369 49 291 363 82 10 306 11 111 209 
0.139
11
94 190 147 408 272 113 34 284 352 15 303 
0.149
9
21 118 104 362 122 377 249 82 340 
0.369
14
386 106 399 228 322 50 87 253 289 231 54 419 86 263 
0.16
10
197 366 116 174 306 420 99 124 54 349 
0.03
9
183 20 108 107 364 407 26 118 172 
0.195
11
180 182 363 213 244 344 72 281 175 318 417 
0.132
13
138 337 42 132 11 200 293 69 232 212 348 372 26 
0.034
10
14 73 237 87 218 269 111 57 387 396 
0.155
11
248 173 73 98 86 51 19 222 327 214 340 
0.174
12
181 115 173 321 248 29 119 176 228 276 148 262 
0.277
11
310 368 376 85 196 122 405 288 37 239 374 
0.159
12
157 18 121 65 289 391 78 226 135 220 54 75 
0.077
13
346 355 380 106 387 382 179 104 94 49 296 148 125 
0.029
10
55 204 96 266 415 275 77 208 147 367 
0.084
10
144 275 156 353 365 263 402 293 267 385 
0.072
14
209 178 416 71 266 66 46 302 320 160 224 159 258 306 
0.069
10
93 297 41 317 49 215 136 371 112 292 
0.153
13
118 200 327 11 100 17 157 158 150 287 399 202 283 
0.058
14
215 10 228 392 76 307 77 240 379 9 165 109 269 317 
0.133
10
402 312 234 362 133 232 285 109 35 317 
0.09
10
80 297 83 74 403 248 195 169 269 355 
0.03
14
358 261 215 120 392 127 405 192 332 202 93 216 228 300 
0.071
9
139 155 21 180 28 184 298 259 295 
0.173
10
106 297 42 236 214 281 163 203 65 315 
0.122
16
85 52 195 63 184 279 50 149 370 246 304 315 413 402 216 193 
0.066
11
4 133 80 33 350 199 240 261 64 58 117 
0.09
11
32 314 330 56 111 226 254 8 270 161 317 
0.271
13
373 114 258 66 209 399 210 259 341 218 397 183 357 
0.188
13
418 234 59 214 154 309 166 93 381 142 323 30 372 
0.03
9
275 68 118 218 146 278 379 80 268 
0.088
9
237 98 288 66 167 312 253 11 241 
0.171
8
331 303 317 207 339 340 26 306 
0.072
15
89 287 329 31 150 6 309 53 81 342 118 84 42 191 223 
0.198
8
177 49 291 214 175 269 53 104 
0.167
11
210 395 71 127 157 330 202 119 234 233 406 
0.249
11
60 234 319 145 194 374 188 348 333 161 417 
0.134
16
10 259 169 142 104 92 386 113 204 277 368 227 158 186 22 231 
0.031
10
3 160 88 212 352 302 330 263 290 386 
0.249
10
330 123 364 53 303 108 306 182 337 413 
0.159
8
179 408 298 303 374 192 12 230 
0.113
11
249 275 222 291 248 356 232 22 370 151 240 
0.113
14
416 6 405 163 153 214 39 71 299 148 345 273 52 152 
0.165
16
200 404 59 220 342 192 227 202 237 160 310 346 173 319 170 352 
0.147
13
15 253 271 295 400 156 292 200 80 361 46 392 42 
0.031
12
17 67 226 320 331 367 201 125 252 233 228 362 
0.208
10
344 224 242 58 88 383 27 49 110 300 
0.24
10
184 179 326 302 189 60 148 268 4 244 
0.153
12
415 197 409 27 42 336 97 275 78 5 6 77 
0.093
12
189 209 208 397 220 57 402 173 324 371 285 309 
0.17
12
132 226 233 108 24 220 46 380 203 78 293 316 
0.132
12
307 52 216 157 380 227 160 126 275 396 207 319 
0.129
11
239 41 20 246 314 143 66 34 399 7 210 
0.18
10
51 190 276 359 316 189 360 99 213 368 
0.202
11
225 270 196 328 285 233 36 261 67 29 340 
0.153
9
97 414 283 79 405 230 268 121 250 
0.138
12
225 113 349 36 84 50 304 31 282 139 67 346 
0.143
13
138 49 148 220 397 150 214 66 208 198 99 213 264 
0.066
9
36 14 158 33 241 140 13 167 341 
0.197
10
276 201 251 332 188 256 282 158 28 127 
0.171
9
115 194 276 18 296 202 267 214 316 
0.183
11
238 228 175 416 125 198 361 225 126 226 406 
0.151
9
152 26 329 274 88 355 387 42 91 
0.146
12
209 396 384 359 324 308 206 379 168 352 11 369 
0.159
14
407 96 216 179 400 201 233 14 409 316 245 359 290 411 
0.032
12
93 189 188 413 389 269 73 112 254 204 76 196 
0.073
16
139 152 369 367 351 207 413 337 171 238 114 26 390 246 267 411 
0.071
12
165 338 182 239 204 88 196 37 333 410 127 391 
0.141
12
154 100 344 305 181 93 104 355 279 61 84 334 
0.161
16
316 229 202 391 112 225 400 321 363 188 169 101 257 103 279 352 
0.096
12
225 322 386 349 103 104 369 115 214 43 7 186 
0.154
9
1 117 174 283 374 111 372 341 338 
0.03
12
220 419 32 288 98 87 0 112 264 246 69 337 
0.125
