19
4609 3523 4986 1974 3282 837 1924 509 2628 1365 5210 4884 2072 2131 5364 2368 3289 308 4533 
0.496
23
3933 2327 3993 2628 3674 3081 5439 2652 5173 475 4646 2535 1037 1827 1684 3879 794 5243 833 1698 5412 2473 3554 
0.302
18
4656 2850 3014 5178 5106 1759 3089 2740 4732 2587 3943 499 2143 1447 2168 5054 1314 1563 
0.53
21
1186 5223 3964 4284 2359 1333 1745 802 584 3962 1836 3167 4258 1773 1748 5514 3565 3500 1312 2912 4943 
0.692
16
2612 763 4099 411 3016 651 4280 5559 3613 4839 2365 303 4004 394 2991 3645 
0.543
15
868 2471 1568 5491 1945 5320 3230 5349 5110 5113 5042 1396 228 2996 5419 
2.365
23
1770 969 145 480 3060 3273 3201 4052 2280 1464 2088 4249 3673 4594 4014 1339 31 5484 3943 3312 2779 1366 2964 
0.507
18
1382 5079 687 2333 3458 3001 853 2288 220 1235 5015 3344 628 40 1142 1629 1930 3071 
1.426
20
2130 2451 3354 4358 529 5228 5448 2085 4550 3381 3410 449 2158 336 3904 4585 318 1852 2202 4721 
0.529
21
1991 3531 1171 2962 5021 5475 1252 4497 1147 4333 1673 5107 1685 617 1493 2603 1844 337 5388 1716 3542 
0.425
22
5139 1618 1278 1636 4265 2117 599 579 119 5250 2676 2526 4259 647 2709 433 3203 3936 2807 5618 2646 4496 
0.493
15
2959 2550 5090 4243 5352 4613 1562 3506 27 1773 5587 5059 717 989 1013 
0.729
14
1609 4147 170 4962 4217 2046 1887 5362 847 1817 3499 3320 3512 3739 
0.286
20
2726 4568 1659 370 1860 1068 2743 4837 1566 2667 4244 4828 2195 2922 1623 2343 414 4416 3216 5616 
0.662
18
1190 2831 5381 1523 2842 1230 2290 5337 5424 5069 1813 4251 668 1345 604 786 1832 3146 
0.397
18
5334 2589 3837 1870 5043 3487 2201 1016 1072 3491 5069 192 1054 423 3658 1800 242 3719 
0.52
16
4517 984 5081 744 1400 2186 2378 4233 4424 3782 4526 17 3329 561 2244 2394 
0.394
25
3225 2181 3019 3074 1228 2504 3539 3820 3754 3635 3283 1011 4749 1394 2200 4116 375 2610 223 5313 52 5545 4225 4253 5225 
0.596
20
5467 1493 1584 3438 2112 2571 4083 4111 3743 3994 4150 1446 2705 5177 1221 3354 4305 5064 777 2634 
0.547
15
1106 1338 4989 4041 2377 1488 4362 3478 2035 4162 5457 3580 1787 2856 4113 
0.759
17
1918 5002 1295 4290 968 3779 1749 5524 3394 5425 3514 1594 2847 1610 877 549 3513 
0.556
18
5516 1758 2202 4112 3991 5150 2106 3934 1525 4576 1910 1955 4565 3813 1811 1513 2489 4824 
0.604
20
5378 4294 4475 184 916 2907 1255 4100 1580 364 5263 2034 5225 6 3979 634 2544 4504 60 5546 
0.415
17
4670 3153 3492 3687 5370 5421 3960 290 5547 4384 2323 632 1829 3950 730 1853 2320 
0.779
15
5554 1678 5066 4679 1523 2777 3565 1790 4258 3011 3892 4471 4746 5103 5416 
0.736
14
5457 2425 4806 3258 2222 4225 1823 1671 189 3633 2837 4218 520 3411 
1.929
26
720 3125 4975 3075 4498 2521 5410 2088 2410 4336 2580 3591 3410 1920 100 2584 1715 4869 1956 2068 3242 126 2979 905 2283 3203 
0.814
20
1861 2038 2170 4638 2251 3243 5348 4486 1677 1352 1489 5525 2662 3110 4269 2506 4125 2660 666 2921 
0.801
16
2252 874 3111 5086 3636 5098 5399 1813 1329 2690 3123 5305 1164 1751 3190 3894 
1.155
18
3054 3177 3211 3601 97 4587 952 322 1393 4474 1085 4871 5105 2139 3007 1381 2271 4747 
0.538
20
3486 1388 1956 4047 613 922 3050 3517 235 3888 4111 4261 1660 4272 3257 2695 3796 860 1494 5213 
0.753
21
507 1132 4952 3013 2578 2026 3967 2390 5264 1825 568 595 5092 2546 823 3230 1730 218 5039 5014 5298 
0.563
21
555 803 3767 4908 4220 3528 5079 2535 5378 1554 4805 4229 4096 2326 4217 5364 4105 1525 5571 1105 2221 
0.531
16
4873 5425 3384 5248 1917 3019 3833 4229 4805 2665 784 2059 4615 2305 1317 3156 
1.105
16
2369 171 4328 703 1742 3124 3381 4213 1897 3023 5120 540 1973 5184 2951 3090 
0.736
19
4966 1497 4497 3620 4800 5001 313 218 668 2913 4900 2724 1730 5298 585 2343 1418 753 2188 
0.86
21
5146 5330 3468 4659 5507 2524 898 5289 2963 3330 1454 456 5440 4701 17 5365 3080 5308 3496 2922 5516 
0.634
27
911 3922 4404 5017 338 1546 4452 4697 2937 3223 4169 1718 4247 5032 2453 2294 1516 2259 1824 2558 1642 2209 783 484 4070 62 3205 
0.632
14
5580 4126 3837 2206 957 4230 3560 1911 377 1920 2113 2917 1950 5006 
1.215
19
2509 2487 2656 4685 1270 4530 4862 1585 3224 526 5352 1995 305 5473 2085 250 3430 3158 3826 
0.667
23
1259 1450 1881 2483 117 3122 4357 5339 4630 3052 5381 4299 4432 2165 3067 1835 2688 5397 4673 5342 770 4515 5358 
0.63
18
4504 2216 4822 4975 3329 725 342 3277 765 2939 4861 3606 3714 3682 3632 2130 331 2207 
0.452
17
3595 5438 3667 5304 4366 2359 2812 2637 4449 5197 1950 5510 3495 1023 3378 2543 5379 
1.114
22
2482 4732 4380 801 5324 1684 3244 4607 5479 4787 5411 320 2609 5358 1268 4086 4528 4196 1397 4970 794 3264 
0.46
20
3220 2094 480 4959 1232 4699 3603 738 2272 1167 2575 3134 3965 1017 4600 4616 469 259 4741 5415 
0.283
18
3496 2164 3363 4450 2585 3550 1135 3215 1473 3879 4506 4178 5127 4118 985 1889 2649 5578 
0.562
17
2141 5023 1309 5265 996 4309 5583 2767 4215 3339 451 1358 3213 4856 2676 2259 3564 
0.561
17
2182 4179 4875 3771 1338 4544 2653 2577 5098 301 2046 4563 1613 2893 3844 851 5501 
0.628
20
4170 292 30 1364 231 4503 5331 758 145 959 652 1624 1463 264 1180 4386 3477 493 4514 1231 
0.308
17
3705 4451 4379 3167 5582 3343 5207 149 5373 3115 3994 2581 5459 2120 5032 1635 3128 
0.428
18
2125 2416 3628 1780 4368 167 597 3065 2135 1664 5307 5033 2763 3975 570 913 508 5323 
0.478
16
1858 3114 551 1456 599 4139 818 471 575 1757 4754 342 2374 4391 2333 4107 
1.205
19
2158 317 4949 5060 3609 1771 5132 5212 1980 2195 12 2952 3603 1484 4188 5521 3436 2008 4539 
1.891
16
5469 4303 4295 5091 3938 1093 180 4676 1255 2644 1925 4015 5058 2338 23 5317 
0.846
17
1206 222 1281 290 5251 1553 2891 1105 3823 48 650 1407 5052 3527 3855 2312 4345 
0.731
16
4113 5093 4869 2401 1248 4512 1951 3558 3651 2750 3210 1569 1900 2350 1744 5063 
0.659
17
1026 3140 1535 3926 3004 4764 5219 164 5261 4273 3654 1604 3250 1484 79 3549 4617 
1.001
18
850 2625 4669 2763 1665 4188 2857 2954 466 1093 2303 999 193 344 1999 2970 3570 3863 
0.596
16
2548 2734 1321 1238 1401 551 3515 4820 4724 5496 2722 5469 3205 2952 153 3613 
0.718
14
966 4319 4791 2005 4206 3928 4267 3656 3677 1398 1721 3373 361 2809 
0.974
14
2742 2530 946 4619 2073 2050 4510 463 4680 1454 4964 2083 2812 5351 
0.557
17
3505 2429 2271 2944 149 4924 4100 3535 111 2737 3475 544 2026 1382 1860 4228 4639 
0.989
19
2666 4989 5159 4804 2908 5414 4578 3896 4243 3787 4131 1814 3388 4698 5591 5571 1944 826 3898 
0.836
19
4478 2777 793 668 3160 4622 3733 2594 1887 491 5575 1668 3037 990 2776 1323 4805 1023 3437 
0.389
20
2646 2536 3277 4849 5289 1267 1586 5533 4005 5595 318 4545 4063 3741 2604 1113 4789 1803 3948 4804 
0.511
18
3378 3170 4134 1345 3991 4537 5018 375 611 2600 5112 1570 5100 1475 781 3738 4154 3936 
0.296
15
3286 4156 3635 400 4653 1787 932 4291 1740 5431 2008 3098 3197 3093 3589 
0.909
18
2859 2820 971 3269 5463 3250 3450 2775 484 1567 5423 3513 2177 4830 4440 2146 237 1305 
0.376
18
5216 2526 3627 2795 3491 3038 4070 5018 4930 4849 727 3482 5578 733 848 1384 391 3620 
0.516
18
403 675 2536 859 5034 3748 1049 2678 1369 325 5552 1419 5108 2469 4238 3629 2717 4785 
0.602
18
4704 2705 3228 3754 599 1772 2506 2440 3753 1262 4883 2107 572 3032 4785 1767 2277 2946 
0.412
21
5619 3837 503 2006 3488 52 177 4207 398 4023 4796 1616 132 1322 5420 3117 5344 1691 2944 3415 5233 
0.569
18
2412 3618 4658 237 2424 344 372 4722 4278 9 5182 1899 1784 41 4151 5098 4748 5422 
0.971
23
5254 1986 4651 162 1928 4894 2698 4843 4435 2927 2519 31 3846 3822 5301 3626 4177 3105 147 4119 4099 3704 4460 
0.384
21
2313 212 4735 3002 4634 4116 3688 2471 672 4280 1972 4869 1227 198 2131 1359 1858 204 166 919 2953 
0.399
23
3859 2475 667 4701 5465 4488 2354 1618 4160 2476 422 2798 4660 736 4404 16 699 1527 2216 2607 982 242 2876 
0.963
22
5604 4612 4417 2135 5147 3560 1675 1327 1663 4029 2671 3575 1353 1629 2696 21 576 5424 628 2137 3138 4767 
0.539
21
1099 4631 5050 5331 2265 1305 5051 3952 2989 4111 2612 2258 3706 3675 925 2552 768 1430 3244 454 1808 
0.811
22
1641 3649 2886 1487 4165 2241 4202 1271 3535 423 1610 5132 2700 1426 5348 785 4133 1259 2551 1923 289 3634 
0.447
17
5387 4463 5292 4595 1827 3075 2369 3978 1247 2621 1403 5594 1316 12 2965 2712 4525 
0.481
18
5172 4448 568 3843 14 5432 608 1787 2319 4201 5581 1021 3284 3928 4050 3011 2028 3034 
0.646
15
2617 3438 414 1442 2949 284 983 5192 1905 467 91 3426 3443 1494 4800 
0.378
17
2426 4225 457 4689 438 3117 2487 671 4759 2798 266 96 3356 291 1393 1373 795 
0.384
17
2343 225 2549 27 2262 1940 4878 70 2542 3875 3746 5016 4437 2025 85 1990 2660 
0.426
21
908 2598 5583 332 5579 5184 1050 3249 287 1539 1203 3540 719 5016 4789 671 4200 497 452 377 1289 
0.487
26
900 4014 1619 4029 2823 4093 3800 1273 951 1828 5343 1640 2289 5072 4295 4784 2509 3411 2864 2636 451 357 5441 265 1816 1912 
0.507
21
1974 142 3121 767 155 1939 2538 3032 4857 4282 1124 2553 1928 2773 3900 5238 73 1913 3836 4475 1213 
0.295
17
5124 3180 4083 1655 2546 4783 4758 2114 4507 5326 3038 1074 5183 4057 8 465 3924 
0.521
26
1770 5165 2665 683 815 3364 3122 3356 4380 1580 37 1893 1305 5514 5259 1077 5089 223 3606 3769 647 5256 2980 3019 1969 4605 
0.585
24
2437 405 5615 546 1965 168 3486 1023 3725 852 3691 4508 3617 3132 749 1108 3428 738 2234 396 3956 230 1192 1220 
0.817
22
4107 540 3141 150 4558 3372 30 5530 3735 4685 2297 4455 5043 4291 493 1357 5382 5331 2345 3468 449 3534 
0.329
13
4674 1294 2586 1632 1778 675 4234 1277 4355 3320 1320 826 2175 
1.244
20
3511 667 2194 4505 5463 4478 4211 221 1592 847 4590 2412 4903 1451 3131 2952 4290 2449 2031 4671 
0.336
24
5517 2179 5030 2272 5029 144 4497 4964 3908 3018 5012 5561 5564 1676 3937 887 844 2633 3843 655 5449 1845 1305 559 
0.375
19
4650 791 1162 5128 1236 3202 4543 1264 2566 1814 2541 2795 278 36 5576 3190 875 354 588 
0.931
19
1961 4320 4029 3558 630 2299 3024 3996 5215 5002 3170 3219 4971 4043 891 2443 5132 1992 2465 
0.283
14
5427 2670 295 3440 3696 2307 5364 4606 1683 1935 2754 115 1475 3742 
2.084
20
989 5343 4638 4498 1532 2826 1525 3362 3066 4551 4791 1759 1507 499 1813 879 5171 559 1068 1234 
0.353
13
1591 29 1994 5124 4480 3849 4826 1860 726 4149 856 2825 5142 
0.352
15
3004 2723 1728 5393 3470 5567 1360 921 269 3295 3394 2197 2519 2980 3167 
1.49
