52
293415 230882 396152 137265 197030 520633 275787 183373 141531 267073 318723 90114 474695 46093 18960 368349 385515 64019 379332 219626 409747 328319 38220 463757 179494 263634 531853 550739 344340 204090 204656 126542 350649 316885 28319 424780 131885 144144 375231 283448 452099 522815 305302 315042 57456 291150 214824 461749 389946 70443 371714 513079 
59.778
49
312218 303774 541013 242866 30419 300113 359974 70964 329401 482706 335353 492031 350221 323404 451982 176767 340940 209399 531054 276264 175629 467204 267125 516119 323185 268947 133160 119509 229778 550003 284744 502940 434679 175003 59479 290842 181506 193708 385477 154615 225390 175896 541149 47187 466463 64136 7642 38577 430827 
60.127
44
554678 280062 471249 169294 418722 349609 352104 475160 248576 186965 448394 472933 248161 306886 417668 268744 137785 256259 445033 22216 108114 457286 406838 293997 405336 536422 334021 327925 28702 43401 329442 284358 408727 195345 368571 343526 211222 176585 228832 72913 333470 487967 188679 525496 
81.146
45
238689 13127 76527 466125 262126 281029 337786 63178 118600 114804 242253 302275 381274 324396 153221 366340 506893 221145 297258 207906 527681 371622 12736 435393 275722 375359 109251 456841 415140 305384 521256 289073 120446 149439 314796 190383 128803 186964 436500 261504 17110 516794 336838 5446 517232 
69.31
47
232287 87839 420424 133756 18382 232403 404374 81008 544744 185730 301 523549 194079 539518 528882 183500 405218 218573 215784 110302 172189 413148 86503 413218 432190 297546 184561 479956 465252 484884 36099 75508 120526 308812 492988 301261 201429 306274 21764 280233 59797 21612 478381 501154 478253 224669 303854 
71.608
50
442679 313686 294548 310722 449557 494507 555842 190915 196944 470697 32093 518496 444743 285468 353172 328939 469429 302235 217665 266549 287242 261579 355078 170384 418395 10474 294387 469170 454185 267699 521833 77661 269545 270335 206316 238757 417421 426736 234338 86292 120334 512663 18416 507379 11467 387614 402697 78942 341682 437452 
58.295
52
361290 53930 281272 285075 414845 174482 137087 119627 80609 492705 309406 311156 424788 284252 184616 120329 431767 77843 111824 39683 132679 194120 53588 114468 508045 195950 287149 495915 357321 34713 30457 205102 122174 252496 311895 423669 238390 54832 266433 84757 303421 345100 154594 511568 388726 525282 431010 264455 537259 328498 54246 74389 
60.836
50
469009 262475 520528 86090 495143 31115 241678 336910 418198 103820 394085 505418 429928 232056 55661 268249 237974 368212 288458 191664 205002 330402 399177 373711 79012 513230 90339 240912 308218 110633 267349 326438 136672 422037 167976 553031 478941 398317 532141 189780 152065 133973 549126 415204 345972 297402 525810 377712 308512 404110 
59.522
46
523889 279535 19297 435007 290846 258711 504312 310407 498409 58937 391742 446589 337208 444082 61276 165638 434090 196573 277146 481247 76243 312979 414586 171714 414427 318461 62570 34756 96602 292702 386943 453538 360491 474552 465253 192973 50942 124587 325571 400837 42068 154470 466437 511234 290838 459345 
66.576
48
553541 124830 285442 282939 533372 100730 157068 353346 379676 448897 481921 284800 338781 79524 152268 137526 40647 559901 414494 101238 487345 488598 462569 445123 170199 430153 417043 273134 79873 176411 377015 253524 15411 453342 405352 423173 9938 44563 307867 127530 180137 437696 525659 397797 46354 272047 40157 148674 
69.551
50
197397 234376 66323 117344 499464 402815 94874 539429 141721 465706 538759 347139 515039 466812 84803 539485 550424 258891 510279 433170 89479 270053 498217 122362 308357 350416 348682 540986 12284 145526 516327 307497 295422 78090 73501 338952 32096 321979 97888 233482 464488 493461 551655 117244 396545 254191 123128 125524 13885 309840 
77.464
44
502400 558961 227895 100464 280906 79092 442070 448354 287271 161888 465094 435719 550548 377659 143720 261697 214558 147712 170057 91437 251483 41216 497761 191699 79235 460731 89483 279541 242824 348896 476013 303803 438635 443699 438638 343980 485223 407168 373154 116737 10022 524146 195866 300358 
66.284
56
304478 139989 311090 132676 161236 329776 61851 499452 501329 191306 160837 383020 337975 251861 303156 26415 188940 173187 498033 317970 377520 333346 424053 320452 267248 91957 386437 475628 388781 355070 43685 237991 388272 434938 294972 97662 93921 296998 434421 516271 207561 299517 457300 208104 477927 415017 442031 544644 538002 303833 224491 17239 454272 146895 458271 517882 
72.243
43
59553 70982 198916 284396 239272 377739 9090 265396 200679 485271 227966 126705 170782 554212 528968 442120 326199 54545 498509 216384 433481 396832 76565 364972 228005 5312 528574 456691 324813 363841 357073 427481 523521 134719 188439 29160 96253 149955 135124 474946 121536 278418 418683 
66.603
44
142242 493373 329983 489485 370906 266509 549746 467782 329854 484859 184461 507320 47419 234361 375007 221328 134034 102709 376978 159668 343086 378582 179071 363936 208642 346159 384483 459437 404799 242318 488323 23146 510690 84784 126622 232880 512540 196955 395112 87214 487767 499524 94497 474829 
64.91
50
164773 238207 319870 484039 5986 407803 287225 151992 170756 182325 432520 223763 54289 106895 379023 261051 261094 170383 274036 476080 34375 497181 228460 275891 7603 483616 369203 89779 486798 167350 123569 321439 136905 316349 419895 500634 418176 25800 149118 440195 258947 307446 22648 145463 344954 111012 390505 234843 118171 500035 
59.201
49
489267 234942 210663 355664 187548 26883 109771 36737 160473 338928 96961 285667 94246 289472 56767 535533 216635 62372 299783 285101 154935 554363 89931 52511 118773 150598 506957 60391 163351 519011 277656 524231 262654 541224 312799 117888 431067 255607 474250 179080 428557 391839 512805 89250 463191 486819 131049 334393 516062 
66.529
49
530201 54990 268838 183641 265801 6997 126787 276944 169938 179609 462631 184890 340568 314305 528957 23831 377293 52324 346340 178814 367245 159706 357794 464255 457705 70925 209933 254547 289241 231250 6361 249444 259846 369644 115093 270121 498290 490028 277008 92387 454069 208028 505496 39578 402533 489738 185841 541503 558162 
79.44
48
200310 242019 118898 349340 531130 523241 515726 394773 104256 489872 53128 454269 64757 377824 195461 65188 413744 175620 373713 123676 111786 493191 17395 111241 133107 460672 374947 397590 258704 50148 186007 187902 297064 281477 242795 464704 410357 96196 208028 322561 522305 279681 244352 372519 73123 265275 99915 451304 
76.288
50
57983 491597 386960 374933 327887 75091 15372 327838 518146 348091 311360 427075 483288 388959 270862 104026 336971 372219 401892 359694 328867 324606 144548 452730 234730 108439 416880 408080 32681 530823 28278 324995 248465 273263 427581 181074 151904 420421 168191 209038 383032 324445 431307 288097 122668 213469 478767 359689 392058 425364 
71.503
45
201440 410574 82230 153155 206905 456967 1288 218898 528552 359537 295148 214783 466881 432879 381104 207360 287946 105579 174938 508386 264300 498061 75980 320458 277643 364765 315123 44197 212629 337668 550609 258472 20696 224400 202488 134629 10699 289040 538609 121555 29108 122267 287915 36991 221014 
68.503
53
427860 436328 37388 59828 31905 59493 44092 256996 404016 157783 454959 468852 459939 58208 426352 10388 58181 95410 499543 135629 320198 271507 377462 319956 195672 278033 36599 416344 467694 54412 484772 329216 544101 196058 17540 382842 432536 203812 200858 135863 190563 243565 293305 112359 54097 273854 162817 160820 298536 468778 219605 139786 241120 
85.367
47
49908 83102 558420 57010 468299 119018 17204 123187 359651 457165 432601 293932 415920 284570 560714 412402 370005 1222 209563 148600 314451 173849 231024 43972 516 148989 304667 141684 320767 132816 524920 456948 351573 379891 433609 58036 39948 470589 506014 384301 521092 148093 80455 99536 249529 334558 401882 
59.104
49
81832 169133 235784 458830 529967 401451 219381 300651 174399 401882 166848 359107 473467 449901 62405 549535 109756 373054 103724 176260 400300 79565 359481 148858 411489 2156 327511 313062 46395 419160 20722 479119 159617 341314 522717 359228 266766 173092 281479 530608 47595 363680 490219 96232 265806 337296 136809 62206 233245 
65.683
36
67513 138870 114251 37801 277688 219346 249697 236496 146928 50287 409948 264978 346962 100762 349580 239923 33345 177281 364245 167437 352720 238628 270222 536046 131919 497520 242908 457798 320670 339912 179126 36856 136813 76482 114545 462392 
61.898
45
204710 351099 152547 54249 445937 550328 251513 231689 262107 216564 395128 450871 370542 561948 203077 389638 539605 127384 144769 250221 203618 96378 77063 522628 265479 12753 8362 279148 114903 367548 95020 177265 34581 2445 557454 434608 490374 491189 62580 467165 359918 166189 110311 4797 351589 
62.307
55
440944 264615 74373 176992 87938 371610 353364 72936 254263 142076 432790 557413 483288 459491 168591 354931 351352 292531 558670 366172 128409 400991 307909 21361 48765 120420 152924 8222 49392 534659 139938 485345 204076 437244 324585 54485 553832 198530 164345 54689 103018 19625 179247 191833 351222 6205 401067 515483 387370 145886 430445 253603 418415 71671 247121 
57.322
50
378265 48953 228329 343052 29676 81706 240688 386047 30661 28679 282965 110783 195466 260484 362411 113622 395235 59061 477282 47054 46483 157363 187038 338652 458847 438377 447084 9453 97494 478348 358613 233426 357462 58578 479918 111433 381710 127443 463305 239871 405469 559417 413295 339635 368816 259645 36080 32434 92998 114134 
66.396
60
365582 31965 136705 83800 383137 308676 104230 196520 489717 16503 343805 252661 108660 338562 30237 453156 16950 280377 401635 427427 72066 371177 215452 449253 387092 550223 86770 47668 355581 102859 394543 413661 376712 335582 187364 126736 15803 177839 150166 262852 184271 296560 12371 325558 46733 303925 46904 405190 11258 135092 433872 430015 486735 234821 378691 285479 408151 216398 65244 227134 
70.825
46
509099 393909 163057 274781 149041 541809 240207 496216 514468 105741 152973 11514 471324 560469 374239 242023 2298 70124 527147 3069 399022 530432 414643 77646 522370 30570 272033 16884 202403 398846 324140 229138 312414 409697 235301 309793 267875 423310 240903 241092 38452 546385 452600 35589 222667 332332 
62.796
62
343951 212952 152511 396792 554474 427618 276955 528417 341937 41659 185791 212571 532572 144596 322199 422196 420235 52176 213329 189015 435712 156707 326955 522902 465713 51578 346871 105522 372743 59502 108759 536618 383909 52469 483294 362582 300150 166039 240426 29386 264736 352391 443986 176524 152874 420557 311959 48198 75295 12731 343555 431340 241316 92279 472703 533825 264056 506140 500216 384401 397568 438830 
66.798
55
22497 546007 372534 92956 316849 351598 163228 407797 441741 47492 341616 410367 123885 301372 219617 536463 313711 482707 380078 185275 19935 1461 527368 198 273657 376562 123903 298606 375650 502207 171720 413079 17630 244409 179139 194437 266180 293170 50966 123044 58644 548897 407892 396922 20291 155436 344098 115408 332599 170247 158885 346259 89202 217822 512150 
73.385
55
213351 260379 12894 416713 1597 451109 446563 379235 390846 195166 509162 398721 288706 226960 425627 388380 520860 174336 391375 60898 185616 116941 314020 186841 392548 380058 96896 213585 426079 27829 54492 555197 145049 141256 169120 345237 105367 45816 211016 270169 241778 544 320875 113120 332824 414264 502627 280548 107709 292836 449940 337094 357466 28061 271134 
67.444
56
323602 92168 423866 25602 231867 219806 129470 489881 97093 283684 526752 533591 190451 378602 111663 258344 332206 376618 73303 274811 46625 67859 88181 227025 17978 325744 51752 391669 39482 552815 546709 213111 373790 169931 529597 141991 298152 440846 482747 513953 128955 329496 561937 391284 92772 512211 439302 103983 355455 53420 544585 371302 151317 503816 22531 120811 
60.526
45
3535 505746 358192 6895 87649 171327 47248 486350 193986 2953 45629 322359 189828 147870 166018 103459 328963 511152 96912 250344 102641 417761 432319 362272 467590 362457 365784 343541 203712 19703 525491 129360 451665 516852 111661 2952 88855 512238 266855 286265 260465 3792 76194 70325 96509 
67.721
43
200596 518505 222329 291627 432161 492486 27178 198365 351008 444213 35030 167972 218624 71995 171929 216691 84930 551563 209528 197007 262711 137450 189265 288953 2061 141267 297888 329148 343906 143056 464552 348920 174617 230344 234068 87059 367085 481526 398302 224837 191792 60583 285959 
65.987
60
518091 263110 505886 497121 334870 160521 552741 350554 506919 93108 390500 164903 57827 45882 274637 49144 27426 522095 71100 234782 183944 159933 16249 501418 20038 514617 413979 538930 317331 117859 64547 523678 448196 444428 423466 201601 179730 336215 90613 200813 431019 53863 377336 338971 450221 82444 161353 466313 204762 247150 173821 451339 29575 319313 489765 157183 552224 436765 67578 555365 
77.138
47
70032 158367 111240 45302 157144 317169 49139 378492 441734 47762 73366 34021 145122 152654 79340 347769 340963 415020 127834 143319 93964 150696 7730 487775 509716 119059 61836 71028 375630 117549 182789 44087 140302 216729 90019 192787 43362 238384 420837 411640 286202 389429 520705 528539 276777 23422 162365 
69.886
51
11895 360434 109936 482400 323080 323568 437566 838 237081 416514 51583 10480 66138 313091 120062 475827 404595 496937 127914 62145 557656 7082 346683 184466 429904 31156 272435 515608 558696 37603 68331 29306 88394 140282 41842 560591 264533 273365 112600 71010 555623 19076 5903 132648 321338 164941 180952 22002 18702 182121 224080 
77.551
50
55883 335431 369542 153081 443981 11959 289309 143465 152786 535737 182032 177279 290845 351304 508008 296651 498579 285599 390802 359344 52794 428806 437866 231308 122198 35251 430283 501559 442687 443495 126750 345634 205507 116278 455589 546055 119982 471424 195618 153512 29331 218010 60884 490787 221976 539878 123730 395030 452255 105358 
57.251
44
206186 231909 3815 30392 242398 163542 57922 384143 285669 146128 81966 482401 410568 501504 213384 316796 124962 184722 91976 207420 561558 349727 262495 300663 34788 34866 515550 62721 515488 551571 63869 24641 291321 303756 234139 298470 148837 557943 141952 320539 82115 157010 25853 55494 
82.775
39
279173 162268 47843 443965 471045 530752 475125 66058 258573 185178 11438 529675 448989 53332 217575 81076 110312 133930 233742 454475 149292 130360 162120 108124 361669 53648 287270 50384 366102 242489 403122 169699 366458 186241 195450 309417 469603 121008 283730 
74.726
54
402270 103840 61984 336855 492713 178062 195736 105152 374363 135903 550588 174197 90113 4419 26084 504480 354725 219857 34221 368849 253122 371609 272026 332476 298977 525881 277550 156686 480725 400434 546004 491768 137784 535175 320413 550722 498916 344306 50756 403563 466076 353664 30768 337485 264172 145170 484698 104291 109260 265404 276732 326419 104595 15263 
65.05
65
95945 299662 418565 497864 361892 437753 80407 487685 504918 506211 249353 524965 481261 483470 308003 406886 291429 92815 372453 489567 63366 548474 68956 250904 72020 321099 269730 254154 116235 73065 254633 523088 510133 177416 502947 222449 426310 298916 461633 558957 395005 215867 505241 341314 103061 256139 478401 514040 211960 39427 502928 219550 236805 247608 230982 483668 456737 299696 52520 482205 412325 428482 178775 20798 417525 
65.673
50
304697 347983 197297 559084 231570 53058 492225 81685 351247 488883 482346 9235 61837 596 299773 440769 263356 412139 88776 312231 545611 257474 279473 59835 257211 296236 152033 510004 240528 299815 179480 544765 7771 281002 321898 173026 146645 162925 81595 533204 444469 488085 504293 362226 423708 194420 175816 488169 446700 494854 
70.999
49
201361 227435 456673 554334 65296 18022 2695 136740 60265 93857 159092 278333 484141 74784 294843 343993 452698 229195 184769 423750 539108 438491 220992 172443 141971 77856 539770 401700 142985 194460 104999 225294 517142 180740 330500 446400 177173 346202 406873 385135 306005 24423 294784 198226 223932 309960 276931 244262 254224 
63.138
49
467544 338861 381498 369434 99402 59903 506617 519487 522521 362087 16256 8800 178707 520089 442686 429265 143396 255655 54398 478548 441669 15929 409021 513508 172786 413932 5022 196188 234819 99603 259614 469096 528824 559623 336635 78657 182812 71004 552305 121727 224388 351367 60482 387004 42674 234721 301635 5344 95082 
59.542
50
494907 145000 274829 538524 251654 211209 482116 178596 506027 311607 149683 185391 380385 438844 375277 310203 118157 5991 358363 434254 164204 126720 130890 351034 479808 251769 218723 296428 253365 423670 265097 174151 432803 171690 1627 108042 532919 257937 68640 264380 165923 3084 375763 427086 333605 282325 292249 156791 113791 441328 
65.923
62
323794 318752 539477 455535 89976 555778 202521 113969 139049 493630 364948 31646 317089 45535 110521 96988 416772 136162 448295 173976 286417 274905 50116 428978 333028 316218 367610 123122 7265 306602 312849 273040 127011 363749 531197 340578 89238 86207 547431 196179 342089 5886 263183 248824 308025 212052 229602 387739 551516 285494 137500 374849 360417 561091 159740 497755 455094 491106 65002 59226 87748 515691 
69.98
52
23505 413731 119291 145463 507756 535509 116859 335656 207625 33276 302332 295071 244749 444364 300205 413165 64335 459596 434299 176404 556666 392714 46829 239899 554840 298157 4167 481751 172703 458712 357297 229957 361993 237383 478295 448123 366845 110343 184151 71946 206367 280469 78577 528453 432128 381485 243147 283818 376321 301443 97666 213910 
69.602
50
53763 85682 392230 504281 24013 139811 546753 450928 300429 110014 121802 367861 450231 337238 10799 360596 94724 74197 163152 36070 555393 376676 24322 263349 55069 397441 23560 150554 212649 387763 97065 274161 451238 461740 150636 307605 380185 246642 336214 190241 364433 473313 463357 500647 129532 354373 148612 182348 239675 257153 
69.856
45
426851 115980 42936 541928 344150 101260 361742 272682 94416 375213 556492 253735 494642 91464 529294 418269 14046 480954 397699 556776 201727 503813 71800 120655 301650 78945 168575 198226 231018 349284 45992 24377 490225 181088 277667 374743 458429 255728 12207 103891 410575 374406 281693 265188 515807 
72.526
50
10594 333914 556269 49137 404915 434065 65253 199683 5519 539457 271432 290545 388469 529341 210370 473232 456305 43721 43088 534891 12775 57005 404746 416634 442895 329843 238840 197358 21573 230975 86708 254905 76835 455502 491889 323625 558490 295165 307934 280849 106059 27078 237223 7754 503098 247533 32897 275899 93872 228784 
68.189
48
445596 225515 449056 120779 42023 506175 292964 33558 502502 310040 6431 550426 558391 215416 549551 249521 154945 228354 129378 186045 62805 85910 183835 512608 314923 89162 159563 551608 135318 416910 219780 181626 500675 148480 394277 511337 231193 156535 253312 517298 298682 203311 381278 29724 176382 297579 33608 310977 
73.227
51
350527 497653 104164 296885 122517 84039 56132 413842 172816 267380 199322 265846 115213 393753 112314 386839 44301 372908 346309 70363 164562 420629 191667 137203 551011 43627 94198 89987 435679 509018 548632 365439 41509 22599 293817 446440 445439 153195 90585 520636 457989 441603 404498 117618 530935 63750 2704 313264 147880 27898 252668 
73.319
44
334308 280972 399600 262773 1346 371108 6666 542786 558953 342619 554894 403330 36006 192680 303759 163900 141997 321451 75174 133854 192007 284920 258133 510754 365295 510212 88665 335498 338225 496198 173124 340771 553024 180266 58841 270803 522545 29964 81733 30953 526552 245273 485046 489572 
72.305
51
226229 26432 108990 131571 121126 3168 529420 119384 100616 367514 216362 374892 399524 471140 508652 288275 404664 379262 5226 491373 133976 207636 538243 277191 462693 315545 561643 417957 394293 383938 375748 226349 360728 10747 278766 97798 193790 289051 57897 16819 39738 483648 538435 353322 212948 162206 488115 519567 94424 459940 486324 
68.483
54
460956 135770 453513 21329 408737 402737 404986 368883 290749 226736 452618 72072 262241 363372 370721 159439 516257 271819 46274 233130 457757 245855 484944 239611 391578 90531 216655 459478 52972 161716 100566 388652 496502 425545 52902 197777 136938 537427 276075 469522 316504 200867 225859 253758 532249 392571 66743 480289 495238 75943 40633 323243 33402 451152 
67.231
51
407288 25188 137895 507224 542038 409097 43090 46277 412618 250993 308383 519966 425954 506935 354168 446004 553592 7503 184300 319336 7222 50690 463480 88910 473934 224337 390993 507307 345740 180864 128289 523897 127614 396223 247459 228980 236302 495550 408323 193859 164037 302735 17497 373502 35973 292402 61969 390862 273771 134195 397105 
58.724
49
412352 43629 546282 28950 529302 122057 280776 396816 85509 114055 488743 295764 76757 507301 337773 34896 419690 58484 429194 16350 239584 489419 518970 151584 426923 276565 325038 157584 448659 226064 223977 436509 87509 239529 512965 364393 460306 228310 467757 195511 449042 372568 465203 320728 282094 461780 84341 117170 240672 
66.155
50
283059 156948 402371 183113 65932 528618 2667 190348 17136 501354 67464 538484 178360 437106 460816 119406 421308 451426 219828 127998 325111 333726 458955 213098 172315 59079 303674 229151 2350 99301 416463 433742 275945 265309 272374 445285 119770 72727 176342 410360 178192 341662 164956 463037 440407 338269 531577 279780 182271 236344 
62.784
47
205897 58116 176284 192238 518716 261623 301275 144057 545227 465335 467805 176862 166736 132535 353038 136480 309498 131247 53639 540508 548006 322861 128683 513797 226489 349614 286617 90425 360474 383134 103571 322975 521965 416610 264483 443384 19921 10654 170174 222055 217779 279621 388989 139378 138615 408634 478924 
74.21
45
148262 476178 537667 340098 49082 314341 445133 401072 377630 517853 264346 197513 366344 355133 558051 72490 319268 73458 534822 318100 448301 295579 59130 243148 412707 193136 156179 284818 121744 385359 45817 293686 88539 428607 524091 87948 156620 111582 435195 411180 535699 378712 276360 472210 561148 
64.235
50
441674 21476 335426 130193 5154 430663 13597 73278 42334 158593 30192 222311 73409 259123 452026 400 218400 449832 22613 523421 209118 375568 119654 470488 485502 87128 297349 456723 502101 212360 220747 174102 422751 425024 253399 311553 518850 2513 226520 114034 49338 239124 44602 340176 92340 427299 263470 172101 71268 305312 
70.243
44
437510 551909 443294 142099 79176 250 547040 416005 476197 25865 139798 132728 311378 372698 144126 73799 61758 371855 56252 467603 170984 528601 553502 53677 394362 357284 276236 333944 378441 459329 498514 233905 311504 337645 526708 300385 7572 332008 1987 178003 127349 404390 56325 328095 
62.567
55
251049 67377 283274 338689 25264 512337 198231 552511 504133 136650 16438 443114 414198 355868 292985 23831 279087 503946 88117 185127 290228 541717 494698 151382 232187 279751 202307 273543 547389 532542 476045 172379 333231 339594 334818 52264 425071 284472 482823 369042 446990 371899 305723 364742 55759 199274 467271 558022 419553 510368 433097 5592 285408 59121 102726 
70.564
52
321082 83482 388098 137317 209653 483344 155715 67124 500664 281085 169199 126341 95943 175906 286548 35308 241255 546153 381133 429865 128468 106698 5841 62837 26704 190344 475565 98744 16977 86558 402146 150788 543942 70681 463029 492965 351051 77118 358928 156829 254012 351658 134358 546866 505141 212651 127953 434469 337389 525336 45094 400552 
63.908
43
414210 141854 320802 60802 472083 368841 352135 425078 124276 357167 168607 136284 78021 342915 461291 49443 46868 169541 139640 223408 101140 493003 213386 158050 136125 47355 510145 24109 251303 310840 480163 507997 196484 476239 18740 260251 421359 206292 13601 215640 282871 47359 191770 
71.354
40
277054 189543 528172 476573 175205 169543 341654 492872 316940 453006 125234 202005 249473 461912 78463 315238 60922 528684 251295 479278 542455 32423 472649 484208 122336 1283 32079 468771 336568 558467 490184 313826 223805 217843 315678 126328 132427 556831 16717 47224 
68.938
57
108076 67599 83328 339683 272337 346124 532916 442281 72887 144890 376310 6993 122038 491984 520098 152339 292305 448200 111614 106275 127903 245809 484939 329947 364172 27338 482362 540545 121901 417580 493125 505416 355308 442832 505225 461395 249822 113230 253899 249580 534259 431626 315578 378626 344520 189238 231578 354049 212401 284487 33242 299838 151224 270363 219643 145975 263576 
57.861
52
523063 520450 350462 212778 276794 6853 206637 74393 560966 337027 553367 161617 387871 374703 478290 88591 76155 78022 490899 243918 401396 208934 198282 529289 121493 459836 543810 169349 319815 364474 230424 488313 197359 384 152444 501449 11998 170331 223860 392073 364514 523031 213561 293672 221045 175755 195902 65188 200252 142358 257075 394109 
60.487
38
538437 359142 7817 70904 260891 363422 491509 446979 356493 385651 366818 318651 76319 405700 387108 162111 329126 203198 207663 558484 43577 166232 310392 436885 8486 100121 199126 555446 138518 33110 272037 303849 552668 213303 79514 101121 79969 395604 
70.043
49
78933 74042 505035 476004 129477 86023 430272 333970 248253 166568 121678 297060 113279 354528 17611 385815 316274 224042 69718 280229 101111 545026 138837 444850 96632 363 134505 134239 529244 435697 248622 292125 125262 150820 93328 178030 285826 218311 85609 141148 297914 261971 313054 374647 179793 281437 477085 5225 431192 
58.673
49
183039 318728 31006 103516 165920 328823 146801 363776 237533 337793 332626 210436 158126 545744 186194 460099 11232 400727 394999 305571 537494 447126 264662 44233 213490 200663 143842 116867 551543 455940 228420 500714 456076 220852 20025 405015 438622 500231 45305 395611 126799 25543 168315 222278 462670 191509 181249 148946 485459 
73.077
51
538628 15734 281279 107238 1494 396925 146772 424202 99190 311775 204830 60962 422037 505222 275566 6787 71034 194878 260175 157513 138998 524541 108470 439717 100352 170390 226434 105948 275158 285473 131381 320665 515817 59666 439462 423699 205739 459760 447246 344348 316119 302943 454918 5854 58742 120059 504931 352877 25955 330237 447325 
79.067
55
154195 102178 259432 213165 441479 38026 105498 156718 532749 61104 179523 69308 25770 245821 494773 442356 30036 115600 491511 88206 72889 477750 269229 202133 482346 329792 352907 324632 469232 262310 450945 220300 229293 545988 201248 4061 235791 437074 46980 210672 553339 377743 390530 246513 302781 22436 187189 26458 78783 405550 90735 248646 4746 385184 431882 
59.63
51
134684 165275 372282 527183 442614 307990 388395 58827 30851 101657 8367 197336 357929 30058 410068 328952 144932 524576 555168 162422 323887 393788 295867 168362 501490 363762 36003 366801 251465 224748 403073 535719 267999 390217 384090 290328 197250 15345 336981 419071 372136 539750 176124 431772 48986 188593 440172 542957 256284 296906 301678 
57.665
46
176706 215488 128709 241275 540791 352710 335474 354046 520347 128579 364552 67150 369572 20006 228952 498889 283927 225924 437912 458965 346621 399460 378948 515274 102321 186447 259217 336814 16018 166857 551060 37117 559286 246045 116239 239859 161220 170855 236736 177461 276075 462749 380860 363280 295000 325764 
77.771
46
20198 238843 479672 228805 5827 287968 225638 258447 380219 32374 381052 34375 119936 17397 17439 30536 9016 391516 498344 131120 100564 1760 520398 90553 221318 354336 187030 240312 266056 91598 546459 532381 212176 21649 96080 494679 189160 73784 438365 255761 540546 413263 436477 381088 112630 492819 
64.753
56
155674 181119 363573 477813 536688 186845 347935 363329 459982 492711 393016 482716 349483 41171 286676 357084 208908 527466 235728 256183 188722 69414 253198 39625 416228 291498 171629 519601 41515 521652 426266 446487 211306 133321 130837 438337 88360 148090 267617 501221 496954 416148 140366 367793 290733 517945 240580 549411 249708 303866 527678 262822 204109 164648 235161 464560 
60.589
55
377432 477521 456490 526553 456058 305624 144412 229304 514143 314170 320475 26159 362020 140217 163425 351106 231734 109743 504989 67628 508837 51182 361848 227933 84546 532164 25014 468747 529432 538488 62471 92277 278084 85390 113244 292670 409568 281246 289648 299218 6261 450754 500330 309002 399436 70579 550069 251908 395769 40097 239114 180398 232681 151907 321451 
62.815
57
441917 278887 325869 198496 189876 328306 79106 108148 34504 325853 30255 534153 185297 315385 317577 426067 271656 198364 293082 140839 485890 310713 98937 475776 448964 235927 525306 408873 546022 266551 442219 152388 371691 164710 318414 9750 110016 66669 404554 520962 178715 220419 121011 112874 514694 500611 451740 450195 95706 54931 30228 116614 97791 101231 405848 128042 417413 
57.586
49
39994 299532 245358 185830 54601 50932 222032 433574 166697 17889 274763 209745 484997 231054 470398 441663 369392 14713 110583 168364 85021 260635 532662 394388 135351 200878 114028 425943 314085 524717 180024 495788 34374 531147 187201 434990 553830 12277 71946 254509 104214 39996 160121 312678 464767 106137 505124 51895 286804 
59.04
62
2161 300052 104106 247684 416730 122320 296798 152528 328837 37136 437320 126229 58656 266301 373682 287901 354625 292363 209828 364562 497112 261808 525683 427985 94429 457903 335078 536209 351243 82735 108169 505707 398651 98774 397208 399537 361799 107373 541518 181219 429792 471765 378829 387385 177198 345565 528455 173731 198754 343910 43695 81625 347152 392492 303550 84071 130989 70061 268498 290710 153986 261702 
57.995
44
371978 329796 153761 222990 466136 260377 243126 456927 504065 189298 55223 377936 211863 534215 352691 557022 378272 159756 470344 37590 494760 123559 249768 333704 509695 222796 293162 78070 337109 103583 157351 464808 420012 349565 458115 350539 305545 220956 551173 450998 215286 83744 291982 315872 
66.012
47
282863 527372 194201 107134 59519 322052 38818 507881 486417 170961 464487 29802 410445 151129 426566 456676 33819 7191 510383 396873 93893 505405 512801 274071 520193 238371 346002 394502 185335 518170 144072 341510 214981 207771 318476 274156 257168 531677 198057 465091 113957 29998 452950 144607 216258 164764 270189 
66.254
51
508139 515617 235764 408407 471985 530568 229342 70465 519775 21856 256665 165978 434867 415290 66213 414925 538023 431188 438042 442011 53095 516327 513566 270407 504419 75902 188724 362503 153750 281218 520867 495368 213484 270110 263741 202818 381595 135077 10098 450574 309590 541567 215145 362333 276767 312387 502600 521509 214198 235618 485251 
65.14
35
342955 334167 214964 193174 203956 547153 219114 11611 519619 500438 368365 334068 56248 529462 319662 305631 130308 291017 391001 382280 382438 162669 50948 143142 298206 364805 534362 438807 36838 394774 443737 214098 64355 52846 500019 
58.894
41
395278 291589 545176 338454 98632 122399 231346 186976 93396 176200 196742 288221 519607 176009 539384 88125 405198 244434 260802 315316 121880 199836 531220 84506 515903 185559 429971 471499 93072 513087 13096 159537 117667 237402 406623 235568 547863 422798 99705 445077 460215 
65.264
64
375594 118446 423504 122546 115052 523954 119553 391420 7198 1134 538627 406186 153691 177874 462393 88257 127918 379995 406250 72110 68137 112177 357524 402079 95320 550550 254155 458127 18859 537662 444267 236017 181937 379910 226922 104546 496315 519651 64572 17810 300072 368859 515107 45360 420870 209853 45455 361152 107288 435900 128283 20273 448568 463850 181367 476792 64338 166526 2284 217104 301766 530596 207176 472872 
65.825
41
360750 425160 196657 40710 180631 251854 263330 118252 248431 257768 540276 528093 188389 234771 420955 376142 346788 435649 111564 465447 243599 327923 101779 456727 7725 551377 282096 431972 216250 262929 545180 523951 430376 281767 415552 444640 141456 193465 369006 12518 124476 
67.011
48
104568 137968 115801 398497 169196 19474 403515 451177 355960 125481 517273 60446 20175 138225 389501 354088 259144 261147 500892 350319 485163 493790 178262 319632 519271 380656 105466 345237 292864 478910 44719 170572 308473 64379 179371 393414 544111 76798 476141 313256 434493 167288 46449 419961 138186 372026 74598 318037 
67.026
59
80253 433443 298364 139158 304481 240543 123522 287425 160881 201019 271448 466905 101499 43370 43808 255663 414904 115309 100892 152194 5108 183778 219241 554411 459857 411991 348391 191301 169688 183198 335712 39535 320946 357752 193507 351165 321880 52332 188766 223673 185678 297131 241895 293382 26010 30273 481915 309204 549930 99483 262292 533306 37307 124578 360587 480707 351738 247145 295344 
60.254
49
503152 282926 148922 168633 98680 429187 312555 437178 446522 466370 95630 437832 487810 433805 543834 135906 521933 303201 294780 179 387822 500895 140873 48988 314431 296269 202066 325940 195876 117300 340612 225447 346188 52572 517878 555107 540120 259396 136108 87415 221346 81025 6678 384625 460407 532974 33797 425546 540614 
71.869
48
255669 260439 125114 230094 79725 23255 356012 75878 344012 382497 264926 401870 326105 91738 530294 177360 298927 205202 253856 345541 74489 361698 445309 343590 503473 158191 60652 397965 67976 56647 87918 221916 327277 416204 327365 505126 103769 124910 537791 131290 333803 523111 264568 129263 445756 547192 158106 331728 
65.617
45
52526 460403 336758 342968 209014 116431 278153 58705 432374 231521 130846 561793 408456 423745 290409 431319 548273 162556 278513 165818 460396 8705 244255 340909 53543 152970 125788 384593 392581 6305 468941 76809 163488 550296 223035 337859 394708 31887 556299 14227 326222 495564 21136 423550 482608 
71.867
45
201590 121134 440030 99186 162577 464985 137004 320121 448922 235499 440856 527585 206262 478508 65251 363875 141261 136033 184899 539786 65586 556814 283023 80236 462343 527703 381383 478320 492613 68150 225076 199581 166673 260564 48183 296319 391253 420164 422936 250530 352643 76827 313974 474411 534612 
84.75
58
248395 28280 494854 385826 474020 499589 123138 271621 169581 143571 11101 175686 384744 507780 396216 531117 217323 489989 106733 298454 133478 9320 292453 76511 438664 481690 136756 84498 500374 408500 305696 132020 190088 214558 507754 306671 389733 409134 196263 273573 44579 560570 163001 69949 336431 258335 200856 34255 492669 388762 49659 188445 350237 30579 163492 303821 93547 121418 
71.957
49
73948 466061 366688 396351 192378 558853 345548 121687 407991 501570 374188 119331 56851 20771 457030 280693 409943 442497 381732 542493 155195 225957 511380 264048 380461 490640 341943 182537 349782 164016 274804 490825 431029 413377 526124 505028 306040 372057 335989 371699 55708 124258 322943 48518 490717 13497 367935 379027 538714 
65.021
49
504288 550176 103527 225379 411678 376132 320957 450375 539469 455114 476813 275230 530920 324498 442604 254430 158576 449526 164696 413687 535650 196846 240108 104020 47334 45074 352538 438709 451579 74459 514618 337706 220513 349820 29080 148682 217100 293846 19450 202589 239713 425714 379185 351528 366245 241085 498574 290361 478968 
63.426
