19
2368 2628 3523 1365 4884 5364 2072 4986 4609 3289 2131 509 1974 5210 3282 837 1924 308 4533 
13.118
23
3933 2327 3993 2628 3674 3081 5439 2652 5173 475 4646 2535 1037 1827 1684 3879 794 5243 833 1698 5412 2473 3554 
0.301
18
2740 499 4732 1447 2850 5106 2168 2143 5054 2587 3943 1759 3089 3014 4656 5178 1314 1563 
8.931
21
2359 1333 3964 5514 3500 1312 4258 584 5223 1745 4284 3167 1748 3565 1186 3962 1773 1836 802 2912 4943 
22.729
16
2612 3645 3613 303 5559 651 411 763 4004 2365 4280 4839 3016 4099 394 541 
9.016
15
868 1829 3098 2858 2234 671 1924 2774 310 1069 2793 5095 623 1333 4721 
48.34
23
3060 969 480 3201 3673 1464 4249 145 4014 5484 4594 2088 4052 3273 1770 3312 3943 2779 31 1339 2280 1366 2964 
9.358
18
2333 5015 3458 5079 40 1142 628 687 3001 1382 2288 853 1629 1235 220 3344 1930 3071 
46.42
20
4550 2085 3381 3410 1852 336 449 5228 2451 2158 529 4585 5448 3354 318 4358 2130 3904 2202 4721 
11.946
21
1991 3531 1171 2962 1147 4333 5475 5021 5388 337 1685 1252 1673 1493 2603 5107 617 1844 4497 1716 3542 
7.254
22
2807 579 2117 5250 2676 1278 1618 5139 119 4259 3936 3203 5618 433 2526 4265 1636 599 647 2709 2646 4496 
10.37
15
5090 4243 1562 1773 2959 2218 4881 966 1013 1778 5352 3506 2550 27 3497 
15.071
14
1609 4147 170 4962 4217 2046 1887 5362 847 1817 3499 3320 3512 3739 
0.285
20
1623 2922 4828 4244 370 1659 4837 2726 1860 2343 414 4416 4568 1566 2743 2195 1068 2667 3216 5616 
19.288
18
5337 786 5424 1190 5069 4251 1813 604 1230 1523 2290 1345 668 2842 2831 5381 1832 5495 
5.664
18
2201 5069 3658 192 1016 1800 423 3491 3487 2589 3837 5334 4360 5043 1870 1072 242 3719 
9.556
16
3329 5081 984 2186 561 4517 4424 4233 17 1400 4526 3782 2378 744 2244 2394 
4.268
25
5313 5545 3539 2504 3225 2200 2610 4116 3754 3820 1011 1394 52 375 4225 4749 2181 3019 223 3074 1228 3283 3635 4253 5225 
17.682
20
1493 2112 4083 3994 5064 3354 4305 3743 2634 4111 4150 1584 5467 3438 1221 5177 1446 2571 148 2705 
10.528
15
3909 2413 3580 2737 2377 2336 420 4888 578 5457 3202 1245 2596 293 966 
17.299
17
1918 1295 877 4290 968 5002 5524 3394 1749 3779 3514 5425 2847 1610 1594 549 3513 
12.735
18
3991 4824 1955 1910 5150 1758 1513 2489 1811 4565 2202 3934 4576 1525 2106 4112 125 5516 
14.578
20
5378 1580 5225 1255 916 184 6 4504 2544 5263 2907 4294 364 634 3979 2034 4475 4100 60 5546 
7.995
17
4670 3960 5370 1614 4384 5547 5421 1692 2016 3492 3687 3153 2320 2323 632 290 402 
16.865
15
1790 5554 2777 3565 4258 5416 866 3646 3847 4649 5066 1523 1678 392 4679 
16.3
14
1476 176 2889 1158 4859 189 4363 43 4337 976 2853 4814 68 2425 
42.714
26
905 2415 2283 829 4768 3201 4975 3075 2088 4336 2580 3410 4498 3591 5410 2410 2584 1920 1956 4869 126 2068 3242 2979 461 1715 
30.306
20
4638 5348 1352 2662 1489 5525 4125 2038 4486 1677 3243 2251 1861 3110 2170 4269 2506 2660 666 2921 
27.611
16
3894 3037 4917 1699 4855 4894 2860 2952 271 874 2252 4600 3909 1848 892 2734 
27.082
18
4747 3601 322 4587 3007 2139 5105 3211 952 4474 3054 3177 97 1393 4871 1085 1381 4874 
13.474
20
735 82 1328 1097 3527 5028 1908 4175 4953 2561 1660 3517 4272 4261 2057 5336 5548 860 419 4595 
21.149
21
5014 5092 568 5264 3206 1825 2578 5039 3967 2390 1132 1730 2026 507 595 218 3013 2546 3230 760 823 
16.07
21
3528 4220 4908 5079 1554 3767 555 4805 5378 5364 803 4229 4096 5571 4105 2535 4217 1525 2326 1105 2221 
12.563
16
3384 5425 5248 4615 3833 1917 3019 4873 2305 5532 1317 2059 4229 2665 784 3565 
25.061
16
4328 4213 3090 3381 2999 1742 703 2946 3124 1897 3023 5184 2369 171 540 4897 
15.729
19
3620 4497 2724 4900 4800 2188 218 1466 2343 5298 1497 2913 1730 4966 668 313 5001 585 985 
29.701
21
2524 5507 2963 17 3080 2246 426 1688 5289 5330 456 4701 5365 3496 5440 4659 1129 5176 3607 587 2922 
18.386
27
1546 4452 2259 2558 4247 2937 4169 2209 1824 1516 5017 3223 4697 4070 2294 5032 911 4404 3922 338 1718 2453 1642 783 484 62 3205 
26.76
14
3560 2206 957 2917 3837 4230 2113 377 1911 1920 4126 5580 1950 5006 
21.227
19
2509 1995 1585 5352 4862 1270 4530 3430 250 2085 5473 305 2487 4685 3224 526 2656 3158 3826 
17.299
23
2802 4638 4513 2529 2179 3725 3988 2232 117 3122 4357 2483 5339 3052 4630 1881 5358 5275 4595 1450 1259 2087 5381 
23.916
18
725 3682 3632 342 4975 3329 4822 4861 4504 2216 2939 3606 765 3277 2130 3714 331 2207 
9.747
17
3667 5438 4366 4449 3495 2637 1023 2812 2359 3595 5197 5510 1048 1950 5304 2543 5379 
26.187
22
4732 4970 4196 1268 4086 1397 4787 4607 5324 2482 4380 1684 2609 5358 320 801 4528 5411 5479 3244 794 3264 
11.827
20
3220 2094 480 4959 1232 4699 3603 738 2272 1167 2575 3134 3965 1017 4600 4616 469 259 4741 5415 
0.291
18
3215 2649 4178 1473 1135 1889 5165 3496 2164 2585 3550 5127 985 4506 4450 3879 1411 3363 
10.049
17
4309 1358 2141 4856 3213 2676 4215 2767 3339 451 5023 1309 996 5265 5583 2259 3564 
10.528
17
1338 2046 4179 2653 1613 2577 3771 4544 2893 301 3683 4563 5098 2182 4875 851 5501 
12.409
20
4170 292 30 1364 231 4503 5331 758 145 959 652 1624 1463 264 1180 4386 3477 493 4514 1231 
0.305
17
2042 1505 3343 903 3656 4266 3705 3984 2188 4678 394 4723 3387 5227 3463 202 2375 
6.866
18
3975 597 2416 5307 1780 167 570 2135 3065 4368 5033 2125 3628 1664 913 2763 508 5323 
9.448
16
551 342 471 599 818 3114 575 2374 4391 4139 1858 4754 1757 1456 2333 4107 
27.825
19
1771 1484 4188 3603 1980 2008 5521 2952 3436 5212 5132 5060 2158 12 4949 3609 2195 317 5020 
49.245
16
1925 1093 4676 3938 5058 2338 4303 4295 2644 1255 4015 180 5469 5091 23 5317 
19.976
17
1206 1553 48 5251 1105 1407 1281 3855 650 3823 290 2891 222 5052 3527 2312 4345 
17.445
16
4512 2401 3558 2750 1569 1900 3651 3210 2350 4869 1248 4113 5093 1951 1744 5063 
13.027
17
1535 4669 1145 1120 1026 4062 2626 3493 3649 4193 1138 3136 3121 3762 1483 701 4925 
26.074
18
1999 344 999 466 1093 4669 2625 1665 4188 193 2954 850 2970 2763 2857 2303 3570 3863 
10.157
16
2734 4820 2548 1321 1238 551 3515 5496 5469 2722 4724 2952 3205 1401 153 3613 
14.699
14
1809 1721 3656 4319 3373 4791 894 4213 2939 1398 3677 4206 361 2976 
20.548
14
3836 2017 1869 89 455 4336 5315 1093 2167 4119 2583 3525 872 4488 
8.8
17
3505 111 544 3475 3535 4924 2271 2429 4639 2737 1382 4100 578 149 2944 1860 3363 
22.218
19
1814 2666 5159 5414 4243 4578 4989 3898 2775 1944 5571 826 4131 2908 5591 3896 3787 301 4804 
18.775
19
4478 2777 793 668 3160 4622 3733 2594 1887 491 5575 1668 3037 990 2776 1323 4805 1023 3437 
4.941
20
3741 4804 4849 5533 4005 4545 2646 5289 318 1113 1803 2604 4063 1267 2536 3277 1586 5595 567 3948 
10.239
18
3378 3170 4134 1345 3991 4537 5018 375 611 2600 5112 1570 5100 1475 781 3738 4154 3936 
0.291
15
3286 4291 1787 2008 5431 400 1740 4156 932 3635 4653 3098 3197 3093 3589 
17.998
18
5423 4509 2859 2820 3250 1567 3450 2177 484 2775 4440 4830 4275 1562 2981 632 58 3269 
5.43
18
2526 4849 3482 727 5578 733 1384 848 5216 3491 4930 4070 5018 3627 2795 3038 391 3620 
10.476
18
2536 859 5034 1049 3748 675 403 2678 325 1369 1419 4238 2469 5108 5552 3629 2717 4785 
12.589
18
2705 572 1767 1772 2506 599 3753 4704 4785 2107 3228 3754 2440 4883 1262 3032 2277 2946 
4.9
21
1616 5344 3117 2944 1322 4023 503 52 2006 177 4796 5420 132 1691 3488 5619 4207 3837 398 3415 5233 
14.124
18
41 4748 1784 5182 1899 3618 4658 2424 4278 4722 344 372 2412 5422 237 9 3949 4151 
27.427
23
4651 162 4843 1986 5254 31 3846 3822 4119 4894 2698 4177 4099 3626 2927 1928 4435 5301 147 3105 2519 3704 4460 
4.773
21
3688 2313 3002 4634 919 2131 3837 1359 1972 2471 1227 204 672 4869 198 212 4294 952 5549 572 4280 
6.707
23
736 2476 699 1527 4404 16 982 2216 2607 4701 5465 667 3859 4160 1618 422 4488 2354 2475 2798 4660 242 2876 
36.224
22
5604 4029 1327 1663 3575 1629 2696 1675 4612 5147 576 4417 2137 3138 628 1353 2671 3560 2135 4767 21 399 
11.196
21
768 4111 925 1430 1099 2989 5051 3244 2612 1305 5050 2265 2258 3706 3952 2552 1570 4631 5331 454 1808 
19.005
22
1641 5348 1259 2241 1610 3535 1487 3649 5132 785 1923 4133 423 2700 4202 1271 1426 4165 2886 2551 289 3634 
10.485
17
12 3075 5387 5292 5594 1403 4463 1827 4595 2621 1316 1247 2965 2369 3978 2712 4525 
6.874
18
4092 5172 535 2215 14 3034 568 3843 4650 531 5327 2125 1784 2730 5005 1843 413 4246 
17.262
15
91 1442 2949 2617 414 5192 284 3438 983 3443 467 1905 3426 1494 4800 
3.001
17
2426 4225 457 4689 438 3117 2487 671 4759 2798 266 96 3356 291 1393 1373 795 
4.516
17
2343 4878 27 2660 225 1940 2542 2549 70 2262 3746 5016 4437 1990 3875 85 3834 
5.975
21
5579 3249 5016 671 2598 332 5583 4789 719 4200 452 497 1539 1203 5184 908 1050 3540 287 377 1289 
10.177
26
4014 3800 4093 951 1828 1273 4029 900 2823 1619 2636 2864 357 451 4295 3411 4784 2509 5072 2289 5343 1640 265 5441 1816 1912 
18.076
21
1974 142 3121 767 155 1939 2538 3032 4857 4282 1124 2553 1928 2773 3900 5238 73 1913 3836 4475 1213 
0.292
17
8 5124 2546 4507 5326 1074 4758 5183 2114 3038 3180 4083 1655 4057 4783 465 3924 
10.997
26
683 3364 2665 815 3122 4380 3356 5165 37 1893 5514 5089 1077 1305 5259 1580 1770 3769 3019 2980 647 5256 223 3606 1969 4605 
18.507
24
1023 852 3725 546 1965 3617 3691 2437 4508 3132 3428 1108 168 405 5615 3486 1886 749 389 738 2234 230 1192 1220 
28.839
22
4107 540 3141 150 4558 3372 30 5530 3735 4685 2297 4455 5043 4291 493 1357 5382 5331 2345 3468 449 3534 
0.327
13
1927 3822 3856 2039 2958 4590 1281 2472 4969 3676 3610 370 5408 
23.094
20
847 4505 221 4478 2412 4903 2449 4290 5463 2952 4590 1451 3511 2194 1592 4211 667 3131 2031 4671 
2.857
24
5517 2179 5030 2272 5029 144 4497 4964 3908 3018 5012 5561 5564 1676 3937 887 844 2633 3843 655 5449 1845 1305 559 
8.601
19
4650 1236 4543 2566 1264 2541 791 5128 875 36 5576 3503 4848 3202 1162 1814 2795 79 588 
31.127
19
1961 4320 4029 3558 630 2299 3024 3996 5215 5002 3170 3219 4971 4043 891 2443 5132 1992 2465 
0.281
14
4260 5056 2690 217 2477 2036 4092 2670 584 4330 5188 1996 298 4561 
41.134
20
559 879 1813 5171 2826 989 5343 4498 1525 3362 4791 1759 4551 3066 4638 1532 1507 499 1068 1234 
3.25
13
1994 1591 3849 4826 5124 856 4149 4480 29 726 1860 2825 5142 
1.82
15
3250 3726 4957 2840 4598 2875 1019 3345 5505 2541 1181 511 3470 683 4115 
34.36
