29
42705 35130 38998 55753 33583 11691 19478 34934 51905 10314 55158 32805 45578 53925 49954 23546 54473 19341 17684 40254 48046 29800 10029 11827 25294 42118 34974 13384 24680 
4.685
33
20973 47075 31707 5374 13150 30232 44195 52211 55487 18209 49074 33677 11770 49990 39185 32959 35827 2515 25169 21538 14236 4310 41111 53954 14604 34463 14265 45850 16187 28413 12590 23142 36970 
3.836
36
49287 35290 44562 18020 1103 51864 28737 66 30193 18197 25195 52795 34052 4994 31850 49529 51738 14070 4125 45212 33871 35614 49154 34086 45798 25392 46049 2322 55926 43999 29263 50643 20571 50817 13114 27101 
4.363
34
38779 45036 8461 42620 46858 55085 35062 28422 12613 38776 22723 41712 32243 16095 4722 53028 1174 7421 40923 32895 27192 41848 28051 24407 16793 10088 28807 27722 15294 19759 20998 360 10662 36302 
4.88
31
20867 13235 51681 21454 35023 11171 2257 27860 29394 8329 35628 36788 48937 21308 31020 15198 36351 32897 23956 12294 16929 55206 4474 17203 21231 20200 41334 39869 30039 23244 27689 
3.352
27
4097 6679 10648 9683 43531 7085 13184 16984 10008 19488 39434 43425 4538 28164 5183 4798 4580 40104 46495 17100 24826 35650 12477 20781 15244 19564 50982 
4.415
37
34575 37115 45289 44929 5462 51106 25183 1718 55870 16964 38673 26281 33298 39272 55379 486 32934 32706 28048 27458 52851 1949 4 38242 28612 43066 40969 45918 15583 4616 31917 41523 21878 17127 16188 2759 36642 
3.608
33
28915 28576 9596 14178 9487 38666 25753 13984 33267 23638 18435 28136 19595 7292 29926 25941 24917 8011 5565 13929 52088 36348 39113 6187 52412 1652 31107 25207 28156 3133 22617 952 54662 
4.433
25
16112 40999 25020 47413 5036 39419 19039 11214 47723 2148 46738 31515 40192 38913 1457 31719 30567 53125 7385 29286 27202 26593 2139 25227 53653 
3.855
29
14787 15382 30403 17815 38273 53507 37931 35425 27476 19542 15859 10624 22457 53344 39262 18935 12651 22143 5838 16503 12679 34455 39838 54054 7952 51020 20345 3920 5453 
4.331
32
26049 28762 50589 53672 47030 2251 46668 42154 11617 4319 41076 22983 38868 29090 49039 28901 45527 46502 55873 11897 47956 32263 17003 10948 40656 47320 32106 14135 32888 14053 7470 31245 
3.855
25
11361 48742 26733 42233 1988 16266 46743 37304 53062 35764 32574 23119 30114 34957 21899 5205 35680 12192 18697 8639 29658 36010 2329 31284 33801 
3.987
29
5026 7262 3405 31500 32877 40919 34528 24977 18477 2069 5874 55373 49477 25697 9308 7803 50071 631 37239 14286 50058 52421 28492 14075 24244 13405 4517 3787 23417 
3.732
26
24827 34408 48803 41633 23463 38448 275 43938 23582 39887 46387 51907 5292 56071 39062 34415 23166 45996 44721 32808 50321 8610 41440 9219 12127 44116 
3.527
32
15973 23393 31743 9720 19779 15571 40592 4925 16950 6253 20078 81 41191 21719 42843 51039 42929 23537 25136 13630 38578 16429 26111 9587 12323 38942 6664 20683 16071 44909 55328 8727 
3.108
34
41500 51115 18721 23604 47540 3392 35719 18834 20118 29969 50582 48459 48670 19716 51317 47316 49830 3513 14899 9971 33637 51941 22818 32245 3309 15007 21117 5667 7081 4693 43575 701 42918 47272 
4.967
26
28578 43801 9479 932 30602 32289 4330 44404 49816 24303 12196 13596 54707 43614 54464 4307 39921 55075 42246 54697 53050 2299 14231 19515 12990 22208 
5.557
26
47510 54139 6641 25101 42056 42812 47208 35993 21188 13778 10253 47806 18156 5218 44056 40376 15933 20239 42367 47529 35811 9250 30394 11780 31928 34128 
3.939
34
17098 10946 37327 26986 36362 10909 21601 17252 8702 12166 52053 15560 34888 8304 55025 52280 52345 51079 24429 47570 52931 12445 52179 19599 37119 12210 2321 33103 42333 31986 38717 21765 3231 44235 
3.598
34
1284 34199 3276 50727 27726 24352 42761 54933 11611 33904 5312 23608 28110 54830 34583 2415 26758 20371 44177 37795 14085 16540 34992 32510 31809 4614 51069 10491 38797 32206 3959 47475 9874 40830 
4.883
31
31418 12708 3613 42831 1911 52900 25987 1754 15418 40218 40840 10631 3155 47918 48999 14263 27672 23971 42615 10538 18105 32169 34521 44538 39796 24159 13080 12415 36552 2951 35961 
6.155
31
30506 3453 24970 14205 16624 31949 11066 47113 997 9913 39084 41815 28094 19871 43155 46989 1321 12085 52224 15458 2521 46041 25491 19086 37636 28724 4158 50407 38862 25018 40227 
6.048
30
43023 12080 42405 9362 4737 36914 31366 31449 51773 43817 6247 45263 14102 52729 38270 53734 41322 43370 27998 1197 32835 38494 23615 35517 27097 44010 23949 40428 42398 40782 
3.299
31
46999 27161 38116 3098 47095 39146 53589 21757 42852 39896 40221 43868 12769 21687 26541 19228 17652 24290 1812 23772 10115 54444 29598 24222 34362 47862 16073 18649 30212 30518 42045 
3.343
38
4778 28749 37108 310 14295 16374 32558 39057 19046 46152 2149 1577 39063 9217 13306 51090 11243 20922 11333 9757 2536 31894 37086 52319 17681 50929 53299 7909 14693 31617 46559 53540 6544 20903 38102 25712 1372 41088 
3.542
32
14208 52374 50109 22354 16364 13375 15024 24453 27072 43180 30917 51495 42468 27047 28986 54871 38874 2642 25621 5131 16012 44370 4240 29626 8540 23236 561 24694 40351 33006 15248 38233 
3.491
29
14008 20792 18598 22307 23359 12874 53245 599 53106 25026 44895 14969 45021 7631 6123 17895 42883 4971 22762 44149 42845 36924 32865 10626 6879 1485 45734 3121 32614 
4.161
29
33342 16773 30331 11356 28075 30218 40086 42091 24006 54898 29855 25074 51271 9161 54482 40656 39115 10364 21644 49867 55738 42809 19362 38944 48231 19994 31412 52860 53447 
3.329
25
18918 45832 29118 2985 28377 15445 32083 32961 32301 26198 1758 50359 31957 13068 8907 51856 14512 28444 33142 43080 4706 43686 6192 23042 29246 
5.005
25
17367 3058 41625 9332 41041 17150 3572 2752 4246 41835 39023 14755 36903 41938 13332 33131 20916 50499 41410 25829 48147 34709 25023 5598 14789 
5.574
37
19156 50911 46000 474 2328 37756 34247 45242 30625 22995 55665 2373 7412 27694 27299 23566 21468 17457 32852 19362 14241 21026 8156 49752 35003 42306 35595 50436 18320 52539 27148 47199 13066 36158 10155 11959 29535 
2.98
33
10021 43753 13789 28112 48551 919 8331 30143 29573 30175 47333 9196 28933 16233 39754 38832 6928 11508 28188 6207 51687 53598 15500 35901 3596 30275 6389 55622 29919 38394 23917 25798 42897 
4.872
36
29237 19534 18442 23873 32423 37119 33682 2497 54254 37558 54946 54017 51527 43996 46337 23749 24529 41061 10856 55124 43588 39768 42669 46405 51176 36410 24667 1934 35797 23264 30917 31112 3338 53374 14068 32303 
3.189
30
12921 38799 5260 19911 40012 36441 25356 30078 24708 52680 23757 20712 20970 6385 31316 15120 8023 40050 2675 56048 43640 52334 22004 32940 55098 38272 50828 22041 36884 42003 
3.505
25
11688 55041 42194 5542 16243 27552 10602 28468 13379 18755 9408 3631 6210 45522 36374 48210 23898 53000 40462 11475 34458 12393 14188 13754 41205 
4.545
30
27536 13819 32020 28626 20625 3119 3981 42709 25727 24020 28426 42868 25988 10245 1049 16616 45948 37475 50545 343 41514 41362 4655 53234 51267 33705 48349 40637 635 38346 
4.057
29
21983 35853 18941 5980 56002 55711 28097 34646 21633 1226 25555 46984 33005 46472 54661 48091 30660 56023 41341 33369 42421 34557 29600 10267 8738 3719 45314 37570 41021 
3.034
30
33492 39622 21886 21082 30002 11271 37953 11061 42429 48546 48845 38758 27412 46454 48806 41689 18457 31401 50 22348 2630 42409 28339 17875 9844 15457 41110 27641 24862 32863 
4.095
27
22057 17072 494 19314 50586 8745 48515 53400 45075 14186 1172 24614 26011 23896 21083 21819 12148 23697 49401 34642 20582 35855 1813 17375 43126 36852 38408 
5.555
38
31701 19433 28064 12161 54644 29869 4267 48494 3438 310 29969 21421 33686 36487 9525 45599 40027 51370 32021 25635 49375 54957 26589 38328 8950 2586 23328 35475 9206 31300 37806 38400 52836 42441 36420 53956 9729 22961 
4.295
25
18524 40848 11851 14701 53549 20815 49525 36202 5013 13118 44165 41872 18189 43894 11541 36945 8267 24097 34093 54528 11457 44032 20404 22388 27283 
6.31
29
42420 7804 20821 18141 52222 53611 17089 46663 3305 1188 7341 2111 39399 45919 44280 20855 25625 29346 49692 5673 40727 54674 39310 11213 16208 37894 26110 42054 7492 
2.913
31
51175 21375 9533 23022 43762 2387 38247 47661 43608 10654 16095 30879 55639 7465 48284 19293 29290 9685 34438 43285 34124 28971 39232 43207 55128 38596 5898 44969 35864 10921 37217 
4.289
46
567 18370 18618 1624 46009 10860 38823 35425 33028 34858 37237 38496 17529 14863 50295 20509 39202 21898 14065 42595 53024 8134 37791 37235 36547 16253 29705 54461 36880 4531 38102 25095 45588 40555 33566 33085 41252 46627 39822 17696 5993 28113 32664 6277 28796 28823 
3.596
26
52941 32901 48292 3986 37655 23965 46106 53590 31041 30672 11848 34980 5059 10463 12051 17973 17084 31794 53243 55242 11865 43141 46727 32270 6310 11922 
5.606
24
19573 13645 37985 8360 48445 22321 12277 8761 26354 47859 20381 25001 6636 48074 13593 8620 55793 38215 54042 22002 37958 35728 14503 31938 
3.191
33
53698 27450 49522 16909 36589 8742 27940 27630 34881 8973 23951 23445 50353 40606 10957 2138 178 6833 13648 26841 43604 47592 53871 27817 39882 46883 45900 54216 29523 39497 36593 12980 42447 
3.545
28
407 7709 39878 13703 13481 55948 30357 24774 47605 10903 4715 23109 44203 49178 15784 23579 32669 1526 42026 2773 7833 20225 19906 22179 55119 44046 8774 42983 
4.624
38
15711 40787 38505 43441 53919 55301 30594 37880 37183 40705 20227 236 5688 7874 21103 37741 32765 17866 40255 45878 9094 9026 28356 55073 28932 25702 53687 27547 20075 33375 28831 5185 18571 50865 35239 51265 3640 33221 
5.249
29
11811 26216 33331 3805 54648 53052 27189 43232 48971 52100 50846 42507 18355 10060 27908 13014 22325 33243 17999 19886 55986 28960 39568 46090 11876 43589 33325 5053 6651 
5.114
26
42053 33517 55072 568 47179 17849 19335 32102 30379 36744 32690 6134 18512 4700 30839 51272 43940 41275 4835 29189 19557 32042 12499 30086 53485 55742 
6.699
28
32086 19965 3866 25539 17510 34282 31647 33573 51372 25743 28358 3579 49278 7714 23053 42102 17809 33066 15913 53244 41869 50495 52890 7311 24640 37411 838 47292 
4.033
32
590 54033 25777 46155 35390 4072 23389 42044 53057 18163 19889 42048 27760 27633 21019 20532 23964 14233 27782 50353 44457 7588 56033 30398 32148 36178 615 42441 47203 29761 5064 38908 
4.44
27
2379 55692 8740 23595 56121 46188 50735 44880 2380 12440 42022 27375 20919 13740 47923 33625 37517 47111 31689 37895 12737 36670 33231 32742 56039 3670 19504 
4.666
32
34179 49453 26696 11594 15246 46541 18088 42052 23897 24462 453 50176 12951 21516 8722 40523 32975 6487 48473 2166 11954 47197 26462 31993 28522 30996 47077 40122 42191 39226 4185 4470 
6.086
32
1472 15969 33257 26096 27809 6414 53457 35285 25465 34475 40927 56076 51183 3766 51137 39061 38891 20788 43522 44011 29957 38768 49122 43641 10953 39673 47358 6655 51594 20261 26508 46027 
3.597
30
13834 40971 21806 16103 37268 18862 14895 3836 48742 21122 15733 11393 15350 8794 28230 46096 6133 47096 47807 29868 9935 32897 17683 41622 44071 34361 17129 14160 20889 27807 
3.662
27
1776 53980 37169 34820 27124 11718 54433 53018 24651 53442 15648 45027 37411 13216 10071 32637 38994 4791 44608 22756 52808 15267 13193 9331 31342 5265 42659 
3.59
33
6028 28981 53087 50392 15078 37547 17648 28159 8170 25948 34372 23307 50633 54526 26433 27916 52503 48062 19032 50050 50606 8064 17692 51899 23442 5343 29949 5617 2438 22416 46655 28266 51906 
5.205
24
22199 5879 9181 9067 41650 46818 24334 22288 39608 35249 2735 50225 29875 21315 39410 22357 40718 13724 8278 45236 53761 26989 16998 46151 
4.767
25
19699 53461 3207 39610 21068 9019 26238 7832 29982 4900 25899 46175 38079 15774 638 9004 50536 54464 27422 53801 23371 29916 8617 20855 42711 
4.665
28
40199 3782 31125 21575 14549 25922 33483 7059 13902 48790 37216 55891 31708 54549 14813 25024 55556 17765 12956 15822 42856 55291 17366 51111 50794 18047 743 37603 
5.101
36
48120 3126 20448 32064 39564 5961 46109 7357 51299 50195 29144 36209 6403 14061 15699 20046 46199 26290 20129 51716 23765 53957 12503 34913 12568 23631 48122 8478 23468 55177 34356 24942 38825 53 22116 49569 
3.51
32
759 48788 27842 7031 31526 15322 23422 11415 41031 25455 47384 22821 5962 25797 1008 18068 51194 18527 36915 32942 12130 13704 43693 22838 10724 5395 23670 7330 20342 3783 11923 55003 
4.384
31
51098 18151 43593 17090 16861 28149 50108 38764 4192 616 10854 24738 33032 48454 20684 27380 20136 17099 49158 36526 32140 15089 2430 52811 27427 18490 25100 25010 8810 3949 43736 
4.689
26
35848 52599 47972 22445 44002 19682 27474 20826 4918 1548 20170 24057 48535 22035 39427 54530 42941 22041 11360 36325 46915 50702 20406 55971 51278 52535 
3.787
33
52982 49340 12945 19284 16718 41163 56111 48245 51092 24386 52953 12689 10150 11522 9233 41154 32715 17491 5063 28993 50786 39400 8763 44248 29889 34738 18471 21584 47571 24990 38418 35439 38390 
4.48
30
3980 52995 12083 9148 37212 36234 17486 1639 32975 13068 7231 23357 28182 16957 22856 33782 42980 18170 4072 5506 6261 48131 54517 13440 7973 30773 33366 27486 16907 47338 
6.038
37
23484 7601 28579 49799 33230 34526 45604 43074 12050 1996 36456 25291 12084 4977 53646 18184 3254 34999 27913 17133 30869 54058 1038 49940 18142 36921 55780 38878 25655 3382 26431 9059 31273 54743 24697 2212 16822 
3.303
26
41419 20803 43712 7556 49889 49128 14234 55343 24578 18454 10918 55348 51185 21330 30418 8566 12938 41259 168 4351 8334 45779 32164 39076 4827 34145 
3.915
34
35082 48742 14645 19419 53474 27036 23369 21129 5616 19546 5930 49944 22905 2129 30360 23561 32482 3667 54901 41606 31059 34266 17337 32369 54205 4658 55242 6675 50352 29436 31354 36474 11727 39041 
4.644
35
48580 27330 193 20616 42270 10158 47841 36245 53268 52346 42592 34557 55198 16999 55689 1838 34358 37725 24740 54206 8761 54105 19604 25574 6605 43308 39181 19153 5515 23602 38049 39406 13880 9626 14817 
3.717
36
30834 54573 36283 21503 12759 52024 16779 10814 68 38845 47324 2590 2112 26643 45604 28692 10970 689 45306 23179 34046 35676 32525 36354 38166 15469 40182 53591 6536 19413 4123 15053 36288 20918 4055 31053 
4.31
31
34590 9136 14844 40907 51347 27557 16523 18427 31545 41279 14697 54232 14394 44686 29887 2284 9184 17567 35127 41684 30979 38492 8474 25003 20808 46539 37218 44635 22409 6401 30361 
3.352
32
5523 21420 39546 41550 31308 33814 26252 47239 40199 7191 31194 28553 36824 43063 22635 46051 23976 13088 47003 20548 25920 48813 49119 35443 17860 56049 5669 40245 3374 43689 37821 14993 
2.996
30
52406 25095 48725 34136 33765 32033 3768 7955 50410 4935 45609 13170 31755 19374 52116 51820 11064 16544 27190 35512 45833 23740 330 34991 11082 26817 27881 8549 13954 18455 
4.265
34
39097 25225 2664 17016 14462 20846 47602 34850 36037 2773 26429 27043 56110 5366 50549 9788 7344 42465 30619 12066 35289 39718 1718 24587 26338 40576 49098 49802 35487 37794 25879 54161 32469 34600 
4.449
31
17988 24894 35795 40439 24535 9165 32124 45860 14841 22316 5037 20407 33167 24817 38802 40788 3160 4377 29325 9773 290 41223 5224 33989 4628 26967 3480 12541 31093 5827 55713 
4.412
22
5672 10993 37788 13161 55558 24285 46106 53336 36750 44109 41248 31415 49881 9563 31774 35109 15363 49883 21972 46923 33631 56042 
3.913
34
35326 44531 38527 31436 13851 32445 25109 1087 24408 27769 52432 3722 36995 52609 24207 31715 40606 29033 14791 42613 23295 39473 55198 9282 14966 26944 29295 31216 45924 50220 7133 766 33860 10680 
3.105
31
22210 17085 14596 37875 44470 8342 31899 20136 48315 45142 9221 7761 37694 22467 7075 2685 47275 36395 38586 38839 8243 39341 55229 12787 34302 28921 18513 40977 48413 11959 53498 
4.453
27
45563 55041 18499 55942 56130 18574 43377 39956 2451 21876 17379 31648 3504 54148 18085 8926 49257 55706 14486 44908 38340 6933 46918 49402 4475 5123 14214 
4.751
25
35218 30214 28984 1349 7290 44914 54242 7305 31261 91 26764 8005 31529 5425 44940 329 19146 33131 7969 6799 21762 15115 21654 3810 20999 
3.804
34
10540 23677 43386 20565 7512 8693 20166 35268 43067 38643 47944 5664 27065 32735 16189 21041 22597 10854 30030 50778 9059 28247 43596 44972 31430 42540 23149 3392 11522 5677 50772 41831 39822 2580 
3.083
36
49975 44942 20276 7838 30071 40839 6515 4585 32879 40175 25325 51793 5331 18415 29868 46069 20914 26772 48148 44585 15943 29830 35881 40860 28848 29571 43098 44845 4026 50211 53048 1584 46501 7068 21262 36155 
4.259
28
10582 12106 15895 44152 12693 45133 39804 20466 11507 4711 46426 7456 24710 30629 55134 23790 41928 46887 45795 55485 35335 30839 11865 31944 24763 8118 7096 40713 
4.166
31
26668 30655 9106 40079 10795 50004 14440 48335 2705 8101 21796 24235 45251 14221 7805 26881 18986 14672 29098 26610 43460 50131 1743 16681 2450 12217 49469 10430 38559 4796 9159 
3.217
28
17502 7240 24563 25488 25984 9456 32380 9923 15940 49469 3598 36577 24023 765 4374 47552 49525 30977 30804 28748 43359 40864 12000 34563 43144 39382 43204 49135 
3.435
29
21445 31751 32743 35081 40893 13480 45066 24023 16574 42695 13403 40750 9342 26906 32128 54152 27365 51391 49654 23242 12789 55934 43415 50673 3052 25391 45631 30010 6103 
3.105
30
14686 52142 45547 29625 24703 50685 43427 51848 20646 46499 10689 28425 39866 7087 14924 12360 18080 30397 33899 54515 14639 12439 51410 47989 52762 52348 54633 852 8301 34381 
5.127
30
28625 28934 53767 44085 17011 13455 40256 45988 53941 29543 1746 40151 22136 48390 23991 52861 49749 2839 2653 20792 13202 1152 13415 44356 45000 45084 26881 39998 703 8674 
4.661
35
22959 45642 16681 13670 6748 37085 10206 33469 55589 6344 21395 46825 29865 55886 49482 6884 50206 3276 11517 51670 52589 6375 46482 2568 3105 10247 8437 55512 34210 17752 16978 32371 33060 5692 27990 
3.41
34
42194 34911 10593 6242 22604 19751 52846 36074 24112 44570 13057 50146 9636 2283 35973 30079 39248 31871 33697 50087 23739 28241 42311 20477 3794 47504 16280 48558 54999 47793 43096 23938 40699 29360 
3.172
24
48975 35464 46915 420 20899 37390 18497 54683 26368 9936 26196 35460 15902 48575 15671 12300 14580 38522 32503 15588 18901 40999 32278 44788 
4.764
25
12307 32753 42374 28771 53671 9465 5532 878 35377 33299 22695 48503 42481 10540 35861 9445 1635 47603 982 11446 4901 8483 31471 8645 43826 
3.775
33
3077 55385 50531 13214 29373 40906 2397 34292 38138 6583 54034 52203 42451 21697 37004 32531 22866 24697 12675 48448 37300 48565 23020 11454 9282 31786 44143 13449 30948 53173 18565 5535 6030 
6.69
28
6842 28507 51515 15124 31458 17660 5138 24731 55786 20227 12194 11169 8141 42163 4414 51079 35447 13427 55253 53745 18649 15515 10644 4507 55906 37336 20249 34546 
3.406
27
14958 12542 14963 38498 6061 16398 27557 13935 12283 50914 37667 356 11363 7681 7460 41595 5725 25672 12061 31780 11899 48228 41137 21176 37120 3227 54789 
5.181
30
16910 48148 18668 35667 25747 48228 53993 20957 14232 27393 12117 31026 45443 10047 17534 21266 45887 30327 5102 9348 31696 21216 2044 5021 23873 36172 11985 24622 34294 36382 
3.441
28
21981 53487 48913 42025 29274 49947 36512 39884 26012 53808 36871 47871 54238 11731 24825 10947 49559 4542 38353 41060 22112 26869 15312 6516 8656 22111 52794 54514 
5.213
