29
53925 38998 40254 48046 45578 54473 32805 19478 35130 51905 19341 49954 42118 55753 33583 23546 17684 34974 11827 10029 29800 10314 11691 42705 34934 55158 25294 13384 24680 
87.939
33
31707 5374 49074 4310 25169 28413 45850 55487 30232 14236 34463 20973 47075 44195 49990 2515 53954 20439 18209 33677 21538 39185 13150 52211 14265 36970 11770 32959 35827 14604 41111 12590 23090 
76.079
36
51864 44562 4125 33871 49529 18197 52795 34052 49154 34086 31850 25392 46049 20571 55926 35614 18020 35290 14070 27101 25195 4994 45798 2322 50817 50643 45212 30193 66 28737 1103 49287 51738 43999 1426 29263 
105.275
34
8461 12613 45036 38779 42620 38776 46858 16095 53028 4722 32895 22723 28422 41712 1174 7421 27192 28051 5839 44078 30837 21555 37090 13297 35062 32243 40923 24407 10088 27722 19759 42660 9117 36302 
107.561
31
21454 30039 15198 23956 13235 29394 8329 35628 55206 36351 31020 41334 39869 17203 36788 16929 20867 21231 12294 27860 35023 21308 48937 4474 2257 11171 51681 32897 20200 23244 27689 
32.084
27
17100 40104 19488 43425 7085 9683 16984 4538 5183 10648 4798 28164 13184 43531 10008 39434 35650 12477 46495 4580 4097 6679 24826 15244 20781 19564 50982 
61.867
37
26281 45918 28048 1718 37115 36642 21878 16188 17127 38242 41523 40969 1949 4 55870 5462 55379 32706 27458 43066 52481 4616 15583 33298 38673 51106 44929 34575 45289 25183 39272 486 32960 52851 16964 1262 2759 
61.865
33
28915 25753 33267 13984 23638 19595 29926 18435 28136 5565 25941 7292 31107 24917 1652 28156 52088 6187 52412 8011 9596 14178 9487 38666 13929 22617 3133 36348 39113 25207 28576 952 54662 
91.176
25
40192 25020 27202 2139 29286 26593 38913 31719 11214 5036 40999 16112 19039 47413 2148 31515 46738 47723 1457 53125 30567 7385 39419 25227 53653 
42.557
29
5453 35425 38273 15859 53507 14787 30403 18584 46184 37931 17815 19542 2194 27476 15382 22457 10624 12893 28449 17768 33082 35763 6028 10154 1264 22166 4742 108 27929 
110.885
32
28762 50589 2251 47030 42154 11617 26049 32888 32106 14135 47320 46668 53672 4319 41076 29090 45527 49039 28901 46502 55873 38868 32263 11897 22983 10948 17003 14053 40656 47956 7470 31245 
79.524
25
11361 13355 23418 45621 36907 24204 5854 28049 38182 38970 48840 40892 9799 12956 1663 38387 9740 47165 47867 23363 48742 26733 33801 276 14069 
61.241
29
40919 31500 9308 52421 28492 5874 24977 34528 7803 50071 3405 5026 7262 18477 2069 49477 55373 631 14286 13405 4517 32877 25697 37239 14075 24244 50058 3787 23417 
42.61
26
48803 24827 38448 34408 41633 275 23582 39887 51907 46387 43938 23463 5292 56071 44721 23166 32808 50321 45996 34415 39062 9219 8610 41440 12127 44116 
38.338
32
15973 23393 31743 9720 19779 15571 40592 4925 16950 6253 20078 81 41191 21719 42843 51039 42929 23537 25136 13630 38578 16429 26111 9587 12323 38942 6664 20683 16071 44909 55328 8727 
37.219
34
18721 23604 41500 5667 32245 21117 15007 20118 51115 48459 47540 18834 9971 3309 22818 49830 51317 3528 3392 29969 50582 33637 14899 47272 56076 35719 48670 3513 19716 47316 7081 4693 30892 51941 
112.857
26
43801 30602 4330 28578 9479 932 32289 43614 54464 39921 53050 55075 4307 54697 42246 2299 49816 12196 13596 54707 24303 44404 14231 19515 12990 22208 
95.533
26
18156 6641 11780 47208 13778 47806 35993 47510 10253 30394 9250 35811 15933 47529 42367 42812 42056 21188 44056 20239 5218 25101 40376 54139 31928 34128 
59.119
34
26986 37119 52179 24429 12166 8702 55025 52345 21601 8304 47570 17252 2321 31986 38717 21765 42333 12445 52053 15560 33103 19599 12210 52931 52280 36362 17098 10946 37327 10909 34888 51079 3231 44235 
84.096
34
27726 34199 51069 4614 23608 42761 3276 50727 11611 28110 26758 34992 14085 44177 34583 5312 54933 1284 31809 38797 10491 32206 32510 20371 16540 37795 2415 54830 33904 24352 47475 3959 9874 40830 
132.34
31
25987 42831 31418 36552 27672 48999 10538 18105 14263 1754 13080 12708 23971 3155 42615 12415 44538 34521 39796 24159 32169 40218 47918 10631 40840 1911 52900 3613 15418 2951 35961 
160.533
31
25491 38862 50407 4158 46041 2521 46989 11066 15458 41097 45953 18266 6833 24970 19140 48133 55381 44480 24245 44409 41490 19748 9913 14205 16624 31949 47113 12085 30506 1321 14119 
129.426
30
43023 12080 42405 9362 4737 36914 31366 31449 51773 43817 6247 45263 14102 52729 38270 53734 41322 43370 27998 1197 32835 38494 23615 35517 27097 44010 23949 40428 42398 40782 
46.196
31
40221 30212 47862 27161 53589 47095 23772 12769 21687 54444 1812 17652 10115 26541 39896 21757 38116 46999 39146 42852 24222 16073 18649 34362 24290 29598 43868 19228 3098 30518 42045 
40.73
38
4778 28749 37108 310 14295 16374 32558 39057 19046 46152 2149 1577 39063 9217 13306 51090 11243 20922 11333 9757 2536 31894 37086 52319 17681 50929 53299 7909 14693 31617 46559 53540 6544 20903 38102 25712 1372 41088 
81.02
32
5131 24694 14208 38874 2642 16012 28986 561 4240 23236 40351 27047 30917 13375 16364 22354 50109 27072 43180 25621 15024 52374 51495 33006 8540 24453 54871 44370 29626 42468 15248 38233 
57.022
29
42883 6123 22762 53245 25026 20792 7631 17895 4971 1485 45734 14008 36924 12874 22307 23359 18598 10626 32865 6879 42845 32614 44895 14969 53106 599 45021 3121 53584 
79.628
29
33342 16773 30331 11356 28075 30218 40086 42091 24006 54898 29855 25074 51271 9161 54482 40656 39115 10364 21644 49867 55738 42809 19362 38944 48231 19994 31412 52860 53447 
46.48
25
2985 45832 18918 50359 13068 1758 28444 31957 43080 28377 32301 32961 51856 14512 8907 6192 29118 15445 32083 26198 33142 4706 43686 23042 29246 
77.343
25
27693 9332 35865 33682 27720 41625 5598 9822 45839 44033 1849 36094 34709 41410 3572 41938 8957 20481 41835 25023 13332 14755 2585 2052 36518 
102.766
37
19156 50911 46000 474 2328 37756 34247 45242 30625 22995 55665 2373 7412 27694 27299 23566 21468 17457 32852 19362 14241 21026 8156 49752 35003 42306 35595 50436 18320 52539 27148 47199 13066 36158 10155 11959 29535 
2.994
33
43753 48551 42897 919 8331 30143 28933 30175 16233 9196 39754 29573 47333 28188 11508 51687 53598 6207 38832 6928 10021 28112 13789 15500 3596 30275 6389 29919 35901 38394 55622 23917 52446 
133.925
36
29237 2497 54946 32423 54254 23749 24529 41061 46337 43996 54017 53374 18442 10856 35797 46405 36410 39768 24667 55124 23873 33682 19534 37119 51527 23264 30917 31112 3338 51176 1934 42669 43588 37558 14068 32303 
42.917
30
38799 40012 24708 25356 30078 5260 36441 38272 22041 50828 22004 55098 52680 6385 23757 20712 15120 19911 12921 32940 20970 56048 2675 40050 52334 43640 8023 31316 36884 42003 
35.58
25
10602 18755 29656 14311 23571 28214 17519 35549 18375 38436 5542 16243 9680 20255 27552 11688 42194 28468 9408 37109 36186 32615 29076 11514 50316 
69.218
30
45948 25988 24020 50545 51267 42709 25727 42868 1049 16616 4655 343 41362 10245 3119 27536 32020 28626 20625 3981 41514 33705 37475 40637 53234 13819 28426 48349 635 38346 
69.737
29
21633 41341 46472 33005 5980 18941 56002 46984 33369 42421 29600 56023 30660 54661 25555 34646 35853 21983 28097 1226 48091 10267 3719 8738 34557 45314 55711 37570 41021 
17.811
30
37953 38758 42429 11271 48546 41689 28339 9844 18457 39622 48845 2630 27641 41110 31401 11061 21886 32863 15457 17875 48806 22348 21082 30002 46454 50 24862 33492 12064 27412 
84.416
27
19314 50586 26011 1813 23697 35855 34642 494 45075 53400 14186 20582 43126 36852 17375 17072 21083 48515 24614 23896 1172 8745 22057 21819 49401 13564 38408 
85.347
38
33686 9525 36487 29969 3438 51370 25635 45599 21421 49375 8950 54957 2586 28064 310 31701 42441 37806 53956 52836 35475 36420 38400 9206 31300 38328 26589 32021 40027 29869 12161 23328 54644 4267 48494 19433 9729 22961 
120.087
25
18189 20815 54528 24097 36945 36202 18524 40848 41872 8267 34093 44032 11457 49525 11541 43894 44165 11851 53549 13118 5013 14701 27283 8953 20404 
118.448
29
42420 7804 20821 18141 52222 53611 17089 46663 3305 1188 7341 2111 39399 45919 44280 20855 25625 29346 49692 5673 40727 54674 39310 11213 16208 37894 26110 42054 7492 
2.947
31
10654 23022 43762 47661 7465 39232 29290 34124 43285 43608 38596 44969 28971 34438 48284 9533 9685 35864 43207 55128 55639 2387 21375 51175 16095 19293 30879 5898 38247 10921 37217 
51.407
46
18370 4531 46627 39822 18618 5993 6277 32664 17696 28113 1624 50295 14863 53024 37237 33028 21898 54461 29705 45588 25095 40555 33085 16253 46009 35425 38823 34858 20509 8134 36880 38102 33566 41252 567 17529 38496 39202 42595 14065 37791 36547 37235 10860 28796 28823 
123.809
26
53590 34980 11848 46106 12051 37655 52941 43141 31794 17084 5059 3986 23965 48292 55242 17973 31041 32270 11865 53243 30672 46727 32901 10463 6310 11922 
107.84
24
13645 8761 12277 48445 31938 47859 22321 19573 25001 13017 51954 35923 55637 20940 51260 37985 42729 14510 6636 20381 8360 20317 10171 26354 
22.548
33
36589 27940 42447 16909 10959 46581 31220 31654 6833 40606 10957 49522 13648 47592 23445 8742 26841 178 34881 50353 53698 2138 23954 10565 40069 40896 35062 20504 27630 27450 8973 10902 27817 
51.251
28
15784 49178 30357 39878 4715 44046 19906 20225 32669 23109 13703 407 7709 47605 23579 7833 10903 44203 13481 24774 42026 55948 2773 55119 1526 22179 8774 42983 
57.951
38
15711 20075 55073 9094 40787 37880 38505 30594 55301 5688 53919 43441 37183 9026 27547 28932 25702 45878 37741 40705 20227 21103 7874 17866 40255 5185 18571 51265 3640 33375 28831 50865 35239 28356 53687 32765 236 40633 
160.545
29
17999 48971 18355 27189 43232 33331 53052 11811 26216 55986 22325 33243 43589 39568 3805 19886 46090 11876 54648 42507 50846 13014 28960 27908 10060 52100 33325 5053 6651 
80.002
26
42053 568 32277 43394 32924 18512 34164 47071 29500 27748 47127 37758 31453 37915 51435 31542 32690 19335 47179 36744 33517 4835 51272 17849 23939 35707 
107.333
28
51372 19965 17510 34282 25743 3579 49278 53244 41869 25539 32086 24640 37411 3866 23053 31647 33573 7714 28358 15913 42102 17809 33066 52890 7311 50495 838 47292 
49.61
32
29761 20532 23964 42048 27782 7588 30398 21019 14233 50353 42044 4072 23389 25777 590 19889 27760 53057 54033 36178 42441 27633 32148 46155 615 47203 44457 56033 18163 35390 5064 38908 
103.282
27
42022 36670 37895 32742 33231 33625 56121 50735 2380 46188 55692 23595 12440 47111 47923 13740 56039 44880 8740 27375 12737 31689 37517 20919 2379 3670 19504 
80.287
32
42191 4185 15246 42052 40523 47197 11954 24462 18088 34179 49453 50176 4470 32975 21516 6487 26462 31993 30996 453 11594 40122 39226 8722 46541 23897 48473 47077 28522 26696 2166 41365 
129.508
32
27809 26096 15969 25465 56076 51183 6414 3766 40927 35285 1472 51137 46027 53457 34475 20788 43641 39061 38768 6655 29957 39673 33257 44011 43522 10953 47358 49122 20261 26508 24477 51594 
58.301
30
15350 21122 46096 8794 9935 29868 17129 41622 44071 6133 34361 17683 32897 3836 37268 28230 47807 11393 21806 18862 41324 13834 16103 40971 15733 48742 47096 14895 20889 27807 
62.179
27
53980 27124 11718 1776 44608 22756 4791 34820 37169 15648 13216 37411 45027 9331 1980 15267 33350 47083 37343 7761 37278 1463 40637 46712 32637 1194 52808 
36.067
33
28981 50392 53087 28159 34372 17648 50606 8064 48062 50633 23307 6028 22416 5617 5343 26433 27916 52847 2438 23442 29949 51899 17692 50050 19032 54526 52503 8170 25948 37547 15078 28266 51906 
93.899
24
9181 13724 39410 24334 5879 46818 39608 53761 26989 45236 21315 29875 22288 50225 2735 9067 8278 22357 35249 41650 22199 40718 16998 46151 
74.927
25
27422 46175 9019 26238 8617 50536 23371 29916 3207 39610 7832 38079 53801 4900 21068 53461 19699 25899 29982 54464 9004 15774 638 20855 42711 
65.535
28
3782 50794 18047 40199 25922 14549 7059 54549 17765 14813 51111 17366 15822 33483 21575 31125 13902 48790 55891 31708 37216 55291 42856 55556 12956 25024 743 37603 
68.988
36
15699 55177 3126 5961 50195 48120 46109 51299 7357 32064 14061 51716 20046 53957 12568 23631 23765 34913 46199 39564 20448 29144 36209 6403 20129 26290 24942 38825 8478 53 12503 48122 34356 23468 22116 49569 
67.432
32
27842 23422 7031 11415 759 5962 31526 48788 15322 47384 41031 1008 18068 36915 13704 22838 12130 43693 10724 25455 51194 32942 23670 5395 3783 11923 20342 7330 18527 22821 448 25797 
112.189
31
43593 50108 616 16861 33032 2430 52811 25100 51098 24738 18151 17099 17090 28149 4192 10854 48454 36526 20684 20136 32140 49158 15089 27427 25010 18490 8810 27380 38764 3949 43736 
82.132
26
1548 22445 25047 39808 5801 19257 32216 28329 11778 34224 20406 19682 22035 42941 22422 16516 30030 39455 36841 47972 24057 44002 11360 11990 5271 34121 
49.982
33
52953 41163 48245 10150 56111 50786 34738 47571 38418 12945 19284 12689 51092 24386 11522 49340 52982 17491 41154 9233 28993 32715 5063 39400 16718 44248 8763 18471 24990 29889 21584 35439 38390 
97.688
30
3980 52995 13068 33782 42980 18170 7231 37212 36234 32975 28182 13440 33366 27486 5506 48131 4072 9148 12083 1639 17486 22856 54517 23357 16957 6261 30773 7973 16907 47338 
138.486
37
36456 23484 12084 53646 18184 45604 34526 28579 12050 43074 27913 30869 1038 54058 4977 34999 1996 49799 7601 24697 31273 9059 54743 36921 26431 3382 25655 38878 55780 49940 18142 17133 3254 25291 33230 2212 16822 
54.821
26
168 45779 32164 30418 21330 10918 20803 24578 49128 55348 41419 18454 14234 4351 8334 39076 43712 51185 8566 41259 12938 55343 49889 7556 4827 34145 
42.678
34
35082 14645 31354 50352 29436 6675 27036 2129 54901 3667 23369 21129 5616 17337 4658 55242 36474 22905 49944 19419 19546 5930 23561 30360 48742 53474 32482 31059 54205 32369 41606 34266 11727 39041 
95.007
35
47841 25574 13880 48580 55198 16999 23602 37725 36956 54105 53268 42270 193 10158 42592 39406 43308 27330 19604 36245 52346 34557 55689 1838 24740 54206 8761 6605 5515 38049 20616 34358 19153 9626 14817 
47.659
36
689 34046 2590 2112 10814 21503 36283 68 45604 10970 32525 6536 38166 23179 28692 12759 52024 16779 38845 26643 35676 40182 36288 20918 15053 4123 15469 53591 36354 47324 30834 54573 45306 19413 4055 31053 
84.454
31
25003 8474 44686 40907 51347 54232 14394 29887 41279 9136 37218 44635 22409 20808 38492 30979 35127 41684 34590 2284 17567 31545 27557 18427 16523 14844 14697 46539 9184 6401 30361 
32.914
32
5523 21420 39546 41550 31308 33814 26252 47239 40199 7191 31194 28553 36824 43063 22635 46051 23976 13088 47003 20548 25920 48813 49119 35443 17860 56049 5669 40245 3374 43689 37821 14993 
3.043
30
52406 33765 26817 27881 3768 34136 48725 45609 7955 32033 50410 4935 19374 16544 52116 35512 27190 11064 51820 25095 13170 31755 45833 330 23740 11082 34991 8549 13954 18455 
63.759
34
17016 25225 26429 27043 36037 2773 47602 39097 20846 34850 56110 42465 7344 5366 9788 50549 30619 12066 40576 1718 35289 39718 26338 14462 24587 49098 35487 49802 37794 32469 25879 54161 2664 38135 
71.494
31
40439 24535 290 5224 33989 31093 45860 32124 5037 40788 22316 14841 33167 29325 38802 20407 35795 17988 24817 24894 41223 9165 3160 4377 9773 3480 4628 12541 26967 5827 55713 
63.327
22
15363 31774 41248 5672 24285 13161 49881 21972 46923 31415 44109 36750 46106 56042 10993 10660 55558 53336 9563 37788 10462 35109 
38.84
34
35326 44531 38527 31436 13851 32445 25109 1087 24408 27769 52432 3722 36995 52609 24207 31715 40606 29033 14791 42613 23295 39473 55198 9282 14966 26944 29295 31216 45924 50220 7133 766 33860 10680 
29.204
31
36395 28921 40977 47275 7761 37694 55229 8243 2685 45142 38839 8342 39341 34302 18513 48413 20136 31899 22210 37875 14596 17085 44470 7075 48315 38586 22467 12787 9221 11959 53498 
84.85
27
18574 55942 14486 3504 18499 6933 5123 49402 46918 38340 8926 31648 17379 18085 55706 44908 2451 21876 43377 55041 45563 14214 49257 56130 39956 1889 54148 
76.205
25
28984 5425 6799 15115 21654 31529 26764 329 7969 21762 35218 44914 31261 91 54242 7290 44940 33131 1349 30214 7305 8005 19146 3810 20999 
45.356
34
10540 23677 43386 20565 7512 8693 20166 35268 43067 38643 47944 5664 27065 32735 16189 21041 22597 10854 30030 50778 9059 28247 43596 44972 31430 42540 23149 3392 11522 5677 50772 41831 39822 2580 
29.16
36
20276 49975 30071 40860 50211 53048 18415 40175 51793 40839 6515 5331 32879 29830 43098 4585 44942 7068 4026 46501 29571 44845 25325 29868 46069 20914 28848 15943 35881 1584 44585 48148 7838 26772 21262 36155 
99.449
28
31944 8118 11507 10582 12106 15895 24710 30629 4711 20466 39804 55485 45133 12693 44152 30839 46887 24763 41928 7456 23790 46426 55134 45795 11865 35335 7096 40713 
67.292
31
14440 8101 45251 48335 26881 18986 14221 7805 24235 50004 10795 9106 30655 26668 29098 14672 2705 21796 40079 12217 38559 10430 49469 16681 1743 2450 43460 26610 50131 4796 9159 
31.882
28
25984 9923 9456 7240 32380 3598 24563 25488 15940 34563 40864 30804 12000 28748 4374 49135 18935 49469 24023 36577 765 49525 30977 47552 43359 17502 39880 43144 
54.814
29
21445 31751 32743 35081 40893 13480 45066 24023 16574 42695 13403 40750 9342 26906 32128 54152 27365 51391 49654 23242 12789 55934 43415 50673 3052 25391 45631 30010 6103 
3.07
30
52142 24703 54515 20646 30397 47989 39866 46499 33899 14924 18080 51848 7087 14639 51410 852 52762 54633 28425 43427 10689 52348 12439 12360 45547 14686 29625 50685 8301 34381 
109.989
30
28625 13202 52861 40151 13455 23991 2653 22136 45988 48390 49749 39998 20792 45000 45084 1152 13415 2839 40256 26881 44356 29543 17011 44085 28934 53767 1746 53941 703 8674 
95.426
35
22959 45642 37085 10206 55589 6344 55886 21395 33469 46825 29865 6884 50206 49482 2568 51670 46482 3276 52589 16681 13670 6375 16978 32371 10247 3105 17752 33060 34210 8437 55512 11517 6748 5692 27990 
51.173
34
42194 34911 10593 6242 22604 19751 52846 36074 24112 44570 13057 50146 9636 2283 35973 30079 39248 31871 33697 50087 23739 28241 42311 20477 3794 47504 16280 48558 54999 47793 43096 23938 40699 29360 
39.656
24
46915 46397 31572 8884 43733 3627 16512 53353 16462 35464 34213 13207 38605 38892 41041 28276 48975 37042 16654 24152 54635 25349 3373 18809 
65.489
25
35861 42374 28771 11446 53671 12307 9445 43826 31471 878 5532 4901 42481 33299 32753 35377 10540 22695 1635 47603 982 9465 48503 8645 11754 
52.859
33
29373 34292 32531 50531 13214 38138 24697 12675 37300 48448 3077 21697 2397 40906 54034 6583 52203 42451 22866 37004 9282 23020 44143 48565 30948 11454 13449 18565 53173 31786 55385 5535 6030 
133.201
28
24731 17660 53745 55253 35447 37336 13427 51515 20227 12194 42163 31458 6842 15124 51079 28507 15515 55786 10644 8141 4507 5138 55906 18649 4414 11169 20249 34546 
39.464
27
36868 31780 47031 11908 29696 25509 37350 8451 17194 4501 31640 37099 43986 13208 18067 48661 23879 48228 25672 3227 54193 26373 5725 41595 21176 3087 54681 
94.416
30
53993 18668 25747 27393 2044 23873 31026 17534 5102 21266 45443 20957 30327 5021 36172 21216 11985 35667 16910 48148 12117 24622 9348 31696 48228 14232 45887 10047 34294 36382 
43.373
28
47871 48913 36512 53808 24825 54238 26012 29274 39884 15312 6516 22112 8656 11731 36871 42025 21981 10947 38353 4542 53487 54514 26869 49559 41060 49947 22111 47811 
90.487
