52
396152 183373 141531 267073 318723 214824 315042 522815 291150 305302 57456 424780 452099 123725 126542 263634 531853 170390 547289 137265 270272 513079 379332 259751 90114 368349 219626 204656 64019 520633 46093 474695 385515 409747 179494 28319 283448 350649 131885 316885 204090 344340 550739 463757 38220 328319 275787 293415 230882 197030 18960 300711 
10895.3
49
70964 350221 482706 531054 209399 176767 492031 175629 119509 268947 335353 30419 541013 312218 267125 59479 516119 225390 466463 550003 290842 175003 193708 502940 385477 154615 284744 434679 133160 451982 323404 242866 300113 359974 467204 229778 175896 181506 541149 47187 64136 7642 323185 340940 303774 329401 276264 38577 430827 
10832.4
44
445033 448394 169294 228832 176585 72913 487967 536422 471249 334021 211222 327925 405336 284358 368571 108114 293997 343526 457286 472933 248576 268744 22216 352104 418722 186965 256259 137785 28702 195345 329442 349609 475160 306886 248161 417668 408727 280062 525496 554678 3876 43401 29009 188679 
10908.5
45
281029 262126 337786 114804 242253 118600 415140 305384 120446 261504 207906 371622 275722 12736 336838 466125 324396 302275 506893 297258 527681 366340 153221 221145 13127 76527 63178 17110 186964 436500 516794 190383 521256 289073 128803 314796 149439 435393 109251 375359 456841 381274 238689 5446 517232 
10359.9
47
201429 484884 413218 86503 420424 232287 18382 404374 523549 218573 501154 280233 479956 432190 59797 184561 215784 133756 81008 478381 75508 21612 478253 183500 110302 194079 297546 120526 308812 232403 528882 465252 172189 413148 301 544744 185730 306274 405218 539518 492988 87839 36099 301261 21764 224669 303854 
10995.6
50
313686 442679 294548 449557 310722 494507 555842 285468 470697 196944 444743 32093 518496 190915 294387 355078 217665 353172 454185 261579 418395 269545 266549 328939 302235 287242 521833 469429 267699 170384 120334 507379 234338 286436 78942 512663 341682 11467 285854 238757 318018 86292 387614 437452 426736 402697 18416 417421 10474 69332 
11278.2
52
53930 119627 285075 137087 264455 328498 537259 120329 53588 111824 309406 284252 361290 281272 174482 492705 311156 77843 388726 154594 431010 266433 84757 525282 54832 511568 303421 423669 357321 311895 252496 238390 122174 30457 34713 39683 431767 184616 424788 414845 80609 132679 114468 194120 287149 508045 205102 195950 495915 345100 54246 74389 
11940
50
495143 31115 103820 205002 505418 394085 262475 240912 267349 330402 513230 418198 469009 429928 55661 368212 79012 326438 189780 136672 133973 553031 167976 532141 399177 373711 191664 237974 268249 241678 336910 404110 86090 520528 232056 288458 90339 308218 415204 507080 110633 478941 398317 422037 549126 297402 345972 152065 11046 525810 
11311
46
19297 50942 453538 96602 414427 337208 434090 196573 391742 61276 498409 290846 435007 504312 277146 171714 474552 34756 400837 386943 466437 154470 465253 446589 444082 523889 279535 258711 58937 312979 318461 292702 124587 360491 192973 481247 414586 62570 511234 310407 165638 76243 42068 325571 290838 459345 
11004.2
48
437696 417043 253524 124830 338781 430153 377015 462569 9938 423173 405352 100730 284800 152268 379676 533372 285442 282939 272047 46354 307867 525659 44563 180137 453342 559901 488598 487345 481921 353346 397797 176411 79873 40647 157068 445123 414494 137526 79524 553541 448897 170199 273134 101238 127530 15411 40157 148674 
10601.1
50
539429 515039 538759 117344 234376 402815 141721 308357 465706 516327 78090 540986 510279 466812 66323 258891 145526 295422 73501 493461 254191 464488 117244 396545 125524 338952 97888 233482 12284 270053 348682 84803 122362 123128 32096 551655 321979 89479 498217 433170 539485 499464 197397 347139 550424 350416 307497 94874 13885 309840 
13922.6
44
280906 550548 435719 287271 465094 502400 303803 343980 10022 443699 116737 373154 438635 242824 407168 79235 89483 214558 41216 79092 100464 227895 161888 377659 279541 191699 497761 348896 460731 251483 261697 448354 143720 524146 438638 485223 476013 91437 170057 147712 442070 558961 195866 300358 
12096.5
56
161236 303833 424053 386437 191306 139989 304478 160837 251861 333346 498033 501329 61851 517882 294972 355070 303156 26415 132676 337975 377520 388781 267248 320452 383020 311090 317970 208104 97662 173187 188940 499452 224491 458271 538002 17239 146895 415017 299517 434421 544644 477927 457300 91957 207561 434938 475628 388272 93921 296998 516271 237991 43685 329776 82666 442031 
12516
43
377739 170782 498509 239272 59553 456691 228005 485271 326199 227966 427481 134719 357073 474946 29160 363841 364972 216384 126705 198916 284396 528968 442120 396832 528574 523521 121536 70982 200679 9090 265396 554212 54545 76565 433481 5312 324813 96253 149955 135124 188439 278418 418683 
11093.3
44
329983 266509 484859 47419 234361 184461 329854 134034 378582 384483 343086 376978 404799 208642 459437 510690 242318 23146 395112 87214 126622 487767 232880 488323 196955 512540 499524 84784 102709 179071 489485 142242 363936 346159 493373 370906 467782 507320 549746 375007 221328 159668 94497 474829 
11115.3
50
287225 319870 484039 261094 432520 5986 164773 106895 476080 223763 182325 497181 275891 89779 228460 34375 151992 379023 486798 483616 167350 7603 321439 316349 440195 418176 123569 369203 54289 170756 500035 238207 407803 170383 261051 274036 419895 500634 363308 212014 22648 213699 145463 111012 149118 234843 390505 258947 36851 118171 
11778.7
49
234942 489267 463191 486819 131049 89250 391839 355664 541224 512805 428557 431067 312799 524231 262654 60391 210663 160473 109771 62372 56767 285667 289472 96961 338928 36737 26883 187548 216635 506957 163351 118773 519011 554363 154935 52511 299783 277656 150598 535533 89931 285101 94246 117888 179080 474250 255607 334393 516062 
12015.2
49
169938 377293 208028 498290 454069 541503 346340 6997 178814 464255 159706 270121 277008 92387 367245 462631 340568 259846 126787 276944 184890 70925 256769 50615 402533 505496 489738 185841 369644 457705 115093 490028 39578 231250 254547 6361 528957 54990 530201 183641 268838 314305 23831 209933 289241 357794 179609 106231 249444 
12291.7
48
265275 123676 242019 175620 65188 515726 374947 111786 133107 17395 111241 493191 373713 377824 64757 349340 118898 394773 523241 397590 242795 281477 96196 187902 297064 410357 279681 522305 464704 208028 460672 50148 322561 258704 186007 413744 454269 195461 53128 489872 104256 531130 200310 73123 372519 244352 99915 451304 
11542.1
50
386960 324445 431307 478767 324995 181074 401892 328867 57983 270862 327887 374933 518146 388959 324606 144548 336971 327838 348091 359694 408080 28278 273263 416880 248465 530823 168191 108439 32681 234730 15372 75091 491597 372219 512589 177091 420421 532592 225012 135591 357247 359689 405051 213469 392058 288097 427581 452730 122668 409723 
11914
45
153155 44197 315123 277643 498061 82230 410574 105579 508386 174938 364765 550609 224400 202488 121555 456967 264300 432879 218898 1288 206905 287946 207360 75980 359537 466881 381104 337668 212629 214783 528552 201440 295148 287915 10699 122267 289040 29108 538609 134629 258472 320458 20696 36991 221014 
10938.6
53
59493 256996 44092 404016 544101 54412 382842 17540 241120 454959 468852 426352 58208 499543 10388 135629 320198 459939 95410 157783 58181 319956 195672 377462 271507 59828 162817 160820 139786 219605 298536 468778 54097 273854 112359 293305 36599 484772 190563 135863 200858 432536 243565 329216 467694 416344 203812 31905 37388 436328 427860 99997 278033 
17161
47
49908 119018 55278 277346 77492 518122 550221 148093 2455 560714 558420 359651 432601 43972 173849 123187 370005 314451 231024 516 524920 209563 284570 412402 415920 457165 468299 57010 148989 351573 470589 320767 141684 132816 433609 440678 99536 545106 334558 58036 39948 80455 506014 379891 304667 1222 183312 
11429
49
473467 449901 265806 281479 530608 359481 313062 166848 359107 169133 81832 174399 300651 373054 2156 46395 341314 363680 103724 109756 411489 20722 400300 235784 458830 79565 490219 159617 479119 148858 62405 529967 136809 96232 47595 522717 266766 419160 549535 401882 401451 327511 176260 359228 173092 337296 219381 62206 233245 
11222.8
36
67513 114251 277688 219346 37801 409948 146928 349580 239923 346962 249697 264978 270222 131919 167437 536046 238628 242908 352720 364245 177281 100762 236496 138870 36856 179126 76482 136813 339912 457798 320670 497520 33345 50287 114545 462392 
10487.4
45
550328 110311 450871 251513 144769 152547 561948 127384 203618 539605 351099 54249 445937 216564 231689 395128 389638 250221 114903 8362 95020 279148 12753 265479 367548 34581 522628 96378 77063 370542 262107 204710 203077 177265 490374 467165 62580 2445 434608 557454 166189 491189 359918 4797 351589 
9763.94
55
440944 74373 176992 264615 371610 254263 142076 87938 72936 353364 432790 351352 557413 459491 354931 483288 168591 366172 204076 48765 437244 8222 307909 128409 120420 485345 139938 400991 164345 292531 21361 558670 49392 152924 534659 71671 324585 198530 515483 418415 337474 430445 54689 401067 351222 253603 191833 387370 553832 54485 103018 179247 19625 6205 247121 
11389.9
50
386047 362411 29676 282965 59061 46483 97494 239871 559417 405469 36080 368816 32434 240688 187038 477282 113622 110783 195466 30661 343052 378265 458847 9453 478348 157363 48953 395235 260484 28679 81706 228329 358613 447084 357462 111433 479918 438377 338652 47054 233426 127443 58578 463305 413295 381710 339635 259645 92998 114134 
12162.6
60
489717 108660 30237 453156 104230 405190 234821 486735 433872 378691 184271 150166 102859 15803 31965 365582 338562 371177 355581 449253 394543 285479 296560 46733 126736 262852 47668 401635 86770 215452 280377 72066 550223 387092 83800 430015 46904 303925 325558 177839 383137 136705 252661 196520 16950 216398 135092 408151 376712 335582 343805 16503 427427 413661 187364 12371 11258 308676 65244 227134 
12423.2
46
527147 11514 149041 152973 471324 522370 229138 30570 530432 414643 399022 514468 560469 70124 267875 35589 312414 452600 409697 241092 546385 398846 274781 240207 2298 324140 38452 77646 3069 242023 374239 163057 496216 16884 202403 272033 423310 235301 309793 240903 105741 393909 509099 541809 222667 332332 
11161.4
62
554474 532572 465713 322199 212571 422196 346871 213329 528417 343951 396792 326955 189015 51578 300150 536618 52469 264736 176524 59502 343555 152874 108759 240426 483294 383909 52176 341937 276955 212952 427618 41659 156707 105522 166039 443986 352391 420557 92279 431340 472703 533825 241316 506140 500216 12731 75295 311959 48198 29386 362582 372743 435712 420235 185791 438830 152511 144596 522902 384401 264056 309559 
12445.1
55
316849 22497 351598 546007 548897 344098 155436 89202 346259 158885 407892 170247 115408 332599 20291 396922 372534 163228 92956 47492 301372 407797 441741 410367 123885 380078 1461 19935 482707 219617 313711 341616 171720 17630 179139 293170 58644 266180 123044 194437 536463 273657 185275 123903 298606 502207 375650 527368 198 376562 50966 413079 244409 217822 512150 
14667.7
55
107709 320875 141256 392548 426079 96896 174336 226960 398721 379235 12894 425627 451109 502627 280548 357466 345237 211016 544 380058 520860 314020 337094 388380 213351 390846 509162 116941 27829 169120 186841 60898 391375 185616 54492 241778 449940 292836 414264 332824 113120 145049 213585 555197 105367 270169 195166 288706 446563 260379 1597 45816 416713 28061 271134 
13785.2
56
92168 25602 283684 190451 489881 219806 73303 378602 129470 111663 39482 529597 17978 88181 391669 332206 258344 423866 231867 546709 213111 169931 373790 482747 440846 92772 439302 391284 329496 512211 103983 128955 51752 46625 376618 97093 526752 227025 513953 561937 371302 503816 533591 274811 325744 67859 552815 141991 298152 544585 355455 53420 151317 323602 22531 120811 
12798.4
45
171327 2953 358192 45629 511152 102641 166018 87649 486350 193986 322359 417761 365784 362457 467590 362272 432319 250344 103459 328963 189828 47248 6895 3535 505746 147870 96912 343541 525491 88855 76194 266855 203712 111661 451665 512238 3792 129360 260465 286265 19703 2952 516852 70325 96509 
10373.2
43
197007 432161 444213 171929 329148 297888 464552 367085 230344 87059 191792 224837 174617 518505 198365 60583 84930 167972 398302 234068 481526 343906 348920 143056 2061 216691 551563 209528 137450 291627 200596 285959 351008 27178 222329 492486 71995 288953 218624 189265 141267 35030 332844 
10195.8
60
64547 538930 234782 334870 93108 350554 247150 82444 423466 450221 377336 27426 506919 45882 274637 501418 317331 201601 117859 183944 390500 518091 160521 159933 88365 459826 21725 344627 57827 497121 49144 466313 173821 204762 29575 444428 200813 90613 514617 413979 448196 16249 522095 164903 552741 179730 436765 489765 336215 431019 263110 71100 20038 523678 53863 451339 319313 505886 67578 555365 
15618.7
47
157144 158367 182789 192787 71028 420837 117549 375630 286202 44087 90019 411640 119059 43362 140302 61836 216729 509716 49139 111240 317169 73366 441734 93964 34021 378492 520705 276777 528539 389429 238384 79340 145122 45302 340963 143319 487775 150696 7730 127834 152654 415020 347769 47762 70032 23422 162365 
10804.8
51
323080 10480 437566 555623 88394 404595 7082 323568 120062 496937 558696 515608 62145 838 482400 109936 31156 29306 264533 560591 41842 132648 19076 321338 5903 180952 273365 140282 68331 557656 346683 237081 66138 416514 18702 528993 71010 164941 182121 22002 112600 37603 272435 429904 127914 184466 475827 313091 360434 51583 556788 
12085.6
50
55883 335431 369542 153081 443981 11959 152786 289309 143465 285599 430283 122198 498579 428806 390802 442687 290845 182032 508008 52794 126750 501559 205507 443495 351304 359344 345634 231308 296651 437866 116278 177279 535737 35251 546055 153512 221976 60884 452255 119982 105358 395030 195618 123730 218010 471424 455589 490787 29331 539878 
11417
44
231909 82115 303756 24641 349727 482401 146128 285669 242398 57922 515550 62721 515488 63869 551571 34866 320539 157010 298470 557943 291321 184722 91976 262495 316796 124962 410568 501504 81966 384143 30392 206186 163542 213384 234139 34788 561558 207420 3815 300663 148837 141952 25853 55494 
11033.9
39
309417 469603 366102 162120 233742 186241 242489 121008 195450 403122 287270 130360 454475 53332 81076 471045 443965 283730 66058 361669 50384 217575 529675 47843 108124 110312 185178 162268 258573 133930 149292 279173 169699 448989 475125 530752 11438 53648 387457 
11449.5
54
61984 103840 336855 178062 492713 195736 105152 374363 550588 26084 4419 90113 174197 504480 135903 354725 253122 371609 219857 368849 34221 272026 466076 332476 480725 344306 298977 550722 491768 400434 320413 156686 525881 498916 137784 535175 277550 546004 50756 403563 264172 276732 265404 326419 104291 104595 109260 353664 337485 155464 145170 402270 15263 30768 
15553.3
65
487685 412325 482205 211960 478401 341314 461633 72020 254633 506211 437753 80407 361892 299662 497864 524965 68956 73065 426310 63366 92815 504918 95945 481261 177416 254154 523088 116235 249353 510133 395005 298916 219550 256139 505241 103061 250904 222449 502947 372453 483470 418565 308003 489567 548474 321099 558957 215867 514040 230982 456737 502928 299696 247608 483668 428482 52520 236805 39427 269730 291429 406886 178775 20798 417525 
13003.6
50
59835 446700 423708 312231 482346 263356 440769 61837 412139 279473 81595 146645 299773 197297 257474 152033 53058 559084 494854 504293 175816 194420 173026 299815 257211 596 492225 88776 533204 321898 281002 544765 296236 545611 231570 304697 347983 488883 510004 179480 504299 488169 488085 81685 516983 553155 351247 9235 207064 444469 
11545.4
49
227435 539770 136740 456673 172443 74784 229195 446400 77856 177173 141971 184769 180740 330500 220992 452698 343993 484141 294843 65296 201361 60265 278333 438491 306005 346202 309960 198226 401700 539108 159092 18022 554334 93857 2695 423750 225294 104999 223932 294784 276931 385135 24423 194460 406873 142985 517142 244262 254224 
11895.3
49
338861 467544 506617 559623 336635 71004 224388 121727 351367 60482 552305 182812 78657 234721 301635 387004 42674 369434 16256 519487 381498 99402 442686 429265 143396 441669 255655 362087 522521 178707 520089 8800 15929 99603 413932 513508 196188 409021 528824 469096 5022 234819 259614 172786 54398 478548 59903 5344 95082 
10795.9
50
185391 251654 311607 375277 380385 118157 130890 5991 438844 506027 211209 482116 538524 494907 149683 164204 434254 218723 265097 108042 1627 253365 351034 145000 274829 358363 126720 296428 251769 532919 423670 257937 171690 333605 165923 432803 282325 264380 156791 292249 174151 427086 68640 479808 310203 441328 375763 178596 3084 432123 
10872.1
62
323794 428978 333028 274905 412228 547431 229602 137500 360417 5886 159740 196179 342089 248824 374849 212052 551516 561091 387739 263183 555778 539477 318752 202521 455535 113969 364948 317089 96988 363749 123122 273040 89238 7265 367610 316218 45535 89976 515691 110521 416772 136162 50116 286417 448295 173976 31646 493630 139049 306602 127011 312849 86207 340578 531197 65002 87748 491106 455094 497755 59226 165719 
13969.6
52
239899 64335 300205 244749 361993 376321 528453 448123 110343 298157 392714 481751 434299 4167 78577 413731 229957 366845 478295 458712 97666 283818 301443 302332 33276 381485 280469 243147 237383 46829 206367 71946 184151 432128 172703 357297 554840 556666 413165 444364 335656 535509 119291 507756 207625 116859 295071 176404 145463 23505 92484 213910 
10599.8
50
367861 10799 55069 387763 263349 53763 337238 555393 23560 392230 354373 473313 97065 150636 94724 546753 300429 121802 36070 451238 212649 336214 380185 463357 246642 182348 148612 500647 504281 364433 307605 190241 461740 150554 274161 376676 163152 85682 257153 24013 360596 74197 24322 397441 139811 110014 450928 450231 129532 504968 
14548.9
45
426851 265188 103891 374406 458429 556776 490225 301650 397699 14046 529294 91464 418269 253735 556492 344150 541928 515807 272682 42936 361742 281693 255728 277667 349284 480954 503813 24377 224555 410575 120655 374743 78945 201727 375213 94416 115980 494642 71800 168575 231018 45992 101260 12207 520452 
11397.5
50
86708 329843 456305 271432 434065 10594 333914 49137 290545 230975 7754 280849 503098 12775 5519 199683 556269 388469 473232 529341 416634 491889 21573 404915 534891 404746 106059 275899 323625 455502 237223 65253 539457 197358 238840 247533 32897 27078 558490 295165 254905 76835 57005 442895 43088 43721 307934 210370 93872 228784 
10437.5
48
449056 292964 42023 120779 445596 129378 228354 85910 156535 148480 225515 215416 249521 558391 310040 159563 89162 551608 181626 500675 502502 33558 62805 549551 154945 186045 512608 135318 231193 253312 219780 394277 550426 6431 183835 416910 314923 29724 511337 517298 381278 297579 176382 298682 203311 506175 33608 310977 
12712.8
51
350527 296885 199322 497653 122517 172816 147880 2704 530935 404498 445439 41509 115213 265846 44301 137203 94198 365439 509018 346309 386839 90585 435679 551011 70363 191667 104164 84039 372908 63750 153195 457989 22599 89987 313264 441603 117618 548632 446440 393753 267380 413842 56132 164562 43627 520636 293817 112314 420629 27898 252668 
12398.7
44
399600 365295 280972 262773 542786 554894 303759 75174 192680 133854 342619 321451 403330 6666 371108 510754 88665 173124 270803 553024 58841 340771 496198 338225 510212 258133 192007 36006 334308 1346 558953 163900 141997 284920 335498 180266 30953 81733 522545 245273 526552 29964 485046 489572 
11030.6
51
100616 119384 374892 108990 216362 399524 529420 26432 367514 394293 538243 561643 39738 538435 519567 226349 383938 10747 278766 5226 404664 121126 288275 508652 133976 97798 483648 488115 193790 57897 353322 94424 515037 162206 16819 212948 289051 375748 360728 462693 417957 207636 491373 277191 379262 3168 471140 131571 226229 459940 486324 
12944.7
54
135770 290749 391578 52972 52902 316504 537427 425545 421393 83513 532249 225859 480289 229982 230915 75943 323243 453513 460956 408737 402737 452618 370721 233130 72072 516257 404986 484944 216655 245855 90531 388652 197777 161716 136938 276075 392571 253758 495238 66743 469522 159439 271819 262241 21329 226736 368883 46274 363372 459478 100566 457757 33402 451152 
13352.8
51
542038 507224 184300 506935 137895 43090 446004 88910 354168 412618 46277 409097 247459 463480 319336 7503 553592 519966 25188 407288 308383 425954 473934 7222 50690 128289 345740 224337 180864 127614 523897 495550 408323 236302 250993 390993 507307 396223 228980 35973 164037 373502 193859 17497 61969 390862 273771 302735 292402 134195 397105 
11029.8
49
412352 546282 529302 467757 465203 461780 320728 449042 84341 282094 122057 276565 364393 157584 239529 226064 518970 436509 87509 460306 228310 195511 512965 325038 448659 223977 426923 28950 43629 295764 85509 372568 280776 396816 488743 76757 114055 507301 429194 58484 151584 489419 239584 34896 16350 337773 419690 117170 240672 
11015.3
50
178360 67464 190348 341662 338269 279780 440407 178192 176342 445285 272374 275945 265309 59079 458955 236344 182271 531577 463037 410360 460816 451426 421308 172315 99301 416463 433742 219828 333726 437106 538484 528618 2667 119770 229151 303674 213098 2350 325111 127998 119406 501354 65932 402371 183113 17136 283059 156948 72727 381561 
11792.4
47
301275 465335 545227 10654 443384 90425 383134 349614 322975 103571 128683 548006 309498 136480 83610 114968 98578 353038 176284 290409 540508 513797 131247 261623 58116 192238 205897 166736 132535 458367 322861 327665 106860 286617 360474 264483 416610 521965 226489 53639 176862 467805 144057 478924 518716 19921 95185 
13102.8
45
524091 87948 293686 156620 121744 243148 319268 355133 366344 264346 517853 148262 476178 537667 318100 534822 156179 428607 111582 72490 558051 276360 435195 59130 401072 197513 73458 412707 284818 448301 377630 49082 340098 378712 411180 45817 88539 295579 445133 314341 385359 193136 535699 472210 561148 
9191.17
50
430663 226520 174102 5154 13597 30192 114034 340176 2513 311553 253399 130193 259123 523421 218400 452026 21476 441674 222311 119654 502101 220747 297349 87128 470488 22613 73409 209118 449832 42334 73278 335426 158593 400 375568 485502 422751 425024 518850 456723 212360 263470 427299 172101 44602 92340 49338 239124 71268 305312 
11570
44
437510 443294 528601 467603 371855 132728 551909 333944 553502 170984 25865 311378 79176 311504 498514 416005 276236 53677 459329 7572 233905 337645 1987 178003 547040 476197 139798 357284 56252 372698 144126 250 73799 526708 142099 394362 300385 332008 404390 127349 378441 61758 56325 328095 
13746.6
55
338689 512337 283274 16438 504133 443114 25264 251049 414198 279087 151382 279751 547389 198231 88117 185127 202307 532542 333231 52264 482823 476045 446990 284472 425071 172379 23831 503946 292985 355868 136650 67377 552511 290228 273543 232187 369042 371899 199274 510368 5592 55759 433097 419553 285408 558022 305723 364742 467271 541717 494698 334818 339594 59121 102726 
12234.2
52
175906 546153 500664 77118 381133 429865 137317 209653 505141 62837 5841 543942 351051 70681 492965 434469 546866 134358 463029 95943 67124 388098 321082 35308 106698 358928 126341 483344 83482 400552 155715 286548 128468 150788 26704 475565 86558 156829 351658 290141 337389 127953 98744 402146 169199 241255 190344 16977 212651 281085 45094 251191 
11717.9
43
141854 414210 368841 223408 510145 18740 507997 158050 260251 310840 101140 60802 320802 191770 472083 124276 168607 169541 49443 357167 425078 213386 206292 480163 196484 421359 476239 215640 461291 139640 493003 136125 352135 78021 46868 24109 47355 251303 326769 342915 136284 13601 412142 
11720.4
40
313826 528172 132427 315678 558467 341654 484208 336568 175205 249473 60922 468771 16717 556831 492872 169543 479278 472649 32423 122336 125234 217843 126328 32079 251295 78463 315238 461912 316940 476573 189543 542455 528684 1283 223805 277054 47224 202005 4474 453006 
10385.4
57
67599 72887 83328 272337 532916 346124 442281 339683 122038 6993 144890 376310 111614 245809 491984 292305 448200 484939 152339 106275 520098 127903 329947 534259 442832 493125 249822 364172 540545 378626 344520 121901 27338 315578 253899 355308 505225 482362 417580 431626 113230 461395 505416 33242 270363 151224 299838 231578 212401 284487 189238 101785 192477 246614 108076 145975 245345 
13737.1
52
523031 221045 170331 142358 223860 392073 175755 195902 200252 65188 213561 293672 501449 364514 384 152444 230424 459836 6853 520450 74393 374703 161617 206637 337027 523063 88591 490899 243918 78022 478290 276794 212778 560966 543810 319815 364474 488313 169349 529289 11998 197359 198282 121493 401396 208934 76155 387871 553367 350462 257075 394109 
12220.9
38
70904 446979 405700 359142 79514 310392 100121 329126 33110 207663 366818 491509 363422 138518 558484 162111 538437 101121 552668 213303 272037 199126 8486 436885 356493 166232 76319 260891 303849 203198 387108 555446 43577 318651 7817 385651 79969 395604 
9348.46
49
78933 505035 74042 86023 150820 248622 134239 545026 101111 17611 113279 354528 297060 166568 333970 316274 138837 285826 218311 93328 178030 125262 363 280229 385815 121678 430272 476004 129477 69718 292125 444850 134505 529244 281437 261971 179793 85609 224042 248253 96632 435697 313054 297914 374647 141148 477085 5225 431192 
10435.9
49
103516 363776 158126 119685 166436 438622 405015 537494 183039 237533 11232 400727 220852 327028 6411 105589 292731 392011 395611 500714 551543 44233 143842 545744 210436 31006 146801 264662 260300 399176 70770 271488 172206 182357 452514 546462 207163 116156 554852 471813 398505 443825 10644 251256 225985 189212 318728 14486 305088 
12254.4
51
422037 204830 60962 6787 108470 157513 226434 524541 302943 344348 504931 320665 205739 311775 439717 15734 71034 5854 447246 454918 131381 146772 396925 505222 100352 459760 316119 99190 107238 138998 120059 170390 447325 538628 281279 1494 275566 194878 59666 515817 439462 285473 330237 25955 423699 275158 105948 260175 424202 58742 151830 
11837.2
55
441479 390530 201248 4061 545988 235791 210672 377743 553339 437074 229293 220300 469232 102178 179523 213165 442356 30036 105498 38026 61104 491511 269229 259432 154195 431882 156718 69308 72889 115600 352907 262310 477750 202133 88206 494773 25770 245821 532749 329792 482346 324632 450945 246513 302781 405550 248646 78783 22436 26458 90735 187189 46980 4746 243510 
11574.4
51
301678 30851 256284 440172 542957 176124 384090 48986 372136 197250 336981 267999 224748 251465 323887 410068 197336 372282 307990 101657 30058 357929 8367 388395 165275 527183 144932 36003 366801 524576 162422 555168 58827 134684 442614 328952 363762 295867 290328 431772 535719 539750 419071 15345 390217 393788 403073 501490 168362 37740 188593 
10206.7
46
215488 67150 102321 116239 246045 236736 16018 170855 551060 239859 462749 166857 177461 128709 335474 364552 354046 241275 363280 520347 128579 176706 540791 225924 515274 437912 399460 346621 458965 186447 336814 259217 378948 369572 352710 228952 283927 20006 498889 37117 380860 161220 276075 559286 295000 325764 
11540.2
46
479672 238843 131120 34375 5827 17397 17439 391516 498344 520398 189160 73784 21649 91598 540546 413263 228805 436477 255761 438365 212176 354336 100564 20198 225638 380219 266056 187030 96080 381088 119936 221318 32374 9016 30536 1760 240312 532381 90553 258447 494679 546459 381052 287968 112630 492819 
12624.4
56
256183 235728 393016 464560 477813 527466 416228 291498 211306 349483 39625 286676 459982 69414 521652 88360 290733 267617 446487 363573 347935 363329 492711 148090 133321 416148 367793 496954 130837 517945 303866 549411 467028 292358 519601 426266 438337 501221 249708 140366 41515 171629 188722 482716 357084 181119 155674 253198 240580 168173 262822 536688 41171 186845 121467 527678 
12173.8
55
377432 526553 456058 140217 109743 477521 456490 305624 231734 84546 51182 92277 278084 85390 227933 67628 362020 144412 229304 26159 320475 163425 468747 289648 450754 309002 6261 251908 409568 180398 151907 232681 395769 239114 253196 40097 508837 25014 70579 550069 299218 500330 399436 281246 477582 404322 62471 532164 361848 351106 314170 514143 504989 113244 304147 
11426.8
57
79106 278887 198364 534153 426067 315385 34504 317577 325869 185297 546022 325853 30255 98937 235927 66669 266551 442219 525306 408873 310713 293082 140839 189876 198496 328306 108148 271656 475776 485890 110016 152388 9750 121011 220419 116614 54931 178715 95706 404554 520962 164710 441917 448964 318414 371691 112874 514694 30228 500611 451740 450195 405848 97791 101231 128042 417413 
11329.6
49
14713 441663 394388 531147 532662 434990 553830 314085 160121 106137 312678 51895 464767 209745 369392 231054 50932 484997 168364 260635 135351 185830 299532 39994 17889 470398 114028 200878 104214 180024 34374 71946 254509 39996 187201 495788 524717 425943 85021 110583 286804 222032 433574 274763 245358 54601 166697 12277 301391 
11008.1
62
296798 328837 354625 300052 152528 416730 58656 266301 261808 335078 505707 373682 104106 122320 2161 497112 525683 536209 107373 177198 399537 343910 181219 471765 378829 397208 361799 108169 98774 82735 457903 94429 437320 126229 37136 209828 292363 398651 387385 173731 541518 43695 268498 84071 303550 81625 429792 247684 287901 364562 427985 351243 528455 345565 198754 70061 130989 347152 290710 392492 153986 261702 
12206.4
44
211863 159756 337109 466136 243126 557022 450998 215286 509695 78070 260377 189298 470344 222796 378272 371978 153761 222990 494760 103583 352691 504065 305545 220956 349565 333704 293162 464808 249768 377936 55223 37590 350539 420012 123559 329796 157351 83744 534215 458115 551173 456927 291982 315872 
11341.7
47
527372 322052 396873 107134 194201 507881 346002 238371 510383 505405 274071 151129 518170 452950 318476 439882 291522 164764 14117 105891 113957 145414 274156 257168 207771 214981 456676 426566 282863 7191 198057 144607 465091 531677 216258 207669 180450 335470 262143 243741 348936 387463 410445 29998 117513 38818 481883 
10349.6
51
508139 270110 471985 229342 502600 521509 215145 214198 135077 541567 66213 408407 235764 21856 256665 431188 414925 415290 519775 530568 53095 516327 504419 362333 381595 10098 202818 312387 309590 276767 450574 362503 153750 188724 263741 513566 438042 538023 495368 75902 281218 520867 270407 442011 434867 165978 515617 70465 213484 235618 485251 
11668.6
35
342955 317125 87613 37523 502417 51061 110195 519109 460905 463167 482250 370091 540927 145736 97912 291120 334167 214964 94122 394774 214098 500019 463770 162669 64355 422551 353936 382438 382280 334068 547153 193174 534362 11611 381192 
10432.6
41
410184 265914 20693 520779 505421 545176 231346 519607 539384 260802 66694 288221 515903 185559 405198 338454 291589 93396 186976 98632 395278 460215 196742 176009 84506 420286 57531 352365 474912 340244 535578 195557 234973 447446 502159 459688 176200 88125 426121 154116 235039 
9972.66
64
122546 118446 538627 537662 375594 1134 153691 254155 18859 550550 226922 112177 95320 406250 88257 177874 7198 444267 127918 391420 519651 496315 17810 402079 115052 423504 72110 68137 104546 236017 107288 45455 420870 379995 119553 357524 181937 361152 20273 515107 448568 463850 300072 379910 406186 523954 462393 458127 368859 64572 435900 209853 476792 166526 217104 301766 64338 530596 2284 128283 45360 181367 207176 472872 
15187.3
41
40710 528093 248431 251854 196657 124476 257768 551377 281767 369006 444640 193465 435649 111564 118252 360750 188389 243599 7725 327923 234771 420955 263330 425160 431972 415552 430376 101779 456727 465447 376142 540276 180631 346788 216250 262929 282096 523951 545180 12518 385043 
11274.9
48
169196 60446 403515 354088 485163 517273 20175 500892 380656 167288 434493 345237 178262 292864 350319 261147 138225 398497 105466 493790 393414 179371 519271 319632 259144 125481 76798 419961 170572 476141 544111 44719 451177 355960 115801 104568 137968 19474 389501 308473 64379 313256 138186 478910 46449 372026 74598 318037 
11198.8
59
80253 480707 360587 271448 255663 43808 123522 348391 183198 100892 101499 160881 240543 304481 169688 185678 351165 191301 554411 287425 298364 152194 39535 357752 481915 99483 309204 262292 293382 297131 30273 335712 115309 414904 5108 43370 466905 139158 411991 459857 183778 219241 320946 321880 241895 351738 533306 549930 37307 124578 26010 188766 223673 193507 52332 433443 201019 247145 295344 
13878.2
49
503152 425546 532974 195876 52572 346188 87415 136108 221346 555107 259396 6678 540120 312555 296269 48988 314431 202066 340612 225447 117300 325940 387822 500895 517878 140873 448428 387235 282926 168633 95630 429187 540614 148922 437178 446522 466370 487810 433805 543834 437832 98680 179 135906 294780 521933 303201 81025 255533 
11679.8
48
79725 356012 255669 75878 205202 298927 67976 131290 333803 129263 547192 345541 264926 445309 361698 326105 344012 125114 91738 343590 158191 397965 221916 264568 445756 253856 530294 523111 505126 327277 103769 260439 23255 56647 416204 87918 124910 401870 382497 230094 177360 74489 503473 60652 537791 327365 158106 331728 
10789.4
45
432374 58705 561793 290409 431319 423745 31887 394708 408456 460396 209014 342968 116431 278153 548273 162556 125788 550296 152970 53543 8705 231521 130846 460403 244255 340909 384593 76809 156674 163488 281896 79829 487336 326222 477057 14227 423550 336758 394494 237729 319291 490463 52526 21136 328480 
13882.9
45
539786 184899 478320 381383 166673 421571 492613 127427 420164 391253 250530 260564 474411 141261 534612 121134 478508 65251 440856 206262 462343 235499 448922 68500 75943 320121 137004 283023 65586 527703 556814 225076 80236 48183 68150 440030 527585 136033 201590 162577 363875 464985 99186 199581 268414 
12240.3
58
500374 132020 408500 76511 136756 11101 396216 489989 438664 9320 292453 84498 190088 481690 214558 409134 248395 305696 389733 196263 44579 163001 200856 388762 34255 30579 188445 273573 492669 303821 175686 494854 123138 499589 385826 474020 143571 271621 49659 69949 336431 258335 560570 306671 507754 133478 217323 507780 298454 106733 28280 169581 531117 384744 350237 163492 93547 121418 
11979.9
49
264048 119331 466061 192378 511380 442497 381732 280693 20771 501570 73948 413377 349782 274804 341943 558853 396351 407991 56851 124258 48518 367935 526124 490825 371699 322943 372057 490640 542493 182537 225957 155195 374188 538714 306040 335989 380461 457030 345548 121687 409943 55708 490717 164016 366688 379027 13497 118500 505028 
13339
49
450375 103527 254430 240108 104020 158576 337706 438709 217100 148682 293846 351528 239713 442604 476813 320957 376132 225379 504288 550176 275230 164696 352538 29080 74459 196846 449526 514618 45074 324498 535650 413687 47334 451579 349820 220513 366245 241085 425714 19450 530920 455114 411678 202589 498574 379185 539469 290361 478968 
10035.1
