13
248 66 94 509 382 295 146 514 250 57 236 189 306 
0.151
9
379 276 516 111 542 261 308 223 446 
0.06
13
560 515 38 397 162 46 292 505 152 481 303 295 169 
0.036
11
457 26 62 108 366 121 224 245 461 93 345 
0.192
11
280 203 271 102 365 353 231 155 205 141 178 
0.107
11
490 84 342 243 377 506 211 399 309 71 470 
0.076
10
360 189 253 103 473 372 10 22 4 374 
0.187
12
187 534 497 51 466 86 353 65 67 48 30 249 
0.121
13
237 345 545 52 278 296 41 543 204 116 440 78 356 
0.077
10
22 72 88 537 255 273 47 5 19 433 
0.275
10
185 454 308 524 452 490 554 411 6 532 
0.122
10
542 275 421 276 505 328 22 420 31 362 
0.44
11
490 249 307 228 0 244 30 454 79 19 342 
0.345
11
247 515 149 553 181 466 298 479 514 200 312 
0.094
19
116 83 320 55 331 189 314 65 474 364 534 376 176 275 234 465 277 41 506 
0.254
13
121 326 317 180 517 457 190 254 481 229 436 15 478 
0.079
14
417 419 58 540 32 403 460 83 215 558 401 36 77 359 
0.098
15
428 164 329 65 528 280 353 232 179 458 129 11 266 262 485 
0.074
12
255 130 293 258 342 531 45 406 50 389 511 69 
0.037
10
26 526 535 302 142 327 312 40 328 522 
0.135
13
434 486 68 531 395 418 180 326 240 189 558 13 173 
0.099
16
373 181 535 98 324 25 133 20 72 278 368 523 506 389 187 406 
0.193
13
189 557 172 337 235 94 460 242 365 550 491 294 21 
0.036
13
234 13 138 479 314 21 46 532 77 35 195 20 194 
0.037
13
172 529 423 536 204 272 121 108 419 415 405 136 440 
0.08
13
500 496 366 257 286 524 49 190 122 220 275 481 482 
0.132
13
303 27 30 159 167 157 6 95 46 214 35 244 333 
0.141
13
276 453 482 254 350 249 70 200 79 19 89 10 268 
0.143
9
199 423 234 368 8 433 140 16 300 
0.123
13
442 81 56 114 238 78 103 274 47 265 255 167 323 
0.083
10
305 389 250 379 317 314 220 88 419 443 
0.067
14
362 327 193 51 180 439 268 23 91 448 104 297 98 190 
0.174
13
490 373 396 356 548 40 208 506 215 418 147 26 314 
0.09
14
324 430 196 375 468 28 483 132 137 285 265 63 156 272 
0.111
13
329 201 309 130 199 258 319 536 333 8 158 387 429 
0.284
14
223 4 213 438 407 282 503 250 261 82 185 275 148 283 
0.13
12
249 46 357 343 254 401 319 474 30 221 40 413 
0.076
11
484 460 378 208 290 102 141 215 5 4 325 
0.313
10
524 23 196 371 424 556 507 422 134 327 
0.461
13
293 183 139 473 134 41 33 98 313 227 496 10 124 
0.076
12
324 537 219 45 171 394 105 468 493 110 160 376 
0.28
12
325 466 170 338 501 204 413 495 272 58 37 123 
0.094
12
280 376 198 552 379 453 240 509 124 164 464 494 
0.155
9
183 261 424 60 87 8 309 463 479 
0.106
12
64 219 495 230 517 423 391 139 29 162 23 458 
0.083
13
339 142 284 384 488 253 413 417 464 407 221 157 216 
0.147
13
144 510 261 392 555 14 115 317 472 288 234 16 298 
0.256
12
124 352 96 553 474 477 223 150 207 431 23 484 
0.109
14
18 395 78 294 559 5 368 269 489 216 265 469 39 165 
0.208
14
398 491 183 286 106 274 135 542 425 15 451 379 232 499 
0.078
11
491 410 257 442 220 407 511 522 371 240 320 
0.337
10
96 297 487 46 521 49 379 514 23 287 
0.153
11
533 95 448 90 334 407 157 45 239 70 247 
0.144
10
518 357 421 390 225 1 236 395 260 289 
0.206
12
444 238 71 86 332 257 505 205 507 512 8 265 
0.17
13
279 514 370 156 207 165 265 102 363 379 348 262 18 
0.085
12
311 215 411 151 327 380 104 81 534 426 364 392 
0.059
10
27 180 139 121 480 318 288 303 304 516 
0.128
11
335 365 381 99 309 379 369 420 257 118 532 
0.159
9
208 298 281 350 180 325 199 275 460 
0.073
12
371 149 180 438 82 516 29 344 558 325 189 251 
0.124
10
403 558 53 205 310 195 339 204 27 292 
0.191
14
174 454 313 146 519 508 541 359 302 303 450 466 48 211 
0.077
15
457 353 150 192 93 298 54 160 355 317 282 111 0 28 110 
0.108
11
548 495 165 8 346 101 358 403 514 168 321 
0.224
12
547 258 126 79 135 171 309 348 274 240 210 68 
0.034
18
341 457 259 329 308 477 480 496 64 481 412 320 162 330 326 327 413 535 
0.136
13
173 309 154 156 488 486 152 246 245 310 169 138 383 
0.097
11
151 162 50 520 42 164 47 406 433 15 126 
0.226
12
64 227 252 365 118 410 498 121 33 5 284 517 
0.207
10
161 36 428 113 159 390 396 217 254 331 
0.056
10
237 372 412 395 514 382 504 320 351 475 
0.158
9
3 517 559 432 542 245 505 67 446 
0.26
12
364 180 403 531 40 86 517 288 178 109 326 339 
0.084
16
63 348 134 58 193 252 470 384 11 146 482 325 273 317 131 427 
0.123
16
84 487 393 26 542 91 162 486 423 340 294 517 547 192 22 216 
0.114
9
174 94 179 369 161 80 466 72 511 
0.292
14
334 120 20 282 252 110 130 254 138 326 162 102 358 28 
0.038
14
289 530 391 285 324 30 116 220 313 225 339 208 212 12 
0.034
18
561 119 96 25 100 287 447 111 250 59 550 185 506 154 184 217 326 77 
0.039
14
99 323 149 261 433 237 430 306 280 114 265 39 26 361 
0.173
12
548 497 357 308 32 523 506 273 205 384 125 551 
0.096
11
188 366 48 519 406 113 278 203 240 15 251 
0.181
16
223 249 119 539 181 333 529 267 3 236 438 554 30 54 380 419 
0.12
12
513 468 477 51 416 267 79 214 73 412 223 261 
0.299
12
23 32 106 325 375 559 61 341 149 309 62 310 
0.266
15
442 418 514 333 139 534 118 467 230 55 487 499 412 264 394 
0.098
9
458 435 357 426 111 246 454 316 403 
0.109
12
109 175 291 475 179 261 2 342 87 311 61 510 
0.1
10
377 157 385 546 515 314 68 164 472 533 
0.035
12
265 516 416 442 555 404 429 454 313 522 202 376 
0.07
12
459 546 327 100 274 107 103 214 24 363 303 520 
0.096
12
167 308 175 217 473 547 320 249 285 83 432 518 
0.256
14
444 329 21 205 238 397 28 342 319 35 232 513 86 168 
0.066
11
93 145 559 225 310 293 524 512 539 331 338 
0.125
14
26 85 147 59 366 356 413 269 442 37 507 123 21 502 
0.204
11
131 474 236 492 550 276 127 85 428 60 494 
0.136
10
182 96 140 227 515 443 36 107 510 26 
0.035
11
499 94 513 319 194 64 456 506 385 390 411 
0.124
14
442 362 165 526 118 431 339 302 400 217 4 16 189 450 
0.257
