13
66 250 248 382 514 57 236 509 295 146 94 189 306 
9.921
9
19 300 77 543 213 261 548 17 411 
4.066
13
295 169 560 515 38 397 292 303 505 152 162 46 483 
9.75
11
62 461 26 366 457 133 224 93 108 65 245 
4.57
11
280 203 271 102 205 231 365 353 155 141 178 
6.501
11
211 342 399 490 506 84 309 377 243 71 470 
6.5
10
473 103 189 360 372 10 22 253 4 374 
4.815
12
67 466 65 353 51 497 534 86 48 187 30 249 
8.122
13
296 278 543 237 41 204 440 52 116 345 545 78 356 
8.383
10
22 19 47 255 274 308 486 354 5 305 
6.329
10
557 308 490 554 376 543 454 524 4 6 
5.154
10
276 328 505 275 420 542 22 421 31 362 
5.478
11
249 490 454 30 79 228 244 0 307 19 342 
5.343
11
424 247 515 282 381 185 90 511 278 112 312 
6.695
19
534 376 116 83 320 331 474 189 65 314 176 275 364 55 277 465 234 41 506 
22.962
13
481 229 436 121 326 180 317 457 254 190 517 15 478 
7.06
14
401 215 403 36 32 540 83 58 460 419 417 558 77 359 
10.511
15
65 164 428 280 329 528 232 179 458 11 266 129 353 262 485 
8.908
12
290 164 341 449 83 361 389 293 531 130 22 480 
8.383
10
312 172 174 500 110 368 87 453 88 303 
4.008
13
486 418 395 68 531 13 205 558 240 420 434 14 180 
11.465
16
25 373 72 98 181 389 506 20 133 535 368 324 278 523 187 406 
11.579
13
94 235 365 491 242 460 550 189 21 557 172 294 337 
7.14
13
234 138 13 21 35 479 314 459 20 223 532 4 80 
9.445
13
108 121 272 204 419 405 415 172 536 423 529 44 440 
9.82
13
500 524 49 122 440 481 220 429 215 257 366 421 511 
7.965
13
35 214 46 159 6 157 30 167 95 27 303 244 333 
9.07
13
453 249 482 70 200 10 89 254 350 268 276 2 79 
7.831
9
140 8 423 234 199 368 433 16 300 
4.909
13
56 81 103 274 323 114 238 442 141 47 78 136 255 
6.355
10
389 317 88 419 250 305 379 220 312 314 
5.322
14
190 193 362 268 439 180 51 91 104 327 448 23 98 228 
6.916
13
548 215 418 208 40 490 396 356 373 147 506 26 314 
8.278
14
137 285 196 324 430 28 483 63 265 468 375 132 156 272 
9.63
13
329 201 258 309 8 333 199 319 536 130 158 387 429 
5.554
14
185 438 282 250 503 4 213 223 407 261 82 275 148 283 
7.946
12
46 474 254 401 221 249 357 319 30 343 40 413 
5.358
11
5 378 141 290 484 215 460 102 208 4 325 
5.197
10
556 507 424 323 417 194 385 217 0 439 
5.069
13
98 227 183 473 313 134 293 139 33 41 496 10 124 
8.787
12
45 537 499 219 171 160 246 493 394 468 105 457 
6.105
12
272 413 58 338 170 501 204 495 325 466 37 123 
7.958
12
481 164 198 280 51 240 509 261 453 106 109 340 
8.589
9
479 183 87 60 261 424 14 243 309 
3.17
12
162 64 139 219 29 495 230 517 391 423 23 458 
6.095
13
417 488 500 551 220 464 221 550 253 413 384 104 535 
14.05
13
392 115 161 510 555 288 317 261 144 298 414 14 38 
6.783
12
474 124 352 150 207 223 477 553 96 484 23 524 
6.487
14
78 294 559 5 146 6 265 469 368 334 362 22 18 305 
6.882
14
286 15 542 491 274 451 398 106 425 183 135 379 232 499 
10.214
11
491 442 407 410 522 371 511 257 220 240 320 
7.134
10
297 514 521 379 49 46 96 487 23 287 
7.272
11
95 533 45 334 448 239 157 407 90 70 247 
5.72
10
357 40 229 240 296 491 214 326 236 462 
6.551
12
71 86 512 205 257 332 444 505 507 238 8 265 
5.583
13
283 279 348 514 156 370 102 207 363 265 379 18 165 
7.063
12
151 81 104 426 534 215 311 411 380 327 364 392 
6.255
10
27 180 139 121 288 303 318 480 304 516 
4.327
11
309 420 381 369 257 99 335 365 379 118 532 
5.354
9
431 359 426 525 274 335 354 87 343 
3.535
12
180 82 149 251 371 516 38 531 433 438 179 288 
8.072
10
403 558 205 339 195 204 53 310 27 292 
5.057
14
466 359 450 303 508 519 146 174 302 313 454 541 48 211 
5.456
15
353 150 457 192 54 355 317 160 0 282 111 298 93 28 110 
10.107
11
165 101 346 358 495 514 8 403 548 168 321 
5.104
12
79 547 309 135 348 126 171 258 68 274 210 240 
6
18
308 535 162 259 341 457 477 480 304 438 203 211 329 64 481 496 35 320 
20.108
13
173 152 169 156 154 246 309 486 488 245 310 138 383 
7.958
11
47 151 162 406 164 433 50 520 42 15 126 
5.453
12
365 533 85 510 252 306 542 109 546 425 88 145 
6.221
10
159 390 36 113 428 161 331 396 217 225 
4.572
10
412 382 395 475 237 514 320 504 275 372 
4.691
9
245 432 3 517 542 505 559 67 446 
3.19
12
40 339 86 180 531 364 403 178 517 451 33 288 
7.586
16
58 63 252 193 348 11 134 482 384 146 273 470 317 325 131 427 
12.209
16
393 26 91 423 340 542 162 486 84 487 294 517 192 547 22 216 
10.903
9
174 94 179 80 161 369 466 72 511 
3.226
14
435 310 359 53 254 138 130 282 110 20 252 334 69 461 
11.848
14
208 339 289 530 391 313 30 285 324 116 225 220 12 212 
7.31
18
96 100 25 250 550 111 59 447 287 77 185 326 154 506 119 561 184 217 
11.936
14
114 280 430 323 39 306 265 237 261 99 149 433 26 361 
5.973
12
308 497 205 273 384 506 523 357 548 32 125 551 
7.747
11
188 406 519 48 113 278 203 240 366 15 251 
4.904
16
333 380 181 30 236 223 529 554 267 539 3 54 200 501 249 338 
13.385
12
259 159 27 57 137 138 472 530 396 501 222 417 
9.176
12
375 559 61 325 106 149 32 23 309 341 62 310 
6.268
15
412 139 333 499 55 118 442 514 534 487 230 467 418 264 394 
7.853
9
306 11 400 401 529 81 461 148 525 
3.472
12
342 109 175 291 2 87 311 179 261 475 61 510 
7.511
10
68 472 533 546 314 385 157 439 54 377 
4.857
12
416 454 555 404 516 313 522 429 265 442 202 376 
7.527
12
174 214 544 84 281 251 375 248 274 546 153 466 
7.108
12
320 547 518 175 217 473 167 308 285 249 83 516 
6.502
14
329 342 232 319 397 513 35 444 238 28 205 21 86 168 
7.211
11
93 512 145 310 539 524 293 225 559 331 338 
6.142
14
85 37 413 147 26 59 356 507 366 123 269 442 21 502 
10.708
11
276 492 550 236 85 428 131 474 494 60 156 
4.633
10
510 107 182 96 443 36 140 515 26 227 
4.446
11
365 537 154 264 94 513 518 64 516 93 499 
6.66
14
431 165 526 442 118 362 217 302 400 339 4 16 189 450 
7.163
