13
66 250 248 382 514 57 236 509 295 146 94 189 306 
3.176
9
548 19 300 213 77 543 261 17 411 
0.311
13
560 515 38 397 162 46 292 505 152 481 303 295 169 
0.036
11
62 461 26 366 457 133 224 93 108 65 245 
2.876
11
280 203 271 102 205 231 365 353 155 141 178 
1.616
11
211 342 399 490 506 84 309 377 243 71 470 
0.833
10
473 103 189 360 372 10 22 253 4 374 
2.649
12
67 466 65 353 51 497 534 86 48 187 30 249 
2.31
13
296 278 543 237 41 204 440 52 116 345 545 78 356 
1.14
10
22 19 47 255 274 308 486 354 5 305 
4.027
10
557 308 490 554 376 543 454 524 4 6 
1.841
10
276 328 505 275 420 542 22 421 31 362 
5.914
11
249 490 454 30 79 228 244 0 307 19 342 
4.923
11
424 247 515 282 381 185 90 511 278 112 312 
1.406
19
534 376 116 83 320 331 474 189 65 314 176 275 364 55 277 465 234 41 506 
9.588
13
457 254 190 517 481 229 436 121 326 180 317 15 478 
0.786
14
32 540 83 460 419 417 58 558 401 215 403 36 77 359 
1.547
15
65 164 428 280 329 528 232 179 458 11 266 129 353 262 485 
0.926
12
255 130 293 258 342 531 45 406 50 389 511 69 
0.036
10
312 172 174 500 110 368 87 453 88 303 
1.696
13
434 486 68 531 395 418 180 326 240 189 558 13 173 
1.563
16
25 373 72 98 181 389 506 20 133 535 368 324 278 523 187 406 
4.358
13
189 557 172 337 235 94 460 242 365 550 491 294 21 
0.037
13
234 13 138 479 314 21 46 532 77 35 195 20 194 
0.037
13
204 419 405 423 529 536 121 272 415 172 108 44 440 
1.353
13
500 524 49 122 440 481 220 429 215 257 366 421 511 
1.917
13
35 214 46 159 6 157 30 167 95 27 303 244 333 
3.008
13
453 249 482 70 200 10 89 254 350 268 276 2 79 
2.472
9
140 8 423 234 199 368 433 16 300 
1.432
13
103 274 323 47 78 56 81 114 238 442 141 136 255 
1.24
10
389 317 88 419 250 305 379 220 312 314 
0.477
14
190 193 362 268 439 180 51 91 104 327 448 23 98 228 
3.154
13
548 215 418 208 40 490 396 356 373 147 506 26 314 
1.293
14
137 285 196 324 430 28 483 63 265 468 375 132 156 272 
2.137
13
329 201 258 309 8 333 199 319 536 130 158 387 429 
4.781
14
185 438 282 250 503 4 213 223 407 261 82 275 148 283 
3.061
12
46 474 254 401 221 249 357 319 30 343 40 413 
0.843
11
5 378 141 290 484 215 460 102 208 4 325 
4.766
10
556 507 424 323 417 194 385 217 0 439 
6.237
13
98 227 183 473 313 134 293 139 33 41 496 10 124 
1.132
12
45 537 499 219 171 160 246 493 394 468 105 457 
4.878
12
272 413 58 338 170 501 204 495 325 466 37 123 
1.062
12
481 164 198 280 51 240 509 261 453 106 109 340 
2.883
9
479 183 87 60 261 424 14 243 309 
1.016
12
162 64 139 219 29 495 230 517 391 423 23 458 
1.148
13
417 488 464 253 413 384 221 382 551 220 500 104 535 
3.479
13
392 115 161 510 555 288 317 261 144 298 414 14 38 
5.675
12
223 477 553 96 150 207 474 124 352 484 23 524 
2.174
14
78 294 559 5 146 6 265 469 368 334 362 22 18 305 
4.309
14
286 15 542 491 274 451 398 106 425 183 135 379 232 499 
1.152
11
491 442 407 410 522 371 511 257 220 240 320 
5.644
10
514 379 297 49 46 96 487 521 23 287 
2.411
11
95 533 45 334 448 239 157 407 90 70 247 
1.903
10
357 40 229 240 296 491 214 326 236 462 
3.05
12
71 86 512 205 257 332 444 505 507 238 8 265 
2.541
13
279 514 370 156 207 165 265 102 363 379 348 262 18 
1.549
12
215 327 151 311 411 380 81 104 426 534 364 392 
0.421
10
27 180 139 121 288 303 318 480 304 516 
1.72
11
309 420 381 369 257 99 335 365 379 118 532 
2.355
9
431 359 426 525 274 335 354 87 343 
0.607
12
180 82 149 251 371 516 38 531 433 438 179 288 
2.125
10
403 558 205 339 195 204 53 310 27 292 
2.828
14
466 359 450 303 508 519 146 174 302 313 454 541 48 211 
1.24
15
353 150 457 192 54 355 317 160 0 282 111 298 93 28 110 
3.123
11
165 101 346 358 495 514 8 403 548 168 321 
3.392
12
547 258 126 79 135 171 309 348 274 240 210 68 
0.034
18
308 535 162 259 341 457 477 480 304 438 203 211 329 64 481 496 35 320 
5.401
13
173 152 169 156 154 246 309 486 488 245 310 138 383 
1.37
11
47 151 162 406 164 433 50 520 42 15 126 
3.389
12
365 533 85 510 252 306 542 109 546 425 88 145 
3.657
10
159 390 36 113 428 161 331 396 217 225 
0.3
10
412 382 395 475 237 514 320 504 275 372 
2.262
9
245 432 3 517 542 505 559 67 446 
2.91
12
40 339 86 180 531 364 403 178 517 451 33 288 
1.027
16
317 58 63 252 193 11 134 325 482 384 146 273 348 470 131 427 
2.432
16
393 26 91 423 340 542 162 486 84 487 294 517 192 547 22 216 
2.507
9
174 94 179 80 161 369 466 72 511 
3.386
14
334 120 20 282 252 110 130 254 138 326 162 102 358 28 
0.04
14
289 530 391 285 324 30 116 220 313 225 339 208 212 12 
0.035
18
561 119 96 25 100 287 447 111 250 59 550 185 506 154 184 217 326 77 
0.04
14
114 280 430 323 39 306 265 237 261 99 149 433 26 361 
2.614
12
308 497 205 273 384 506 523 357 548 32 125 551 
1.5
11
188 406 519 48 113 278 203 240 366 15 251 
2.676
16
333 380 181 30 236 223 529 554 267 539 3 54 200 501 249 338 
2.688
12
259 159 27 57 137 138 472 530 396 501 222 417 
3.034
12
375 559 61 325 106 149 32 23 309 341 62 310 
4.592
15
412 139 333 499 55 118 442 514 534 487 230 467 418 264 394 
1.872
9
306 11 400 401 529 81 461 148 525 
1.032
12
342 109 175 291 2 87 311 179 261 475 61 510 
1.517
10
377 157 385 546 515 314 68 164 472 533 
0.034
12
416 454 555 404 516 313 522 429 265 442 202 376 
0.633
12
174 214 544 84 281 251 375 248 274 546 153 466 
1.331
12
175 167 308 285 217 473 249 320 547 518 83 516 
4.613
14
329 444 238 28 205 21 342 232 319 397 513 35 86 168 
0.749
11
93 512 145 310 539 524 293 225 559 331 338 
1.808
14
85 37 413 147 26 59 356 507 366 123 269 442 21 502 
4.786
11
276 492 550 236 85 428 131 474 494 60 156 
2.191
10
182 96 140 227 515 443 36 107 510 26 
0.033
11
365 537 154 264 94 513 518 64 516 93 499 
2.109
14
431 165 526 442 118 362 217 302 400 339 4 16 189 450 
5.229
