32
6997 39019 54411 18264 19421 18285 11889 45419 57092 65379 21931 22201 20436 29562 2755 51759 19427 23698 59354 23588 29833 33163 26166 54095 65141 48462 6994 11627 42501 4123 24325 61507 
86.661
28
28255 12244 24859 18064 30441 61843 6243 40167 52866 5669 32323 47054 61960 48529 40173 7522 10101 73007 51967 46769 45500 37249 59459 74303 33348 2535 4216 35111 
93.66
40
43531 67320 21247 21047 12718 39601 71556 68575 32913 16666 66296 46305 17926 21258 69260 36067 6455 28051 9684 30253 30836 22642 25483 12975 30073 8126 62156 47580 65467 64432 22598 10363 44133 56070 12497 14694 32555 20919 39148 52146 
4.205
28
56105 73508 3612 38726 41235 63954 11822 28410 60193 1188 26791 50229 49768 61680 34516 46576 718 55715 44427 26286 31490 17106 21932 17255 31239 37266 2171 20518 
140.185
30
18664 12502 31774 71986 18113 37945 57470 7136 55126 36296 36360 25808 29797 68566 32531 69739 10284 71606 17220 60024 59076 32523 59040 17691 57921 8914 16049 65109 40078 68036 
109.107
37
51253 52587 13149 56284 9418 25657 31495 32326 62016 63018 25175 8073 18956 32059 38958 66683 59623 68389 5213 13838 39122 64910 66077 73064 4627 56472 18351 34805 57015 51486 68273 70041 72950 48810 31165 2982 5064 
105.185
30
14049 70180 61712 67994 52055 55071 9419 21086 39032 25148 72256 65797 65127 25243 60911 11343 33659 13600 28071 51496 39681 42219 59465 18409 10974 70208 69362 39080 12373 34418 
189.055
37
52822 29028 74209 4948 49188 72800 15541 62569 8663 16836 6733 62877 23645 38950 46170 48557 72234 23174 25917 24741 62885 53109 48293 24476 31207 59526 34000 61075 6796 51587 27014 70374 42974 64957 39761 12428 20829 
85.413
30
59812 25194 26270 21278 20632 67823 39090 25164 54262 69984 53796 39424 62991 6858 69810 23218 54920 64797 30097 5846 62321 33968 22581 52720 39980 5935 45002 20618 27453 43840 
150.52
33
20819 71123 9830 39022 64594 54393 70977 13836 3444 34182 33673 1205 7653 39616 67133 45419 48621 9999 49585 62670 69106 6360 48634 49200 10450 11735 7552 59638 22528 9664 74032 39485 69187 
153.153
30
7157 35821 25133 58548 27262 7984 56082 54978 21152 29287 41666 44078 52894 18326 35517 61947 15208 26551 59705 8908 57463 64478 6856 15067 53274 59960 5434 69493 8355 16587 
4.115
36
55328 64205 4986 1059 27440 15726 60908 7241 20378 62124 29546 33526 9565 33821 13280 70950 58626 65251 27963 22095 67049 27623 37309 28335 69730 68117 3791 13840 50759 37957 10785 39726 26672 25842 14901 42279 
111.866
33
29607 65782 34325 44921 23467 4982 63840 48742 8645 70235 18922 640 47588 9612 2936 31669 18814 19962 28234 56202 28476 57730 60956 26853 38077 37445 51827 4600 65519 59613 46607 26868 67698 
224.506
33
71476 57129 24801 17937 57319 30997 45673 60660 32651 66278 5156 63211 55155 35871 22429 14194 21649 46497 22809 18895 27139 44408 63299 73249 37104 40723 69458 69663 58249 19823 3558 7173 62930 
36.304
41
30014 27755 68743 61079 37614 13106 6147 16880 11922 27593 30719 44141 61321 14715 21166 5474 10554 64369 30970 70466 35148 41915 24819 50449 3058 53981 47479 21883 17741 42739 69138 9438 4645 38566 50579 9622 36621 40120 680 7799 19266 
99.038
34
3522 42655 18393 44215 22787 48759 210 69097 38203 38539 43968 48489 33627 63186 5091 57405 34021 21808 9656 12901 16972 45237 14135 57112 23851 44797 70297 71284 39025 21626 22850 24055 10373 70770 
72.642
29
55410 25184 65771 69277 49316 50205 47335 26523 19198 64432 42559 3207 128 20255 51435 67477 62360 46422 58285 29462 38342 12602 40861 5279 13595 5999 25059 2401 30301 
67.294
28
3073 19232 44215 64266 55462 12091 24246 51874 52182 38674 57558 49698 4012 18761 20478 1629 53315 9425 50872 6596 1684 67150 3807 20669 66991 73480 56397 60293 
65.928
29
36381 66153 45675 64000 33913 65201 52700 3505 3289 68440 66879 25487 47880 4330 43440 38101 73041 61106 58571 11181 36992 43632 69884 48136 5008 48000 19844 8656 29376 
38.134
49
20404 19408 69140 55736 34286 72118 30360 33515 20711 32573 9317 47484 8948 8824 44254 7364 33779 10761 16028 25282 69297 26433 33190 65602 69120 40179 16651 7718 10837 21199 27121 73934 45035 74485 10412 7331 64705 7678 12703 32711 48559 25611 61736 7413 43250 61870 60734 3515 66009 
375.91
31
63324 52704 58891 32450 7349 46274 48574 18486 19259 38511 37997 49540 60224 60110 57762 42305 43016 275 10932 8980 6323 40040 1766 55874 62870 57654 28289 19738 20706 22440 58176 
193.835
38
57830 15963 27867 18732 30140 37739 30095 53239 46922 56026 41445 10135 29226 55057 17669 20108 21282 37064 63502 28090 65728 61 42696 49630 55558 59382 23996 66875 34101 46563 19051 10529 3285 71192 15825 60142 15078 34413 
168.127
24
44833 24981 57924 16589 53728 9821 17712 64486 49800 38478 37186 13099 64031 19467 7783 29345 46012 25025 2119 20745 37198 25691 17982 19771 
62.898
36
18659 18244 754 7974 22120 112 69118 46436 1782 68829 60654 61968 55396 30106 8689 14268 55956 36273 35286 9565 42403 40929 32506 41815 5373 55659 37668 53044 69897 18669 24924 32548 40095 18779 1659 15490 
228.456
27
8147 37177 16445 25434 57779 64888 52595 67195 39205 59948 47704 38563 13495 15641 25956 51832 33551 7807 27702 55534 28257 65683 33304 13041 27806 54329 60455 
90.578
34
20403 55675 45325 47404 42855 31971 10318 24845 66682 11062 62985 5447 49181 66642 10857 63751 63606 48672 62327 74043 28714 19147 29380 504 34867 55488 29056 65190 69674 23883 37929 49072 8511 16159 
153.55
33
5405 61954 51464 69060 10157 9604 50068 29067 73346 10247 54361 15574 17699 68684 35046 16716 46557 67686 32890 47790 44890 28486 45072 44708 22105 13041 72190 11262 25634 71160 67109 6923 53906 
39.518
39
71893 6537 68321 6427 9994 56798 37674 48932 3876 5952 65909 15273 29124 49784 18745 5017 57172 34797 19415 58719 37638 50437 61096 11424 37365 18531 10532 40426 41494 10551 39385 8043 69680 62604 24363 67663 27068 3112 32595 
127.946
31
71258 34414 16707 268 67177 48002 37399 35978 19770 12484 17230 24256 14036 6591 25631 30342 1621 17042 16301 57153 38978 10610 44352 9094 72194 32602 16719 2684 24151 10105 56989 
46.142
24
2130 65237 33683 69265 64638 5757 30806 2939 57982 35256 58896 32722 44936 22100 25162 19863 33763 41662 74169 53153 35058 72990 26422 44974 
83.15
32
26818 48473 37141 45182 47993 16224 35606 4562 15251 45637 45313 54344 3107 18775 69245 24661 60674 18712 14453 74066 37482 6629 36834 73258 3258 16049 45255 3231 41018 49344 17577 43611 
90.634
28
42847 38439 61803 62413 13011 50640 54615 589 40581 33553 23632 17987 21982 14872 68105 45484 56694 36887 5706 69598 36337 14668 61519 43203 13376 28546 12190 25592 
67.34
37
3779 2363 54533 35561 42188 73745 42535 16321 9830 30545 13896 44159 36297 7735 42804 69917 57696 25654 25082 37601 39272 54791 19360 59702 43458 23263 29345 60136 39651 28735 64267 11776 36300 58541 62084 2412 55344 
181.847
35
64003 13541 66366 13182 63870 29572 2643 51928 15779 37517 37310 2218 40874 24120 55089 42346 26946 2227 51875 24053 61079 27459 70962 56588 60979 47536 45539 63556 12174 6418 3896 25874 22502 7883 25160 
121.3
26
5265 63401 23965 24055 23572 58476 37096 66430 51726 48336 16029 69155 25663 17653 17588 23363 25880 59175 68392 10689 29231 54811 66315 26723 4047 5542 
98.711
36
2030 47483 28016 52263 63719 62570 38494 58714 148 25775 69468 38686 31687 33258 3011 70608 5450 15645 70192 71147 4426 64398 17325 6857 74467 11560 52647 67565 17043 70445 2671 35068 72261 16140 19463 57860 
305.923
36
57014 63946 51368 16178 48126 7239 50812 42623 1539 70353 38703 6934 39167 11655 73689 13372 40511 412 11464 15863 26303 34665 52714 41982 23779 45702 44756 21182 11208 58758 57374 28121 13639 28510 17232 24547 
138.462
30
26398 9697 17769 7877 17515 23006 47361 27691 6551 34446 28537 49643 30523 22591 18153 14628 15634 59903 37240 67731 58415 58762 14880 19973 7883 47286 14551 68401 20137 56681 
76.109
33
69902 54689 8730 20806 28417 63994 72639 53683 2073 57086 24438 69461 20930 26265 40328 20684 67157 69010 11015 37389 27066 55586 30930 67797 10377 24710 44568 30598 69876 42081 54970 20584 21094 
162.037
33
68046 72603 11237 60333 10197 31904 28477 23310 33901 31739 65315 49668 65349 31003 65759 66728 46434 59968 74158 54215 45224 16361 50381 21388 56696 56314 72126 27533 65682 5405 31476 14839 60772 
101.042
25
49680 23736 1036 12659 49153 54139 4864 63139 9001 34835 59616 8159 68483 22121 6624 44421 25603 68642 1248 13317 39254 46618 44688 2049 47904 
107.36
31
33964 1490 42333 60023 2538 44441 51239 71093 54914 37945 4295 10913 11279 52245 11397 45998 39708 15562 57570 59426 35308 44281 30795 64026 57508 42722 2452 72040 54028 13916 54335 
101.514
29
63576 8682 35685 48727 34195 51472 3845 33711 40557 19559 59270 39903 69429 73547 6640 5336 68469 20088 33767 11807 6267 54712 27396 35505 37717 23344 9595 25617 63062 
155.984
34
51986 17455 11679 47542 69903 6536 57275 14653 54864 1255 67628 39834 53082 58722 11347 23052 20100 22587 72643 54512 28815 34043 57170 43480 16341 59414 38792 35163 39587 28362 13839 73071 17462 73556 
299.544
34
46298 44257 47334 38923 34645 33051 72432 52889 70434 48223 63523 52101 71619 73633 67512 64341 8743 49057 7699 40288 7208 65280 53027 40253 10677 43925 46648 14668 58974 18012 30988 65729 12577 9567 
4.03
38
44916 61717 56386 46595 24616 33809 9505 63325 2656 67344 10091 13580 15528 6960 31010 49110 32503 66154 60741 73659 23252 30150 47986 12403 73835 67773 44436 8458 6217 19552 50288 32799 5569 61757 73886 62447 9033 30108 
179.868
27
21840 59789 61340 26143 36317 7843 59569 56741 1657 39240 57268 33936 36736 63635 19852 63185 519 62346 40272 20636 28986 28969 18640 59201 52886 1505 70034 
89.598
32
49707 21186 4744 36037 45880 37312 16921 15464 50818 10515 61380 72367 38185 14100 72041 49747 16985 33655 57284 37592 32302 59655 35571 45854 1547 9462 26006 72049 1278 33231 12369 59189 
264.421
33
50699 27868 56334 47538 8146 42595 3065 65453 33263 5473 40227 40245 12351 12950 38711 6622 62706 71230 52274 49766 74325 27811 53446 65991 63419 18431 17158 229 59595 47070 28513 48282 74001 
75.025
36
73035 45066 60547 51123 61492 71037 16738 385 47697 60046 69486 69282 29616 44279 3307 14425 33533 34743 4367 42352 1454 63498 38268 67964 5535 44879 72841 44138 6625 56113 31926 57566 9495 51007 16191 60740 
82.044
29
17082 43112 10098 18961 21627 50588 24191 72541 27074 66595 26845 40254 67952 28448 3413 72285 61068 64954 54399 67038 31632 69331 26755 35263 18010 51316 21316 6641 70679 
17.289
36
64433 1286 37329 21273 44308 14653 4699 63070 15412 10531 28747 58527 56194 68303 50331 66522 30522 48058 49746 10431 49900 8643 31561 69374 8618 69791 17574 66137 51127 61409 31387 17691 48617 43796 53694 56734 
57.233
35
29652 66355 46084 45716 52563 11209 16681 65383 16179 32497 12959 32067 59028 28653 20705 11181 37097 11640 25069 43904 33494 67505 3723 34506 48717 72171 51769 32644 13407 13715 28370 2350 50480 39826 58676 
235.08
38
25129 18773 72907 25783 34729 66232 74279 24275 68810 71476 39813 16185 74136 59152 23436 25196 2015 72954 49209 9089 41740 28272 20445 31593 14406 53412 69328 55209 5964 45720 23849 30028 18063 9385 40752 26388 973 64451 
243.75
42
71903 67816 7309 27871 29279 73434 20231 71210 25180 67593 16616 32638 18124 36625 6059 28335 11004 46577 21614 73812 72677 35797 42319 43461 51394 15386 73464 68514 54682 13193 14397 12428 61480 46897 41979 13500 32759 10811 66798 40116 3447 57594 
115.731
25
49296 65947 17442 5025 6299 60971 65576 5574 15413 3803 29393 29715 33311 29765 69664 35639 16179 52987 64523 7755 20427 14119 12512 21323 63266 
118.662
26
45933 62526 58387 9169 70693 23735 58194 56791 67305 59281 45836 73015 54920 9693 1199 25842 37092 51108 53817 26872 69425 60146 21885 26994 3716 69468 
242.418
30
21439 3720 73875 51190 40954 72750 14630 6940 37257 14608 1950 59452 55233 9617 73192 59837 19174 70300 67413 1726 71596 7503 22727 19734 50346 66238 35712 38879 50584 71553 
51.699
33
27157 817 18104 39162 67860 15642 30938 73654 54361 52483 58559 28949 52576 29029 4031 6221 25597 34689 74075 56090 6721 38497 34871 40295 69255 48448 4660 55028 67292 52205 15760 28080 70870 
94.38
30
5782 66048 10772 5856 33942 4505 48913 34792 16250 14676 5053 14746 34911 40976 49574 10572 5293 17042 55915 1090 731 51308 74315 33411 48221 15178 18551 28300 47539 59224 
122.264
38
2155 44362 2622 72586 62041 27250 38791 55271 15904 46123 51685 64753 58003 56998 52636 61830 4062 14787 28988 30369 42498 34590 64056 5589 64043 35894 53212 16281 54732 49504 33029 29526 51081 33392 73132 67557 30785 60081 
118.508
31
2489 14498 39146 5337 43173 10719 1069 74100 59899 59096 50009 55410 52134 20636 59890 7555 29191 38614 18965 43475 65686 9345 8496 51609 58643 6960 35209 28838 63470 2301 53338 
73.588
37
59879 38525 32832 24496 4104 63687 5680 17099 20393 73004 73840 56682 44699 67009 6223 38592 42811 14368 27462 48275 11168 32008 14353 61004 31226 42676 20882 27672 11063 57794 73180 41772 66651 39420 65064 49143 54249 
148.691
25
68571 23478 31174 35278 68874 64886 43860 9172 25533 51057 16013 34794 51320 31098 57351 11727 14666 21583 6199 39308 5145 3595 28618 989 34548 
95.443
28
13423 39792 31037 61706 1124 14770 11152 20160 18825 4962 17956 40531 58026 60370 59721 12960 31315 3862 23498 44692 53210 4641 52927 7358 9189 33151 4558 4843 
36.25
28
11969 32786 65889 1475 14509 61490 58982 10480 6711 58796 21181 41964 50906 24853 53493 41985 23369 634 14759 19647 13298 42006 55539 26692 40274 20609 4096 27855 
82.592
34
58288 94 3769 67464 69095 62251 44202 16283 41845 44743 65985 24743 71648 62524 5058 24767 27692 33366 9423 56963 13310 30219 16929 28272 42147 29142 36043 48636 25158 35118 34308 59101 40312 47151 
97.755
30
31753 51693 24385 27098 66101 67856 29159 34508 44857 34854 55588 35437 25438 58736 52824 256 48314 21904 9184 65731 28121 2727 16394 36172 64596 7110 69393 45797 56765 16818 
71.159
33
55805 51895 27009 10393 28012 49517 37039 70589 10182 51189 36049 44400 25759 53111 19048 34301 38476 7034 59639 63958 26573 69958 29844 21942 3259 71499 4 29095 50945 6739 56785 36220 29752 
4.185
33
14549 3366 14470 16928 36278 67588 53874 65766 5708 73180 68104 29219 69772 65314 64328 60582 68311 42481 16299 4810 63543 64829 13193 70757 53887 25022 68803 52591 25004 36861 61871 19457 51925 
137.219
34
21034 40373 33285 68658 68479 19773 2994 13156 15407 17783 6947 59574 47868 36739 4591 6461 72274 8810 3637 57976 29791 42421 796 73396 52449 47299 50527 61827 46545 62977 8740 41901 15179 23113 
163.311
31
9117 56794 49481 34382 7419 49118 11218 30655 63747 30643 56207 28104 21718 13445 17259 5273 56094 58088 39588 16436 43411 23706 21964 72050 2040 3489 16000 56241 57651 36173 43604 
86.324
27
16834 17994 69587 34754 20835 32668 4123 69454 48066 4688 33566 64880 38646 60035 51477 65897 26204 21221 59165 55688 26188 5381 22620 43835 59023 18103 24442 
200.38
25
10556 69960 9560 20424 12952 70300 67039 22439 27068 63706 3894 47643 32831 47611 34559 39888 64212 54128 7229 51353 72771 36281 48558 21177 27149 
184.954
37
12167 61031 35383 48112 36809 23228 43697 17365 6388 21491 35636 67526 51659 10666 7672 52859 22186 8384 64324 72846 61258 6070 8908 49144 10489 26176 11736 1585 16193 62907 6422 73679 11560 4843 47595 20967 26525 
142.476
28
61865 68358 4791 62473 947 35932 18621 60659 69839 51491 23339 51676 69469 35099 2149 59879 2538 26614 63115 40701 7563 24014 5136 63489 39081 44473 18178 34325 
111.062
35
65885 43358 14871 8877 68189 34506 4686 14887 61936 6907 27316 8504 58993 4763 21567 1644 12015 43904 38995 63096 57182 27529 69381 23641 27862 10158 17847 55618 52844 44495 53867 73562 67536 17712 55984 
32.929
31
48963 61729 40090 73124 8292 47507 58451 16664 49266 63095 15791 2097 71736 21996 47927 47725 9308 57914 46788 29602 61719 20257 63551 49121 3426 26318 66825 30386 64200 528 29638 
48.064
27
30143 74232 56677 21129 44467 58105 53064 70116 19960 26085 54231 56493 51493 10688 50320 50676 70545 24325 36313 72498 28653 41286 46674 17369 48518 26964 36088 
93.814
27
59963 59219 69694 31253 60842 32580 61641 30853 58061 32751 22090 49649 29428 66776 3550 53861 17250 73278 33516 46369 64906 54004 64365 4701 36490 20983 28307 
204.244
25
61275 12872 71193 26308 37141 17804 32881 1132 36717 48596 36512 63228 35002 49631 21240 36720 8062 47995 40697 40848 17225 393 46494 25013 62040 
97.349
30
40438 53177 14866 68681 30627 65230 48622 43137 26842 62721 21754 64063 1192 12981 44386 59134 67451 44782 17720 33969 72040 23956 68496 59578 59357 23653 21044 21275 142 17194 
181.534
32
58438 28428 28358 41226 23700 40579 49035 4776 28418 63942 74430 60583 14845 60927 23502 185 65306 53082 1699 13626 19752 37905 61582 40698 33182 7020 213 52583 20234 61882 10739 69242 
77.736
32
70634 10579 4807 50699 695 63702 42116 61926 58705 23253 18940 21770 67781 64441 62794 35359 67830 14095 166 969 29975 8180 17245 8090 31923 10775 43400 39012 64738 8046 3616 36012 
78.873
32
2346 2537 31786 6027 29190 26618 40347 6214 63271 59114 41697 54868 72262 4321 53203 35462 52500 23316 38303 23287 53043 41311 35974 25340 43691 25824 39423 19237 60032 5602 24706 39290 
77.453
29
21728 29908 13021 9742 32886 34334 74390 35242 47180 33837 15363 51790 40898 5045 8988 28311 11177 68134 56535 42485 37456 3539 52555 54550 47747 39417 7906 21644 54798 
47.467
35
19319 56813 19526 14922 17875 22615 10216 71179 65222 62685 68812 11672 16172 6572 3278 4855 43522 70271 72321 59991 8668 33959 73251 45783 72931 11242 42891 53184 21444 60548 68165 4938 71218 15595 32624 
144.833
39
22310 65798 10999 73784 72600 27563 66835 60154 40792 41627 39933 63185 65558 8259 24040 22119 66177 69849 34356 5525 15568 58253 71306 73027 1823 50846 37192 41912 34793 5503 27711 4289 46422 3186 42886 69740 53222 38911 60021 
113.805
31
36444 4960 20589 53095 32554 57981 44409 49099 68589 2477 5630 24658 16869 44842 60469 7401 34928 5444 36362 31932 33973 59190 39790 65633 63526 41036 4316 18825 3466 2472 4750 
4.21
39
40686 67116 27685 68642 38617 34526 51521 57234 18994 39332 63552 66740 52468 33935 21017 23498 36748 55179 2797 8467 16213 6109 18793 611 14738 32443 25167 13156 13653 1845 4643 58329 71315 44806 10629 53594 61044 68052 69444 
163.13
28
31917 10295 10894 57190 14631 50612 51972 30106 45582 41508 31376 67043 1098 14990 68540 7854 40658 47787 14921 21518 5534 71134 20482 67436 56416 61234 43707 65079 
110.159
34
44408 60936 24223 3097 219 64074 37039 36133 45104 62549 52478 71568 11687 4459 7506 60007 33207 59808 22277 5602 22763 22466 35754 43299 49704 16744 33650 45922 6022 8356 31595 40527 12185 59811 
124.773
30
70041 45622 6405 47526 54963 24040 50740 2324 13524 44157 40369 21141 41429 5750 74413 65456 22321 12931 60390 43194 64184 14061 6526 16486 25455 42980 13787 26458 37270 66683 
93.351
30
67106 6214 2844 41620 26267 53624 14707 52249 70556 32758 68404 74366 47081 53191 20204 49756 37190 36963 73504 26787 61931 4825 16713 47958 24090 46691 26833 3151 12661 35157 
29.272
34
51569 21546 7432 16052 5334 44661 57701 35445 38002 65369 66255 53440 37883 73984 60684 38936 60904 40624 18951 13851 58415 52564 10199 54913 27553 36163 5778 7918 9018 41409 68063 68135 10779 53767 
127.933
34
15488 13210 8595 58199 46557 55926 43642 43703 15283 39712 7487 16355 5392 69049 21110 28095 19797 30253 73975 24242 14516 50296 66538 42768 18595 68835 9551 47889 44049 24129 17797 63874 1633 59912 
131.13
30
55159 64165 67336 46195 63173 30985 15951 30658 32585 17823 21328 55063 56186 28700 48231 37465 26343 47783 69262 71510 43253 47260 44655 65939 6301 50776 17783 45310 5078 57330 
318.802
35
38942 12972 31022 66618 64734 11205 22520 1193 55347 11233 13014 48660 62015 31530 69879 42211 5025 167 6384 45568 9710 6263 16956 66846 50038 30772 61537 5833 37060 58276 2949 22073 18122 5781 65478 
145.401
32
10589 4748 7013 59071 22463 73527 10896 40799 70955 33528 46653 37695 68684 8763 20899 43964 48495 8710 19054 9642 42602 66379 72552 30077 64970 8248 2904 4704 49493 10830 244 10578 
221.79
36
61049 38515 71244 39336 19265 12452 47520 249 28773 34867 68313 46736 2005 6320 13231 44645 2253 15197 55918 36973 39297 17881 27377 32036 17609 67276 54441 46307 10382 63262 28299 7101 10269 60119 2459 13119 
94.001
