56
392945 453219 335879 634586 626054 574529 429833 294656 735582 600554 311270 405872 150542 221062 279634 36257 674151 726229 730581 83937 246978 613576 484670 509539 622080 404277 317585 668107 267502 165590 623216 365373 380971 120865 218254 207235 290295 148128 345886 261574 139404 93107 432678 423228 417952 366313 116924 627060 711204 237761 718507 724698 636079 417550 31262 717445 
784.763
47
534570 626723 332202 38497 543743 576909 718220 488432 477249 118708 614973 52830 79052 516137 651659 413346 706152 641523 77200 180860 339313 458640 608678 439201 385838 209068 446807 641681 471623 583840 237501 419308 210654 233474 235954 555337 732142 183555 27810 582149 388589 364725 408010 694742 611422 63886 743383 
615.41
62
727565 437812 61272 12289 607207 733902 346947 51849 290068 544825 81757 170531 695115 493542 531729 42161 701105 731887 686282 401589 280828 521510 300416 110714 485120 135205 684607 113475 584039 121240 557173 170865 40514 335744 315381 453375 332192 348344 605775 156480 90363 409540 701311 508293 305678 614756 573286 629429 700628 46339 45603 34924 71456 29417 190565 297400 131980 281453 432371 109526 36419 250716 
1242.99
64
255457 738011 500163 609520 100345 569147 549747 739060 553277 659480 189047 147931 453483 443270 207477 115355 129720 192561 36503 425398 14777 229428 743934 647696 577513 98507 225268 147844 623717 390881 119869 556869 364068 276692 261029 578266 677502 618002 413090 485084 116207 484363 338386 256184 30840 437024 108670 114802 462248 1838 661969 174917 218592 702897 395397 266940 574361 535512 354589 525664 238848 151570 59398 507410 
930.834
53
121193 462266 74860 367314 655458 448186 442031 289475 1767 460243 378565 614625 242284 439128 728970 112213 437469 332351 188927 233269 375480 555155 602288 337000 632154 582856 400310 280877 383191 162117 638945 272803 575450 264812 732363 4734 339884 596198 90018 680017 244031 555514 52245 403694 625828 215578 185959 515005 173606 50792 396629 102789 565257 
783.485
49
55414 343824 198699 244433 36965 398419 183942 406541 596138 176107 530258 350101 698065 710425 124358 233483 596463 275037 117852 47190 531039 452935 458149 312332 280690 80706 280574 665280 249149 264177 521845 186826 349068 46242 120067 719970 24262 595826 58680 52802 47632 615244 4685 132805 131635 305150 164694 260906 595601 
1035.47
61
552393 568340 393118 717523 177126 531927 596174 447452 727897 38737 451523 442203 480966 259660 692067 119989 297086 612566 510833 521696 156445 353424 85727 487408 565222 664963 345182 262826 228054 172493 218040 247988 731984 602438 561827 243007 189702 468757 679718 393185 322018 283756 576652 119110 549717 691307 189447 172769 126691 58482 709033 529034 565642 258920 38327 315264 586257 199724 396403 122801 217285 
827.399
61
299252 180639 438723 404471 229532 197031 319085 688925 662318 93193 11197 577860 738871 437479 710773 656433 616610 273610 95943 490991 471468 14048 483871 311445 554871 596160 607374 248725 643439 243033 389412 577317 549160 594712 736958 23844 278458 298286 274798 151226 163457 65996 73867 71246 79508 277777 316276 696317 404052 374709 339061 731530 463259 512224 427300 701595 431209 88761 411425 234596 359041 
869.962
54
44259 651936 540196 731667 722642 623126 386941 83056 666123 717557 613185 621825 732733 715737 97663 620032 383049 532301 738445 465522 35502 182278 11263 728829 239247 497446 574686 652236 113344 376364 679698 228104 563730 79745 368035 365525 619143 196964 572260 685040 155863 56978 295185 167837 242751 603246 3268 490785 247824 616532 52630 668446 185989 210244 
605.195
58
570433 617988 370406 26359 5787 398315 483926 542268 431083 553716 68388 285321 45962 117068 580247 687777 370731 674138 438414 517459 382798 543273 81831 664261 20473 148684 97624 46109 739566 641376 664470 596637 620504 308968 640613 78879 618796 494304 455333 737825 43402 656059 142443 718180 310163 628897 48657 42611 387741 484311 214686 500975 495333 583527 455714 205281 46814 698772 
924.503
47
189981 715042 529864 119980 285197 331934 598300 329924 39340 219850 247166 109902 358883 558565 53264 619360 254721 59625 696283 159849 606845 127435 417108 177609 361027 279092 104768 448809 602717 393232 149268 433217 388049 591712 661571 281840 656466 150988 139871 693053 398429 197832 78996 537435 203601 90863 170843 
795.275
51
681247 120216 521018 71454 95483 553667 246488 366884 525252 567480 500909 601273 680213 180738 27271 50794 651535 666395 220991 383300 630126 680838 67510 386220 713332 692108 405110 294605 376994 523277 600467 37929 690854 609203 667241 382099 214372 429435 414143 300522 534975 128870 81140 112711 545676 42433 295570 625164 173183 176135 723161 
339.371
50
304122 87168 165457 134084 713547 193340 231144 553425 55726 398151 564614 561406 407487 254536 171645 334654 734605 444313 312534 122177 618058 94494 509328 336995 548847 501741 192424 138177 81053 256706 8598 385519 149930 269291 230598 401509 5375 152843 397419 571465 441891 588229 633814 79536 616897 661127 434422 348177 69289 715400 
1098.13
50
600232 501852 604825 188190 734031 170050 162824 141273 156138 422413 737571 197946 553362 47341 679491 329263 631545 525492 334168 543299 520746 526734 305542 334500 187667 12324 441699 682959 408964 445485 662514 499771 290445 548229 549710 720 406074 31928 464099 277739 700548 81197 165120 670603 211047 198540 260470 213424 6822 325104 
762.584
45
100734 61097 702538 60128 18431 660370 132633 526286 46918 78528 719563 268994 253638 455714 649945 145113 469039 721268 94053 429326 392109 267962 537971 34963 245720 247019 425988 134736 523945 712065 172121 254139 381965 531650 259257 525117 213770 545939 451916 204446 604177 234916 343899 16377 79531 
713.764
46
732443 724831 19845 166586 202383 394427 549262 508993 444924 614357 504871 611392 253707 293721 279998 733687 51341 471295 214769 457046 91589 312326 295161 559855 615285 115441 65805 669054 610825 739257 60680 630309 718368 12673 172881 199822 336494 528144 666694 244556 388098 628894 247174 304707 99556 687722 
656.619
63
257928 727342 449824 632540 407769 689828 514707 333192 518258 336348 734198 666242 308622 361487 142072 109789 431466 502375 321530 591644 493956 346518 399333 245668 644405 246885 380208 505591 404443 272809 415676 251652 17920 153916 193403 315223 542332 390275 255616 29048 390670 335102 413110 597779 109802 717523 717841 220815 726033 409418 169327 367070 735845 462932 230500 363311 96417 427188 581347 480364 556130 90192 619036 
683.583
54
272141 273196 270500 215171 127510 277553 576732 264234 505613 509328 250875 349984 46455 7801 667723 400956 68191 378577 415169 480048 536633 714069 171968 726936 220423 689217 181973 300745 594833 415779 648959 419692 73964 138522 464534 481551 301206 257669 380172 50646 223773 656110 342519 736773 626524 501449 355950 625800 397036 717753 576090 183299 64260 197192 
799.182
52
396468 672517 710771 410854 740178 205659 641281 586682 461876 468045 417482 513085 475026 501061 474813 470772 108805 711995 504120 182011 148023 659084 1847 487082 604677 376806 2715 279742 183734 660806 702866 413191 739851 85833 52419 460027 341567 41747 84927 98427 213324 593119 68169 592613 194340 232217 157409 719302 423242 517530 132703 323559 
911.496
56
259070 231218 445750 30518 479229 616764 519660 467751 75576 158993 452892 9689 613751 172243 566653 547409 700381 297023 298160 545449 430543 656319 581309 136499 135720 627899 577536 241162 335989 391182 358451 159866 598557 11443 25421 674621 36688 273665 23394 720563 311854 554534 18288 698793 145965 667575 128223 355472 371985 255111 171498 575862 61958 217264 208519 629249 
851.937
66
663431 681909 616126 105995 178633 664791 178437 91889 418701 567249 188204 220960 559934 405513 620424 496609 349322 393261 254321 48466 322407 7046 531100 90322 495598 661758 347801 572083 375303 358614 100051 729538 657524 477348 390036 627131 505450 683869 653840 467681 190608 117805 269122 232549 51497 295327 359167 12922 641447 440926 143019 559382 568645 475071 604938 30335 604582 51731 98083 243175 218703 521673 124816 263954 178168 612637 
1143.34
51
696664 547081 460917 702612 712113 298035 709746 18614 684440 600819 528863 118229 181895 25861 297348 8497 541913 332588 363547 699159 108744 271035 653431 236155 34360 397678 532012 32782 516603 35472 51563 465326 246936 486793 107787 389149 476782 702905 380737 575219 81757 164653 236974 440055 693538 649070 532960 129642 405482 108598 453362 
830.166
47
187254 16268 530789 232619 341114 55012 720736 20918 127921 243549 319525 120201 236488 350594 599065 398039 242983 511836 108937 128516 711756 13687 191190 110166 21049 41166 559973 634350 96144 224330 380200 78315 75489 627009 611810 1492 45192 652458 260331 149093 334906 640977 547011 219313 75266 234822 551405 
440.531
44
399911 8443 308169 56900 567575 730143 722480 421295 293289 707511 588273 233475 544707 438212 48877 12223 292882 488814 582054 548461 213393 345600 125194 20708 446602 401079 504449 122706 257556 486875 531016 592553 608914 6583 57750 187349 85539 227438 591695 237833 4042 443494 64555 122608 
655.463
52
662127 476444 191616 705955 507632 205469 13587 412179 694876 249189 233595 174528 328569 346790 66358 595771 392761 498982 74022 673718 485902 352516 385036 289120 503334 529505 357204 514302 156983 410152 589934 722894 222626 661946 242267 733809 348855 640428 57025 728258 715992 653818 228525 382554 582281 113760 355018 140089 380188 273762 39886 592337 
1287.74
48
8829 643746 539927 242432 193750 685542 697247 283106 729934 591091 93710 457672 577206 225601 620176 690813 264189 601401 486809 429553 297969 57458 10820 148744 638279 698926 283777 358614 360150 281992 160890 164961 497867 366164 611503 693429 690688 380329 93532 668986 130719 291193 527642 703140 284693 464785 90052 501297 
740.885
48
33326 324370 144217 522698 35962 482980 713181 197083 329365 233122 258877 524733 615423 666862 368361 672039 300204 545135 362010 478107 470317 482952 661509 744595 204010 263630 105542 543850 216288 687294 417715 166617 605563 532245 333383 670423 373273 284716 477072 242468 334858 442051 553598 138416 54360 628965 624161 637990 
823.209
56
508052 456898 702504 530796 643691 711088 512413 533442 736494 177854 142127 426159 262483 644317 258479 458153 607781 744496 78715 398171 717695 58932 688682 481057 440212 502475 210556 418080 640542 238638 193794 98009 553137 639792 283418 513806 15577 420323 514443 452880 500857 303766 457373 81805 175207 521773 221227 281782 683843 381548 424749 303529 12575 364957 4112 119401 
685.474
56
220827 167337 395051 149720 142957 314832 663418 665789 327839 206234 479980 521611 54220 28736 549028 490555 263866 316259 504788 308085 528384 565953 112556 92692 661483 246214 647312 496961 88632 521655 119829 639818 528268 330243 397625 237974 744292 370115 497520 570089 589854 561637 682305 456919 469559 619635 412144 566204 134427 367462 696841 37349 532127 465292 52909 71844 
1554.72
41
546972 255465 122629 186684 632809 307068 42494 191513 522221 651552 527378 457193 295913 675477 224083 32479 260725 255893 143142 21499 20729 483265 449861 592267 612571 230028 720603 195260 25821 661915 431695 11071 11762 364169 98578 223117 185755 538097 589054 57379 250870 
504.429
46
170699 662190 92811 9781 461255 734054 555135 261425 376292 547902 36384 722761 704166 10642 326912 447432 118510 205598 661969 703204 154467 420058 137583 380700 625590 414962 607067 662479 184150 297149 244754 430081 559305 330124 289668 460423 13068 342428 477915 54124 471495 71703 214743 99427 14147 738071 
659.348
42
737235 464416 713767 628864 391836 460646 416929 507384 499988 565651 9472 510399 47721 407571 408967 305769 371302 309692 455929 250680 236635 148888 229393 399195 340989 467208 253905 31914 286174 146335 551348 260656 152070 608534 399406 194500 281300 681629 133783 675677 197042 640538 
185.109
66
63726 656939 119349 240740 580039 445518 522213 602513 425161 389145 249826 352742 210047 246242 118877 439200 121358 53373 103235 441252 703320 343502 461014 717460 603549 15397 227663 711564 251354 4807 515396 611194 337464 644719 97928 517489 628668 64041 178805 219228 230604 454840 379955 91436 278811 96223 703191 455970 56134 345212 708369 114942 360143 545934 37862 258247 102900 517977 330358 88026 495251 599500 96746 571892 26909 738906 
689.088
51
99527 62524 425340 131106 282099 548141 390080 355724 483782 530828 735763 550554 336761 254565 432685 376129 18209 626795 82043 336908 291404 591549 471877 598683 288766 16411 56444 26532 410885 499418 649720 468715 369738 73426 182040 115923 477164 494232 273468 40769 298717 722276 296429 574331 201698 641788 208151 463624 197511 16525 587915 
674.427
57
82518 236321 36154 345033 224720 141948 113731 644194 690932 694186 26620 299755 617253 461653 291338 136502 293114 205126 427567 650882 689495 618189 490192 587262 82147 9264 445690 738822 267705 678530 254780 280781 360934 119198 634881 55558 361876 411297 205957 214154 19937 633495 20832 201014 339164 139118 376670 457501 222686 515089 690836 31684 272061 535273 518670 181101 625554 
704.154
56
640498 263381 20155 530908 371908 480627 426465 364579 714346 85665 194330 415140 409186 463642 643064 472349 452040 734709 217540 484822 153133 578810 182030 310745 461872 480177 434718 196388 651335 586672 600499 113798 523267 172204 634871 370940 431228 38971 166137 390523 326733 172232 294770 455341 421014 87678 585802 543331 549532 696154 374528 40513 64380 184498 28945 703471 
1104.33
48
224915 64375 590057 181114 466421 115692 225406 77756 189077 422954 99023 723963 108799 91277 466150 603564 208824 94973 196299 590256 357880 693047 31881 211889 192386 137015 564110 199153 559748 146835 73049 284899 70017 730739 113739 717582 359470 549462 256198 92346 386551 189415 640859 161348 83255 289473 25931 321304 
1042.89
55
709616 70261 317684 704589 17480 575865 635063 374141 538537 498005 570848 215747 77187 478910 644578 351473 408653 693444 20495 116229 277108 367658 104145 17161 258244 125813 446671 139800 716485 483396 536833 174989 15013 520024 326221 471827 482984 665280 205614 453424 296660 163086 286047 674744 131157 177537 657146 548032 496943 114922 425533 75438 83057 328511 742671 
861.014
48
323128 153857 262632 320237 539164 217219 744145 97205 496754 397539 253436 309463 493716 502853 711607 285620 357353 527395 17310 496 246770 213478 574030 492575 407200 182006 391207 321761 301856 533346 122842 3107 135784 34596 447773 333614 627193 242563 701990 395960 713590 454854 420465 734771 614043 84531 163702 685440 
728.86
47
401902 329290 681303 469568 448034 718544 97289 218802 153403 373806 490777 69873 562102 349582 402380 304337 37685 479377 605392 26206 70294 601226 17191 69675 76482 146570 485278 715359 684054 254992 97870 75411 81640 288989 654657 67873 207350 674632 279008 57019 536205 127276 9567 627458 491512 80661 284861 
1355.88
58
547384 693671 92560 652657 386835 46428 387870 593347 16838 531055 689591 654041 440089 654769 726310 96226 474421 41313 67016 96196 189580 733989 291603 390664 508290 285770 733924 379009 190503 664367 618331 656663 139444 579128 8424 6449 576725 357083 142336 636513 335254 217566 206507 471530 191197 600964 507623 368014 216908 568083 530374 5798 288148 472725 116618 737314 109220 395626 
1192.01
51
343499 258629 240701 654563 9704 426215 208180 270432 489182 313381 126832 73380 499409 622791 500866 676920 528214 687023 202058 308648 332192 298972 673983 140187 727160 394189 416318 18541 5670 64396 101954 67335 132162 217787 718816 695069 320290 243872 348808 554312 464104 391367 511460 71340 371995 267758 351460 85566 24022 300751 469442 
779.338
48
661468 552792 611423 606803 721761 344914 92629 463399 75912 598615 366594 58073 463111 88175 207977 125134 279841 741190 220470 271316 239366 402312 48628 288713 416832 433292 466184 100775 705870 167146 242710 104950 728304 206041 654794 24612 229397 192762 152114 81835 464493 342297 27151 536066 205175 266280 427918 601835 
450.877
43
48397 278884 518215 665426 654321 246188 601847 38286 530224 448505 319585 615116 392818 169680 329206 553940 111028 447434 531046 205964 488735 176940 408160 647637 32706 267797 621462 372166 4755 166595 704058 293621 321184 418423 577446 715441 103824 245582 280269 172581 41119 73321 565063 
345.006
46
518306 56782 39158 597991 300142 274644 213826 418090 201846 501505 596030 37556 253699 558758 248158 342347 439808 241317 594410 142455 320647 455373 445082 1842 489431 352438 511582 679635 300634 50214 157224 138802 273533 192277 348004 56327 341786 696007 424226 608857 193487 294715 386341 310300 4083 30930 
519.949
66
342638 181066 13336 432142 550478 523900 364847 213816 200293 85156 660717 338813 234930 395494 609787 619940 317288 152314 515046 683391 200005 200842 22685 623288 716946 451517 598235 503178 119555 737541 433553 162402 688814 607129 685181 567627 202298 621875 117613 711173 602996 480393 65966 721194 298757 218783 111282 632541 475436 282273 477758 702250 695863 29659 723918 219806 656494 183325 286454 479626 583729 374692 134901 680961 121731 490959 
1015.79
50
570655 114790 491444 378877 27965 474677 70427 674948 183405 443137 282722 649837 623239 53726 290642 362792 523729 692233 654554 6984 123536 289028 335845 601040 459059 350843 481706 269863 110563 658950 172221 664438 717134 211885 460509 472285 73684 494551 709257 732966 18041 221722 161997 288495 465276 46357 517803 57815 74185 544138 
600.407
45
685294 729235 632187 92389 59465 613005 72942 395044 697143 308945 315018 416241 82392 553191 412761 97238 491080 401614 696212 398599 128980 622443 306385 506905 26664 468371 613583 710086 716008 504012 471727 99712 715221 201456 334301 470780 339229 339104 261411 533676 264570 567987 60603 227452 513678 
768.427
47
504922 29840 523127 723912 454788 112229 37559 121751 433439 456009 141388 253134 35264 582118 428813 406933 736602 56940 488045 332830 76547 722170 570982 575027 456511 241820 346440 8446 600697 565774 3897 285398 592057 22828 102646 359598 452417 391744 341084 243798 727920 598359 382574 349647 75580 97907 332254 
950.272
50
8954 477366 77092 405250 619302 568144 493364 583764 18584 594295 225459 622170 271547 581110 62749 346236 227474 86535 408105 707471 704399 636871 453719 307788 151755 501468 405344 477292 572194 599131 713725 715571 285295 697399 560975 478572 163354 529585 523081 382082 504694 506068 413916 393682 6348 183241 458641 663456 51282 674592 
992.516
62
572251 367485 723427 111820 214294 613860 493438 679465 739048 628090 211668 43015 543436 75267 184859 18287 295574 338234 12242 292446 105084 100572 36319 373138 353713 194701 389481 94353 704441 306022 673144 261387 323497 316333 56530 392736 603556 356799 543674 706337 511960 323112 558059 506954 634044 143317 529993 359223 528714 206657 208632 266157 147348 651244 60461 669075 120010 727161 71526 267432 15092 392027 
833.975
50
3088 49779 382504 402122 81805 83833 626272 111329 311050 726733 520831 403383 327775 191906 632548 39786 227489 494913 441902 188103 305134 524472 550036 485631 112249 423596 196821 364689 75201 429188 159182 91028 64400 158733 19607 212384 548013 35720 659352 361477 478199 170154 681894 166447 196669 18736 184750 507514 27583 733747 
740.071
49
307982 480714 317334 394361 696043 306596 534930 736847 525616 652948 22127 656967 497548 244197 344038 151350 595230 313362 659707 456214 373698 543498 390165 303004 183508 524914 630632 682331 374544 341172 178322 352344 639022 607884 387907 382441 45925 273570 344770 667628 369690 318708 617337 743514 164078 579902 217862 182963 709574 
946.644
52
372530 51510 231032 8965 300468 315383 422193 406957 24040 690995 123496 323586 481994 320916 452501 584000 728704 470992 105260 199875 242171 114535 730188 288435 549943 464489 27902 266622 622109 45012 572425 319073 589257 461226 1284 523996 421603 606207 226017 343461 739421 111084 353948 310963 507320 308607 589655 246812 399121 339568 38397 662092 
927.683
56
193435 516799 57261 353231 300184 22516 186320 460480 8610 295395 484730 140580 293402 395758 738817 444144 88697 455812 684001 659973 591332 404958 738231 504572 524670 337074 26181 118067 538271 629422 502143 3172 240486 440118 664365 260277 374318 478714 53331 215764 525473 120860 505860 516048 376857 2164 620379 716638 600036 365904 569716 635288 621015 323063 558840 688670 
758.072
47
199265 698770 119352 34474 103366 688833 587620 611398 387509 62657 91857 442361 66896 477212 465067 376708 234115 279589 602282 40489 44972 169343 289014 672053 712012 304106 77033 63697 484838 61537 346623 625056 577302 10405 26064 398417 183527 492751 363940 231954 719160 619445 635950 394187 440189 95890 325756 
636.106
56
416116 571300 28159 683683 272145 487050 20404 306585 200097 392016 356668 350031 334238 643583 312066 340257 161838 29094 733979 373142 728309 193494 605870 79601 624661 102882 134300 279829 130994 519742 737724 298817 16369 171796 615013 341142 167102 219447 225668 138587 249353 465619 628972 164059 664073 41938 165989 9620 701420 396376 554925 278838 384676 475513 61080 550780 
796.485
48
733353 368604 375552 381696 113847 623824 689790 403617 166538 27434 600569 429063 226527 166647 411435 639857 91600 704536 654486 234123 609816 566567 336710 632284 134492 18840 663848 210047 184449 411296 649850 505396 584504 677533 130509 234918 317032 389647 117091 81680 226768 657791 642775 475046 560993 658034 495830 586954 
1244.78
58
289770 22423 270668 617216 677915 217710 94974 502063 33710 566556 379288 547297 349131 576210 243653 578394 249713 176855 573100 151252 635428 263839 325089 508210 425878 637433 66373 210971 537357 147219 610645 612709 347635 255291 50572 668648 534878 435972 31501 484922 453350 539153 476292 140792 473538 462288 401970 407426 155757 360337 285858 740832 463878 529738 383997 65554 214363 428573 
728.462
56
259564 633159 535548 21151 626045 222848 187494 662049 526515 281678 23807 604642 226249 740404 541155 656297 26070 467439 728451 339044 39465 91636 460505 403815 143654 335333 174548 516284 251522 311699 427917 536387 618504 641816 626892 532143 551050 728127 257125 308992 172333 281523 10962 596198 638763 126165 91738 638537 419228 241519 734960 317320 428784 279344 66388 296813 
821.7
47
19782 20795 682769 369353 676044 580158 387824 361088 503300 568660 144983 68203 678220 917 311737 349584 469583 510214 720588 320719 105050 189131 43022 664655 697101 30262 175730 632743 460608 353379 35517 102307 51372 509245 236129 210351 549294 117569 108028 267422 647766 613791 698628 502579 164973 79128 118979 
1044.31
52
414851 285637 458478 62991 5311 196612 13192 282433 668241 233879 232033 330985 120279 391549 10343 188677 284693 605847 337004 606082 119461 364738 138620 274251 714689 257739 96348 189773 518807 178778 24323 21946 552178 382230 27766 571748 192075 612828 452732 463290 104700 131609 188279 155854 196368 454205 13906 226518 614782 743657 236205 642149 
914.475
50
585753 152670 175952 631872 571602 734347 193100 222831 302747 124488 340588 422002 378029 294806 399275 500958 417785 492966 72097 320995 255587 548922 209591 334088 193178 617290 737063 585247 655649 271234 210159 575691 214675 584476 244643 463962 214296 715884 280906 574616 419012 332810 165757 285110 179241 169597 531181 515554 64886 556328 
1012.31
58
119324 251713 549989 272465 330987 625785 378449 64447 571898 380879 109599 585236 662355 93177 174739 15002 2893 305467 495801 495886 454413 261477 517106 147570 390624 196159 17921 181155 186141 230048 399872 88931 96463 540186 251006 250988 612989 88853 525988 397556 275475 116885 324796 339533 232673 717776 177762 131155 456228 77690 650198 164393 729588 102359 692465 500216 263921 743612 
560.94
51
412251 734848 141318 109906 101979 427674 564776 93961 475573 247659 570276 430846 103055 533820 704962 447694 155376 704489 14839 671932 324759 559758 255475 78970 379667 69500 347067 22938 154277 410849 650133 299545 520234 458352 10737 414674 351636 49100 103319 142135 544328 27271 231801 571907 520088 190147 93114 630107 706150 142562 207566 
1021.87
54
256545 454495 593217 153333 400361 497486 101845 116555 443123 74794 570503 442954 445847 435939 475644 204368 122128 231419 60796 538129 386343 610936 394714 14420 105930 479242 426726 197841 464622 387832 225754 419270 18576 710050 377337 522068 250167 626878 471906 698392 246716 542681 731387 7586 638855 438773 732529 641980 142906 120003 700774 557551 24420 474954 
903.877
46
403982 686214 528460 741455 676745 486310 621518 655017 237728 202758 97130 328947 481626 721134 513695 253886 75567 139464 249968 487117 537829 12363 21991 449337 687189 272297 502309 78535 520914 322626 355705 313931 558148 162246 453016 551445 345654 14536 727763 283120 126951 53711 130629 28107 594411 610262 
558.132
63
610910 550280 271701 99119 4768 7499 238458 731868 526862 344409 248951 198121 313634 157516 493511 576654 645693 131620 105161 116414 645933 132902 489254 180478 657236 212277 203715 23180 692974 2341 133433 422354 192230 462782 632786 672791 226236 85520 150124 8339 45599 278357 661051 164186 233034 208167 689477 358813 31990 70606 179188 337456 323391 219957 360960 727966 3042 543912 362105 214846 637430 386290 548544 
1611.95
57
357292 299428 588897 598067 384450 738484 562427 512999 179205 262537 709423 670768 576415 555520 119698 221776 424403 308379 299022 681419 361570 689418 316498 678632 415655 188845 272798 559719 93959 443900 206869 257774 530679 400731 521015 146399 15953 725740 395185 251674 491319 256260 345282 714486 681940 556621 528337 406548 230980 392438 535173 231350 741736 61992 625646 14829 170537 
926.255
54
435976 714103 590766 260842 381279 419778 672207 129410 651352 511251 369814 90987 282962 547802 530600 219410 713750 554530 609554 371734 88903 646329 155940 155926 686710 81855 353577 535468 461608 616119 490722 711130 248730 189421 596988 433374 153639 271190 10588 4221 533955 88845 270818 368381 17690 697958 448852 668670 596755 559391 272391 711322 91537 697928 
708.748
58
727732 113481 69656 544141 587531 509405 437752 282548 222341 724830 528181 552405 142413 260112 374744 737739 1422 214102 369831 681362 327916 135675 560294 303972 306779 662684 541793 79565 364857 274262 347236 607851 278211 537943 738470 109974 90859 604059 653794 160857 374482 152210 450090 523779 297883 472993 269570 41849 642487 469933 527900 346288 307612 374346 14195 585552 20646 406719 
1053.13
48
326557 80314 101527 113954 407507 21496 558395 676131 350932 527053 739779 52387 737907 428112 468919 507298 526605 329416 256313 82921 643975 279842 515961 128599 50651 678026 269201 165034 167468 640415 241254 734286 38901 422371 628499 315070 33903 79630 293557 187966 683079 730550 467383 551821 349640 37373 123942 444481 
489.752
58
705011 524685 247163 568456 164596 56037 494811 148492 686798 716577 655755 449360 313097 401157 409273 449509 259673 355990 302342 536863 605650 149555 716997 71277 723073 466620 346681 444757 343739 447729 254501 361575 30621 130277 205074 331790 166498 645051 413117 358468 210459 575859 410037 649438 243170 679305 88975 257682 651951 536773 549626 727577 177263 693998 542892 330414 88163 731864 
837.389
55
249549 377276 341948 107646 733525 389335 169994 264901 140481 349809 162052 434822 42860 693959 732653 445305 508638 60505 481654 247237 690924 509989 383046 441703 689294 157335 620963 227371 408968 515251 504723 355905 347854 1184 211148 634947 67481 303463 51999 204454 545533 267704 151815 492950 470341 459445 532979 88600 341354 614734 58381 341118 637868 399418 442470 
845.817
48
438894 662268 160976 318745 58460 548398 197284 345372 9285 85030 189196 604925 667507 611591 654743 725008 608898 300101 522306 46921 48117 325335 334599 354511 344912 727836 559907 738372 44135 360133 540173 185696 94750 722004 399407 434992 724228 123650 25020 683659 3018 597026 49621 32652 467053 354573 212873 290846 
748.861
56
44295 185067 107646 147089 631129 311085 109381 370805 23456 565641 319209 496133 598088 373393 99571 42299 379838 552746 517830 371805 460592 477420 637916 730953 383975 384577 439317 9135 634404 201624 113308 501028 21781 506646 382094 396298 222505 367721 25885 367424 226055 269010 306980 108305 452957 57538 399782 510186 517150 479432 637961 254712 484523 408660 5270 297737 
1093.78
53
1748 501000 33706 100672 60160 321426 424354 576224 15142 246520 247887 532977 144725 250679 229181 660716 448990 138404 730232 483414 20006 195019 273378 674712 201225 709766 183319 416478 530841 607016 260650 444719 387863 296238 199370 682880 24449 257487 533572 218882 133441 474056 227854 23093 596395 367670 632398 62100 637793 502752 425594 5083 406831 
658.191
62
13067 312890 602767 527064 227423 89953 102477 324862 34028 713374 252173 503898 667545 479283 472790 151189 550307 322347 454243 14339 77145 355626 392760 169113 340711 448419 371467 81933 438222 542456 436712 264337 577649 542490 187365 90485 367192 694292 497817 240192 664630 70691 492833 16102 522860 431550 344434 202584 420131 65594 616104 123360 499571 506992 243919 453310 380083 96629 687027 426471 439148 450938 
1051.14
54
407633 549257 279643 435300 115019 459249 395867 441950 726178 556427 290548 40803 368627 462620 152747 105066 646368 328283 652380 22189 700378 573264 66618 32414 164224 134560 323778 618169 576995 297902 441505 171056 630951 407877 268290 468136 401517 25186 145104 741485 406650 432731 224440 193145 596640 666300 318735 143627 625060 588853 446012 552469 209527 307732 
781.754
55
566192 167651 499803 120906 262533 667938 715744 4598 725047 596761 315622 218144 575160 276410 725232 192978 184082 464905 221405 556382 207898 694577 657270 133348 646983 511650 200926 40416 313921 370342 128919 426676 452890 156340 52817 338191 362135 518305 199471 706404 34367 104550 50136 371771 663557 269548 613573 559036 459976 139474 500436 160159 472958 35886 699753 
1013.3
54
730841 220118 124404 499574 216763 594114 456535 20882 199875 227809 49786 487697 366623 408240 598210 267880 386760 523735 179058 15901 209237 238061 196625 163512 517006 589627 15215 242244 5683 251248 641018 651412 478121 584301 504754 448226 166544 299397 268434 507538 201734 162838 536158 595296 102285 686610 188845 59589 333515 605814 246068 359098 35637 407321 
1514.44
46
239400 463016 700194 119422 157089 657476 575833 523814 235655 438390 347291 449996 631122 135800 208177 448643 695368 643171 256240 158021 476934 504542 205589 6863 7653 657460 161702 203118 373435 659391 676073 690394 738535 731122 207188 548582 188975 564729 647929 657421 242051 205251 373608 470985 342186 477267 
682.804
46
250294 598848 236739 29474 326773 341331 304928 724523 597656 276220 594676 304296 704338 516012 13106 595433 415033 685322 326515 703260 533430 743113 76314 643928 673628 570155 42583 372000 466968 416431 645570 472044 65500 289136 14460 392459 517118 587052 294899 528131 280822 491503 664276 576919 61198 89150 
818.515
45
100883 292018 66809 545446 370489 639998 41228 427511 189575 23286 213246 659489 353048 639486 641838 436888 178111 210362 212590 405196 599895 533321 718794 738170 348207 124251 456184 103155 288617 230508 678824 431826 593147 274176 255478 377994 194885 390498 109736 398881 324928 122507 313155 160381 502190 
320.682
49
598560 126659 207369 429003 81457 318148 108206 636367 622498 617291 247012 299638 28641 401109 195450 222357 389475 328838 73672 139385 423250 564562 86485 345981 464221 361776 343031 661719 675524 710418 110271 557831 369947 563208 726448 14584 103460 610575 40960 366052 251506 417877 609810 24377 557109 51130 400231 183525 319264 
661.239
49
607588 735708 322459 304550 247205 337564 272454 649543 298061 3527 235603 267558 505677 715523 141719 272193 485639 667443 9985 3035 305695 637378 133311 223350 161465 681470 110038 290533 85818 630349 598681 74265 106851 10274 513927 668311 307812 472274 644351 271999 618975 350594 306275 427064 196453 429337 91016 53250 501958 
598.806
59
249759 511794 178290 514564 231002 3510 622253 310311 568336 515063 516941 666571 666535 515624 622752 267693 468310 537482 618933 610290 487212 643661 17161 564213 739426 601079 279316 10409 460691 374008 724835 362890 597482 333235 76468 292350 581702 490156 454645 492823 26766 84722 173157 288815 505411 394137 299480 93543 741130 106866 5971 170751 298480 306906 284634 552673 501912 663157 667254 
1043.64
45
86454 81830 606023 295233 589563 321959 666448 695961 590313 422229 444885 275473 300069 478536 572823 152285 542191 609554 285850 95307 140216 530595 349826 409927 97184 561079 340325 544764 275296 322286 293386 705388 661366 517039 652790 486074 244570 407836 272185 295592 18117 346228 303272 220726 346378 
1048.76
47
617606 192464 215477 620386 419206 223248 107996 743939 614569 290233 76854 277824 716468 245167 338789 118847 299204 265416 472603 665108 468004 34898 234894 696816 665025 274215 144825 463077 214138 558628 53135 139279 705044 72281 335753 736507 713302 504164 350073 611161 690826 412604 483076 86957 57500 23451 119943 
701.589
64
404088 312203 535411 690175 243788 78473 276365 553597 397368 306435 504787 94480 19713 589662 37189 693864 134941 708019 413744 263764 610487 246599 252446 324163 331011 222025 741206 739580 115570 76649 322449 168482 519815 288675 66965 365595 141610 512127 430736 243027 289483 256723 399621 249248 731180 672140 13770 472913 443507 175421 671127 640237 405818 550991 370792 504731 56170 732608 546480 350330 96829 670186 214259 477516 
661.673
50
445308 298805 470420 436325 244087 11511 591991 86572 656522 11036 595690 688683 466866 523859 299318 398896 543435 157419 595535 711025 457531 508190 520574 68744 346965 98100 39721 706739 156524 387147 84735 226845 619533 154483 295339 703009 459471 173830 389544 700221 594575 465254 253420 154961 230912 110409 498979 340164 128857 178393 
840.823
56
299310 394477 130159 140273 703078 144919 595082 338252 344942 279968 366480 353164 90157 557882 242655 384824 62688 701150 713296 560278 470586 397748 244027 583866 212062 31984 241728 209418 711759 213280 160531 214101 532686 649069 619510 436511 665263 375624 279329 407842 219515 742766 513346 652573 507968 682749 408480 133746 623084 175894 4417 518040 486171 102541 175784 735788 
789.199
53
326906 137789 84948 725175 88555 715833 535326 654246 137555 408210 351036 721824 66078 235264 695952 89579 584256 339245 637293 324169 128476 315367 433015 569145 5978 465981 475442 95387 700230 655461 193830 299403 377989 111330 433728 732432 604335 320847 647354 49753 517106 169291 409783 280675 317070 110822 175448 299950 117328 78603 283445 372980 564554 
487.351
63
64653 189778 94459 215178 449609 211387 587459 482440 540581 265791 548665 625037 127741 424548 503216 279935 360562 333830 407856 443781 71324 398200 238893 390174 670317 720948 311368 164190 348905 305162 590588 651074 704539 280136 5691 569221 233265 102432 115430 224835 740801 414097 91317 470038 597471 138310 43412 4290 256804 312620 380482 383595 40719 569059 267373 410135 433190 473350 664230 221090 159377 120577 411162 
722.222
45
648172 173562 69153 727049 3723 636202 113492 643343 64247 232357 238847 596341 697891 89447 734345 715006 482441 264891 356566 550172 432271 245144 251061 337709 69491 328907 662556 291720 565723 634871 436898 290088 384753 156537 295812 425289 553490 266212 730713 489091 35103 583897 301409 116066 297499 
774.536
51
204989 419522 737489 216066 533266 559325 452160 34376 254527 374682 37661 150289 342486 570428 684240 90844 575936 216282 18755 370011 215600 736477 12323 33967 379339 686923 370446 735916 18851 719035 116836 323863 662333 56354 108910 195448 403414 713380 711406 302537 62032 424313 684723 65091 523774 61274 172403 151522 718897 560110 604541 
860.952
47
499681 606217 40735 598956 477507 41617 233173 14697 540480 194188 169039 692695 552602 518697 603179 692832 17333 551919 522844 611200 248134 626711 184017 428657 298102 10042 575101 110552 148777 527156 481383 46347 679374 740626 343072 249949 418341 100544 638285 692332 536308 257596 110616 737852 151003 40177 93114 
988.496
50
210398 449933 315437 484279 726479 60332 498068 540296 332383 564920 477135 181539 429591 728232 345344 552399 305332 131176 35966 242813 428943 241697 592625 602467 395431 714678 474188 346310 359629 124807 305829 692475 510157 241911 47705 182024 178223 427223 474848 187892 141068 599491 510466 146435 622558 699313 558764 559961 405671 545377 
837.835
53
59040 340458 609558 529414 735166 421486 176958 720115 241984 344607 717056 538078 397473 731533 478798 634983 347968 69584 315919 700593 358462 450476 623949 300749 68305 390812 721054 510507 323104 530827 538241 119540 663082 692132 590582 624513 60714 493204 573406 162209 248896 516188 57305 616403 274358 144357 229521 92219 360665 674923 727717 248299 420985 
855.871
46
569026 326536 198711 144355 397551 474701 291623 216092 355709 116411 319370 718342 488577 50977 399120 493280 593580 505518 187365 34897 569626 385904 208550 499440 475712 131743 18537 322442 647411 141419 293860 604329 381597 507650 111312 634610 78488 164021 291241 641947 186028 252434 394274 543635 308735 344648 
278.671
