56
623216 365373 246978 405872 613576 636079 626054 574529 634586 335879 724698 311270 417550 600554 484670 380971 392945 120865 509539 150542 218254 735582 453219 36257 279634 622080 429833 221062 207235 404277 294656 345886 139404 165590 594671 290295 267502 317585 148128 417952 668107 93107 432678 408822 261574 237761 646714 627060 116924 13116 139606 123682 718507 711204 31262 717445 
88.903
47
534570 543743 608678 52830 79052 209068 38497 332202 576909 446807 471623 641681 626723 614973 516137 477249 718220 419308 488432 237501 583840 118708 641523 77200 706152 180860 63886 651659 703858 413346 115412 303751 98778 227800 11290 489492 568825 501038 226693 172111 518694 314969 607429 129284 131883 152737 439201 
90.212
62
300416 544825 508293 71456 305678 170865 437812 190565 521510 121240 29417 557173 290068 614756 12289 40514 727565 61272 573286 280828 409540 701311 731887 686282 629429 401589 700628 51849 90363 607207 346947 110714 42161 250716 701105 733902 584039 113475 156480 684607 531729 695115 485120 605775 187084 170531 493542 135205 109526 332192 45603 81757 315381 348344 34924 46339 131980 335744 432371 281453 297400 659508 
93.647
64
500163 443270 1838 453483 147931 661969 174917 255457 189047 609520 218592 36503 738011 578266 462248 425398 207477 395397 702897 659480 569147 266940 743934 100345 14777 553277 115355 229428 114802 108670 549747 739060 647696 577513 574361 535512 437024 129720 261029 276692 256184 30840 192561 677502 354589 413090 364068 147844 338386 225268 485084 556869 618002 98507 525664 484363 119869 151570 116207 390881 623717 238848 59398 507410 
83.963
53
280877 400310 383191 332351 396629 50792 90018 162117 367314 638945 272803 74860 680017 289475 655458 575450 1767 102789 460243 596198 448186 442031 264812 112213 437469 188927 582856 244031 378565 555514 233269 728970 632154 403694 52245 121193 439128 625828 242284 555155 375480 19524 614625 339884 732363 215578 462266 185959 4734 515005 602288 173606 310464 
91.953
49
275037 58680 280574 80706 596138 55414 343824 52802 280690 36965 596463 312332 244433 595826 176107 665280 233483 198699 530258 398419 164694 47190 183942 406541 117852 24262 305150 458149 124358 350101 710425 698065 452935 719970 4685 615244 131635 120067 132805 349068 186826 46242 531039 521845 264177 249149 47632 260906 595601 
104.405
61
565642 38327 447452 258920 709033 529034 262826 596174 259660 58482 552393 315264 228054 126691 172493 568340 218040 172769 480966 727897 393118 247988 602438 442203 451523 731984 189447 717523 345182 531927 692067 586257 691307 565222 177126 664963 189702 561827 679718 199724 119989 243007 396403 349417 322018 487408 393185 38737 468757 283756 85727 297086 510833 612566 521696 576652 353424 119110 156445 122801 217285 
85.913
61
411425 299252 197031 591108 438723 319085 577860 738871 180639 596160 229532 234596 688925 437479 404471 554871 11197 93193 483871 662318 248725 311445 656433 14048 710773 607374 471468 273610 490991 95943 549160 616610 73867 643439 163457 65996 577317 243033 736958 278458 71246 594712 389412 23844 274798 79508 330713 404052 277777 151226 298286 316276 427300 463259 696317 731530 701595 88761 512224 374709 698105 
90.994
54
679698 56978 44259 651936 52630 376364 668446 532301 295185 383049 613185 490785 738445 621825 247824 616532 167837 732733 242751 182278 715737 239247 603246 3268 97663 113344 35502 497446 228104 465522 563730 620032 79745 368035 540196 196964 365525 728829 619143 623126 11263 574686 572260 652236 386941 685040 717557 731667 155863 722642 83056 666123 185989 210244 
84.408
58
517459 26359 640613 308968 570433 214686 617988 620504 382798 543273 438414 596637 5787 370406 484311 78879 500975 664261 495333 81831 370731 542268 664470 387741 641376 674138 20473 583527 618796 739566 46109 687777 494304 398315 580247 483926 48657 455714 472147 455333 148684 43402 97624 68388 285321 628897 117068 421028 553716 42611 718180 656059 45962 431083 142443 310163 46814 698772 
91.497
47
558565 104768 281840 715042 59625 537435 598300 189981 203601 696283 529864 448809 254721 53264 78996 279092 159849 358883 197832 331934 619360 285197 109902 219850 398429 661571 602717 329924 247166 606845 39340 393232 361027 127435 177609 149268 417108 591712 656466 150988 119980 433217 388049 693053 139871 90863 170843 
90.344
51
681247 71454 295570 625164 95483 294605 405110 42433 521018 680838 120216 173183 692108 112711 545676 713332 81140 300522 67510 128870 386220 630126 37929 376994 523277 600467 414143 534975 666395 220991 429435 214372 383300 667241 609203 651535 382099 690854 553667 680213 246488 50794 525252 567480 27271 366884 601273 180738 500909 176135 723161 
82.508
50
444313 231144 165457 193340 312534 616897 618058 661127 87168 304122 5375 122177 79536 553425 713547 401509 734605 509328 94494 134084 501741 548847 192424 336995 152843 633814 407487 588229 256706 55726 334654 171645 254536 564614 441891 397419 571465 138177 398151 81053 561406 385519 269291 8598 230598 149930 348177 434422 69289 715400 
94.836
50
600232 501852 445485 464099 31928 277739 662514 499771 156138 422413 329263 408964 631545 406074 141273 679491 290445 737571 700548 525492 47341 720 81197 334168 441699 162824 682959 197946 553362 187667 734031 188190 170050 670603 12324 548229 165120 520746 543299 211047 213424 604825 526734 305542 260470 549710 334500 198540 6822 325104 
89.028
45
392109 712065 61097 660370 429326 343899 132633 100734 172121 18431 94053 267962 702538 253638 537971 523945 425988 268994 134736 247019 234916 60128 34963 526286 719563 721268 604177 46918 245720 204446 525117 145113 469039 78528 545939 451916 649945 531650 213770 455714 381965 254139 259257 16377 79531 
88.327
46
628894 65805 388098 732443 166586 244556 504871 19845 666694 669054 611392 528144 293721 724831 202383 312326 279998 51341 336494 733687 508993 739257 610825 295161 444924 99556 247174 253707 304707 532019 559855 199822 60680 172881 630309 436080 12673 615285 115441 147420 718368 100718 376407 25087 134091 471295 
88.851
63
413110 109802 335102 514707 257928 591644 390670 717523 321530 502375 727342 493956 717841 220815 449824 689828 632540 407769 29048 518258 333192 255616 431466 619036 390275 109789 142072 336348 726033 409418 666242 734198 279222 361487 308622 399333 245668 346518 617940 251652 153916 315223 644405 505591 404443 17920 542332 272809 556130 246885 193403 380208 415676 169327 480364 427188 363311 96417 367070 735845 230500 462932 597779 
81.919
54
272141 273196 183299 576090 220423 264234 667723 181973 127510 689217 215171 400956 270500 481551 7801 726936 300745 349984 277553 46455 594833 415779 250875 576732 301206 648959 419692 505613 380172 257669 509328 50646 68191 171968 656110 342519 714069 73964 536633 223773 378577 717753 415169 736773 626524 480048 355950 493016 625800 138522 501449 64260 397036 464534 
88.535
52
396468 279742 470772 2715 711995 182011 664597 108805 742630 148023 659084 376806 205843 718359 736775 509594 604677 1847 440685 487082 295145 31624 590722 149885 183734 702866 660806 458567 512956 623016 704393 461974 440936 385365 135444 34732 707306 674929 707670 214530 690766 688959 248613 210520 270968 158726 691532 648138 219276 436356 258158 310372 
91.835
56
698793 23394 656319 61958 581309 616764 217264 519660 259070 136499 467751 231218 30518 479229 445750 311854 720563 273665 75576 36688 158993 674621 613751 297023 9689 11443 452892 430543 25421 18288 554534 545449 566653 171498 298160 172243 598557 700381 255111 547409 135720 159866 627899 241162 371985 391182 577536 358451 128223 335989 355472 629249 145965 667575 244129 575862 
92.374
66
347801 178437 188204 91889 572083 220960 559934 681909 663431 664791 178633 375303 616126 418701 105995 12922 405513 358614 661758 567249 100051 263954 90322 495598 531100 51497 729538 7046 359167 295327 124816 232549 322407 521673 620424 349322 657524 269122 496609 98083 393261 218703 254321 51731 243175 48466 467681 117805 653840 627131 477348 390036 505450 683869 190608 568645 30335 440926 604582 143019 641447 559382 475071 604938 178168 612637 
92.651
51
271035 696664 108744 702612 460917 653431 547081 684440 118229 699159 600819 693538 528863 363547 541913 34360 8497 236155 332588 236974 18614 380737 440055 649070 575219 164653 532960 129642 486793 35472 81757 405482 516603 389149 702905 246936 476782 107787 397678 465326 51563 297348 532012 32782 25861 712113 298035 181895 709746 108598 453362 
97.842
47
16268 530789 599065 187254 380200 75266 260331 120201 319525 224330 96144 652458 634350 45192 243549 559973 398039 219313 149093 511836 242983 41166 232619 78315 547011 334906 21049 110166 640977 20918 1492 127921 341114 720736 108937 350594 55012 711756 627009 611810 128516 13687 236488 191190 75489 234822 551405 
81.759
44
20708 233475 438212 544707 12223 48877 548461 125194 213393 446602 401079 345600 257556 486875 504449 122706 582054 293289 8443 722480 421295 488814 56900 308169 292882 730143 567575 531016 4042 592553 707511 122608 187349 443494 608914 227438 693700 591695 57750 6583 85539 237833 399911 588273 
89.915
52
595771 357204 662127 156983 694876 529505 174528 249189 66358 412179 222626 722894 228525 328569 346790 242267 380188 410152 589934 661946 233595 733809 39886 653818 728258 140089 113760 13587 503334 582281 191616 273762 715992 382554 476444 57025 313682 205469 355018 507632 348855 673718 705955 640428 352516 289120 485902 385036 498982 392761 74022 514302 
99.869
48
685542 620176 193750 225601 281992 130719 242432 539927 690813 164961 698926 160890 264189 668986 643746 93532 601401 283106 697247 366164 690688 380329 729934 464785 611503 8829 283777 693429 424905 297969 591091 93710 429553 57458 457672 486809 284693 291193 527642 703140 10820 577206 360150 293853 638279 148744 497867 501297 
93.814
48
373273 522698 284716 545135 54360 300204 144217 713181 477072 628965 661509 204010 197083 242468 672039 744595 105542 482980 670423 33326 263630 543850 324370 362010 333383 478107 532245 329365 233122 35962 334858 216288 258877 470317 605563 687294 442051 368361 166617 666862 417715 553598 615423 524733 138416 482952 624161 637990 
86.774
56
364957 702504 530796 12575 458153 508052 456898 711088 258479 643691 533442 142127 262483 736494 644317 426159 513806 15577 177854 457373 81805 303766 452880 420323 381548 683843 514443 175207 281782 303529 500857 221227 424749 512413 744496 521773 283418 78715 481057 553137 193794 398171 639792 607781 440212 640542 98009 238638 717695 210556 58932 418080 688682 502475 4112 119401 
83.958
56
663418 220827 167337 367462 465292 496961 456919 316259 665789 682305 561637 504788 308085 134427 149720 639818 469559 570089 566204 528384 327839 497520 206234 619635 88632 565953 521611 479980 521655 119829 28736 589854 528268 696841 54220 237974 744292 112556 661483 92692 397625 647312 370115 412144 330243 246214 532127 37349 71844 549028 61466 567284 188374 576847 262806 314832 
95.582
41
538097 612571 191513 592267 522221 589054 185755 98578 223117 255893 42494 364169 651552 449861 527378 632809 122629 260725 11762 546972 32479 295913 483265 224083 20729 186684 230028 720603 143142 307068 661915 11071 25821 255465 457193 431695 675477 21499 195260 57379 250870 
88.944
46
430081 244754 447432 99427 214743 297149 326912 461255 137583 559305 380700 734054 71703 170699 289668 154467 10642 420058 704166 9781 330124 575262 703204 555135 662190 722761 625590 547902 92811 36384 118510 460423 477915 13068 54124 342428 205598 376292 261425 471495 414962 607067 661969 662479 184150 738071 
87.045
42
464416 510399 460646 250680 737235 391836 47721 236635 148888 9472 499988 628864 565651 713767 229393 407571 399195 467208 416929 340989 507384 152070 455929 31914 408967 305769 253905 286174 608534 551348 371302 146335 309692 399406 260656 681629 194500 281300 675677 133783 197042 640538 
79.602
66
63726 249826 389145 656939 345212 425161 708369 114942 119349 602513 522213 240740 343502 703320 352742 210047 580039 56134 461014 441252 445518 118877 103235 121358 717460 15397 53373 455970 603549 246242 711564 439200 644719 251354 227663 611194 4807 517489 703191 278811 64041 454840 219228 178805 91436 337464 230604 96223 515396 379955 628668 97928 360143 545934 571892 96746 258247 37862 330358 495251 102900 88026 599500 517977 26909 738906 
79.928
51
298717 16411 550554 56444 477164 336761 282099 722276 99527 273468 254565 131106 548141 494232 369738 432685 425340 574331 40769 201698 62524 288766 390080 115923 26532 591549 468715 355724 73426 296429 649720 483782 499418 598683 410885 376129 530828 471877 182040 641788 735763 208151 18209 463624 336908 82043 291404 626795 197511 16525 587915 
84.478
57
224720 205957 535273 141948 272061 515089 518670 411297 293114 690836 31684 291338 222686 136502 214154 205126 361876 55558 634881 119198 82518 461653 457501 345033 360934 376670 36154 236321 427567 19937 299755 617253 633495 690932 644194 650882 113731 139118 694186 280781 267705 618189 738822 26620 339164 689495 254780 678530 201014 445690 82147 490192 20832 9264 587262 181101 625554 
82.721
56
484822 20155 549532 643064 696154 263381 600499 586672 172232 640498 543331 113798 217540 374528 703471 409186 326733 585802 40513 651335 452040 463642 370940 64380 415140 578810 523267 434718 182030 196388 166137 714346 194330 734709 310745 172204 426465 364579 480177 38971 390523 85665 184498 696558 634871 371908 153133 480627 431228 294770 421014 530908 455341 87678 461872 472349 
93.759
48
640859 289473 189415 94973 386551 64375 208824 224915 189077 181114 92346 256198 161348 590057 196299 115692 549462 225406 91277 466150 77756 466421 730739 603564 359470 99023 422954 31881 284899 717582 559748 146835 211889 70017 723963 73049 108799 199153 113739 590256 137015 564110 192386 357880 83255 693047 25931 321304 
101.572
55
709616 83057 317684 104145 17161 258244 374141 635063 70261 644578 367658 704589 575865 277108 478910 17480 75438 215747 116229 20495 77187 425533 693444 351473 114922 408653 177537 548032 657146 286047 496943 674744 131157 205614 326221 446671 125813 482984 139800 163086 471827 665280 296660 453424 15013 174989 483396 536833 498005 520024 716485 538537 570848 328511 742671 
91.558
48
84531 135784 3107 323128 357353 395960 713590 217219 34596 701990 539164 163702 744145 285620 734771 420465 447773 454854 262632 97205 496754 320237 153857 122842 614043 711607 533346 321761 333614 301856 582008 242563 502853 80082 397539 253436 527395 17310 213478 391207 688274 309463 493716 492575 182006 407200 574030 656874 
87.742
47
26206 401902 70294 715359 9567 69873 601226 627458 329290 605392 490777 491512 469568 681303 448034 485278 17191 718544 479377 67873 207350 97289 76482 146570 288989 654657 279008 674632 37685 57019 562102 536205 349582 69675 153403 81640 75411 218802 97870 304337 373806 684054 402380 127276 254992 80661 284861 
110.603
58
737314 386835 116618 41313 474421 652657 5798 96226 46428 288148 656663 67016 618331 472725 96196 726310 92560 654769 547384 189580 387870 693671 191197 654041 16838 531055 689591 733989 593347 440089 368014 216908 579128 285770 379009 190503 510291 291603 733924 247234 390664 508290 576725 357083 6449 335254 263838 636513 142336 529668 410008 490292 180807 22587 112727 10931 659159 664367 
98.996
51
718816 695069 258629 270432 9704 320290 343499 85566 243872 351460 126832 348808 240701 489182 654563 528214 217787 313381 67335 24022 101954 132162 687023 5670 554312 426215 267758 64396 73380 208180 676920 464104 18541 391367 371995 308648 500866 202058 511460 622791 71340 416318 499409 394189 727160 673983 140187 298972 332192 300751 469442 
89.121
48
58073 463111 721761 552792 661468 611423 104950 344914 366594 242710 92629 705870 167146 100775 88175 606803 466184 207977 598615 728304 288713 416832 75912 48628 463399 433292 266280 206041 402312 279841 205175 125134 536066 27151 239366 464493 271316 741190 220470 342297 654794 24612 152114 229397 192762 81835 427918 601835 
82.841
43
408160 329206 176940 169680 38286 41119 172581 392818 166595 4755 372166 246188 621462 615116 280269 488735 601847 267797 704058 654321 531046 447434 321184 293621 530224 319585 665426 448505 205964 48397 715441 418423 518215 245582 577446 647637 103824 32706 278884 111028 553940 73321 565063 
80.878
46
142455 518306 241317 594410 341786 300634 50214 39158 56782 439808 253699 342347 558758 157224 300142 597991 386341 511582 213826 352438 418090 679635 138802 455373 201846 320647 56327 294715 348004 274644 489431 1842 193487 310300 273533 608857 501505 37556 596030 696007 445082 248158 424226 192277 4083 30930 
83.568
66
202298 432142 680961 395494 13336 134901 550478 374692 523900 602996 181066 480393 609787 65966 342638 317288 721194 234930 152314 619940 200293 218783 364847 85156 111282 338813 213816 660717 688814 515046 162402 632541 22685 433553 200842 598235 716946 286454 683391 451517 503178 119555 475436 583729 200005 623288 479626 737541 183325 702250 477758 219806 29659 656494 282273 723918 121731 695863 328081 97519 740634 270245 46933 541667 559894 621875 
84.729
50
570655 654554 692233 289028 46357 517803 123536 6984 335845 465276 57815 523729 362792 288495 110563 601040 459059 290642 161997 269863 350843 53726 623239 221722 481706 658950 664438 649837 70427 172221 460509 18041 282722 27965 211885 183405 443137 717134 732966 114790 491444 709257 73684 494551 674948 474677 378877 299945 74185 544138 
91.877
45
26664 341103 301186 552717 578625 464416 592188 710086 386023 468509 731721 716008 624223 398599 504012 158014 128980 506905 622443 206803 346148 89682 532140 471727 306385 533676 405886 261411 309314 613583 99712 468371 247631 396931 715221 497272 678338 373873 354240 36023 655488 528224 201456 334301 339410 
92.679
47
35264 29840 504922 582118 428813 8446 253134 112229 346440 723912 141388 565774 523127 456009 454788 37559 406933 241820 736602 433439 3897 456511 121751 75580 349647 56940 285398 570982 488045 592057 102646 575027 76547 371016 722170 22828 332830 97907 382574 727920 391744 598359 359598 452417 243798 341084 600697 
94.177
50
663456 18584 458641 453719 583764 183241 8954 636871 77092 477366 405250 594295 704399 619302 568144 225459 493364 622170 227474 62749 581110 86535 408105 346236 271547 707471 307788 413916 478572 560975 697399 501468 151755 393682 6348 504694 382082 713725 477292 506068 599131 163354 529585 572194 405344 523081 285295 715571 51282 674592 
111.002
62
143317 392736 529993 727161 634044 120010 603556 572251 359223 267432 71526 334682 528714 60461 669075 111820 723427 367485 651244 613860 506954 356799 493438 323112 558059 543674 511960 100572 36319 12242 266157 292446 706337 105084 18287 147348 15092 626114 295574 43015 184859 338234 206657 208632 75267 543436 211668 56530 316333 214294 323497 704441 306022 261387 739048 628090 94353 679465 389481 353713 194701 455233 
84.994
50
75201 382504 364689 188103 18736 429188 3088 49779 441902 184750 196669 227489 166447 494913 548013 159182 212384 39786 111329 423596 196821 561692 170154 478199 112249 681894 91028 485631 191906 361477 402122 550036 83833 81805 327775 403383 632548 524472 507514 626272 158733 520831 35720 64400 726733 659352 19607 311050 27583 733747 
87.126
49
307982 344038 244197 45925 273570 317334 480714 183508 303004 390165 659707 151350 382441 373698 543498 387907 456214 607884 352344 374544 682331 524914 639022 630632 313362 178322 341172 164078 344770 743514 217862 595230 579902 667628 617337 318708 369690 497548 394361 656967 525616 696043 306596 22127 652948 736847 534930 182963 709574 
101.825
52
45012 372530 339568 622109 589257 572425 8965 266622 51510 399121 461226 310963 231032 507320 452501 27902 728704 300468 353948 584000 308607 464489 111084 315383 470992 319073 589655 105260 422193 199875 406957 24040 739421 242171 690995 730188 523996 343461 114535 323586 226017 606207 320916 288435 1284 421603 246812 549943 481994 123496 38397 662092 
91.465
56
659973 323063 455812 8610 684001 295395 57261 193435 516799 353231 484730 460480 186320 88697 591332 504572 300184 22516 404958 524670 444144 260277 738231 337074 738817 374318 664365 395758 440118 293402 118067 478714 140580 53331 215764 26181 525473 240486 629422 3172 376857 502143 2164 538271 621015 120860 600036 516048 505860 620379 635288 716638 365904 569716 558840 688670 
87.447
47
611398 719160 34474 199265 635950 394187 376708 103366 440189 119352 465067 587620 688833 477212 304106 698770 387509 62657 231954 363940 66896 492751 655237 506904 77033 369529 234115 63697 484838 61537 95890 712012 442361 346623 398417 289014 10405 91857 519175 602282 672053 44972 625056 40489 169343 279589 619445 
86.86
56
249353 161838 356668 701420 340257 487050 571300 200097 9620 416116 165989 465619 272145 350031 335019 29094 683683 306585 733979 28159 312066 392016 373142 334238 643583 737724 20404 728309 193494 138587 171796 605870 298817 225668 396376 554925 41938 79601 16369 624661 102882 134300 664073 219447 341142 164059 278838 615013 167102 475513 279829 384676 628972 519742 130994 550780 
93.56
48
733353 632284 389647 336710 317032 429063 600569 27434 234918 368604 130509 566567 117091 18840 134492 113847 226527 623824 677533 375552 609816 381696 689790 234123 584504 226768 649850 505396 81680 403617 663848 657791 166538 91600 654486 411296 658034 184449 475046 704536 210047 560993 642775 586954 74684 155165 498809 639857 
102.977
58
379288 435972 383997 285858 425878 31501 65554 453350 484922 668648 534878 529738 637433 740832 66373 539153 50572 476292 508210 217710 210971 140792 677915 617216 463878 473538 289770 255291 566556 401970 270668 462288 325089 635428 22423 94974 537357 407426 263839 151252 176855 573100 155757 502063 547297 349131 147219 578394 249713 243653 610645 33710 576210 360337 612709 347635 214363 428573 
88.471
56
279344 526515 259564 662049 740404 21151 460505 535548 626045 541155 403815 633159 222848 656297 226249 187494 143654 467439 728451 604642 26070 339044 281678 335333 551050 23807 39465 251522 311699 618504 516284 532143 174548 728127 91636 641816 427917 10962 172333 626892 281523 257125 308992 596198 536387 734960 638537 428784 317320 91738 126165 241519 638763 419228 66388 296813 
87.837
47
30262 175730 236129 20795 349584 697101 164973 502579 19782 632743 387824 698628 51372 664655 102307 613791 361088 43022 469583 580158 917 509245 503300 720588 647766 189131 568660 108028 105050 311737 267422 320719 144983 510214 678220 68203 549294 676044 460608 682769 117569 369353 353379 35517 210351 79128 118979 
96.662
52
605847 274251 612828 414851 192075 391549 120279 330985 284693 606082 232033 571748 138620 364738 178778 337004 233879 24323 714689 257739 21946 668241 13906 614782 743657 27766 552178 454205 382230 282433 226518 189773 131609 96348 13192 119461 518807 5311 196368 155854 196612 188279 104700 463290 458478 452732 188677 10343 62991 285637 236205 642149 
90.471
50
548922 210159 271234 492966 165757 655649 193100 575691 734347 214675 175952 571602 585247 193178 222831 584476 152670 285110 72097 574616 617290 585753 631872 244643 340588 715884 737063 179241 124488 214296 320995 417785 463962 531181 302747 334088 419012 169597 255587 422002 209591 332810 294806 399275 500958 378029 515554 280906 64886 556328 
103.36
58
692465 380879 500216 339533 571898 585236 109599 64447 250988 181155 324796 88931 612989 378449 662355 251006 540186 96463 88853 116885 17921 625785 397556 330987 232673 186141 275475 525988 251713 196159 272465 390624 102359 456228 131155 177762 93177 230048 717776 77690 729588 549989 15002 164393 650198 119324 454413 174739 147570 495801 517106 399872 2893 305467 495886 261477 263921 743612 
84.697
51
533820 347067 22938 154277 141318 734848 324759 412251 103055 109906 427674 101979 410849 704962 414674 559758 570276 351636 93961 475573 447694 430846 49100 671932 247659 650133 255475 14839 103319 155376 299545 78970 458352 544328 379667 704489 520234 142135 69500 93114 520088 10737 27271 630107 190147 706150 571907 231801 564776 142562 207566 
92.693
54
250167 256545 438773 386343 454495 394714 626878 522068 377337 538129 610936 105930 14420 698392 471906 246716 731387 641980 593217 542681 153333 732529 710050 638855 18576 419270 142906 7586 101845 400361 116555 120003 443123 497486 435939 122128 74794 479242 475644 442954 445847 570503 204368 426726 225754 60796 700774 231419 464622 197841 557551 387832 24420 474954 
93.472
46
313931 403982 237728 28107 727763 355705 202758 686214 558148 97130 676745 528460 283120 322626 453016 741455 162246 520914 345654 551445 481626 126951 486310 53711 655017 130629 621518 721134 78535 328947 513695 502309 687189 253886 139464 272297 449337 21991 537829 14536 12363 249968 75567 487117 594411 610262 
85.806
63
164186 99119 610910 550280 576654 233034 526862 4768 271701 344409 645693 248951 7499 493511 198121 131620 116414 731868 208167 105161 238458 313634 689477 8339 278357 45599 212277 489254 645933 657236 85520 23180 180478 203715 150124 157516 692974 132902 226236 672791 632786 358813 731986 637430 462782 192230 31990 422354 2341 214846 133433 727966 219957 543912 179188 360960 323391 70606 3042 337456 413820 386290 548544 
96.723
57
257774 61992 357292 384450 512999 206869 406548 588897 598067 681419 299022 361570 299428 230980 443900 559719 179205 93959 392438 400731 530679 521015 562427 272798 535173 308379 556621 15953 231350 681940 741736 689418 528337 146399 262537 415655 221776 709423 725740 424403 738484 678632 188845 670768 714486 119698 576415 555520 316498 345282 256260 625646 491319 251674 395185 14829 170537 
90.773
54
189421 646329 596988 88903 590766 433374 260842 153639 511251 271190 435976 369814 155926 90987 155940 651352 10588 547802 282962 533955 714103 686710 381279 4221 535468 81855 353577 419778 129410 248730 461608 88845 668670 711130 490722 270818 672207 530600 713750 596755 609554 17690 371734 616119 554530 219410 559391 448852 272391 697958 711322 368381 91537 697928 
88.857
58
69656 20646 727732 274262 681362 113481 303972 364857 541793 347236 327916 79565 135675 523779 560294 662684 450090 306779 278211 537943 90859 607851 738470 653794 109974 604059 269570 472993 585552 346288 297883 469933 374346 41849 642487 307612 14195 527900 724830 544141 282548 437752 222341 260112 142413 587531 552405 509405 1422 737739 374744 528181 214102 369831 152210 160857 374482 418093 
95.523
48
468919 82921 676131 326557 113954 315070 350932 80314 643975 101527 527053 507298 407507 628499 526605 737907 428112 739779 422371 329416 33903 79630 241254 558395 21496 734286 52387 256313 38901 640415 279842 167468 165034 293557 50651 683079 730550 187966 128599 678026 515961 551821 269201 467383 349640 37373 123942 444481 
84.886
58
649438 693998 542892 705011 410037 302342 177263 536863 56037 330414 524685 355990 605650 247163 149555 716997 575859 494811 727577 148492 71277 259673 409273 466620 686798 723073 549626 568456 449509 164596 716577 536773 210459 655755 346681 358468 651951 401157 313097 645051 166498 257682 88975 413117 449360 444757 343739 447729 254501 331790 679305 130277 361575 243170 30621 205074 88163 731864 
88.134
55
508638 732653 264901 140481 247237 204454 693959 42860 169994 545533 434822 349809 51999 445305 267704 481654 162052 389335 303463 151815 733525 107646 690924 470341 492950 383046 60505 509989 614734 67481 515251 504723 441703 211148 459445 227371 1184 341354 634947 347854 532979 341948 341118 620963 355905 689294 157335 88600 58381 408968 637868 377276 249549 399418 442470 
88.508
48
354573 32652 25020 123650 344912 662268 49621 683659 597026 438894 467053 354511 160976 724228 334599 318745 725008 727836 58460 604925 399407 654743 667507 548398 94750 434992 44135 559907 325335 722004 738372 189196 185696 360133 345372 540173 522306 197284 46921 48117 608898 9285 85030 300101 3018 664990 212873 290846 
95.947
56
319209 517150 396298 506646 113308 222505 383975 382094 367721 185067 44295 565641 25885 23456 370805 598088 496133 384577 109381 367424 399782 21781 99571 226055 269010 510186 311085 373393 479432 57538 42299 379838 439317 452957 371805 501028 254712 634404 108305 201624 147089 552746 477420 9135 306980 517830 631129 107646 637916 408660 484523 460592 639584 730953 5270 297737 
93.57
53
144725 501000 260650 250679 532977 229181 62100 660716 33706 596395 367670 607016 425594 637793 247887 23093 1748 227854 502752 444719 448990 474056 133441 730232 576224 502012 156166 138404 533572 246520 257487 424354 530841 195019 15142 483414 387863 296238 199370 24449 682880 709766 20006 416478 60160 321426 406831 100672 690392 201225 674712 273378 632398 
86.149
62
312890 90485 89953 13067 371467 694292 367192 81933 497817 616104 542456 123360 506992 438222 448419 499571 65594 355626 420131 243919 240192 340711 453310 102477 527064 602767 380083 202584 227423 664630 77145 169113 436712 344434 187365 96629 252173 667545 70691 264337 492833 503898 713374 687027 324862 426471 34028 14339 577649 322347 392760 479283 151189 550307 16102 542490 522860 472790 454243 431550 439148 450938 
88.237
54
462620 152747 549257 441505 368627 105066 459249 407633 297902 646368 576995 171056 630951 115019 40803 435300 328283 395867 407877 441950 406650 556427 224440 268290 290548 432731 652380 726178 468136 666300 618169 164224 22189 318735 134560 32414 596640 323778 625060 573264 700378 401517 66618 193145 446012 143627 552469 741485 588853 25186 145104 279643 209527 307732 
88.517
55
371771 715744 533821 663557 725047 4598 50136 575160 667938 694577 276410 269548 596761 128919 566192 725232 218144 207898 104550 315622 35886 262533 313921 34367 199471 192978 184082 221405 370342 706404 613573 452890 559036 556382 518305 120906 362135 338191 426676 464905 499803 500436 156340 52817 167651 459976 472958 133348 657270 160159 200926 646983 511650 139474 441414 
98.243
54
536158 251248 730841 15901 268434 499574 199875 216763 227809 179058 523735 124404 5683 162838 299397 651412 209237 487697 20882 594114 49786 517006 242244 15215 456535 589627 267880 201734 166544 220118 386760 59589 478121 188845 366623 359098 584301 598210 507538 686610 504754 246068 448226 605814 163512 408240 641018 238061 595296 102285 333515 196625 35637 407321 
106.811
46
700194 657421 157089 647929 203118 373435 564729 188975 239400 161702 463016 7653 657476 476934 657460 158021 6863 676073 695368 256240 643171 659391 631122 690394 448643 738535 548582 242051 205589 347291 449996 207188 575833 523814 731122 205251 470985 373608 504542 135800 438390 235655 119422 208177 342186 477267 
83.682
46
594676 685322 598848 491503 597656 280822 236739 664276 576919 208336 326515 326773 29474 724523 415033 250294 276220 341331 727995 304928 485000 703260 533430 325302 222300 157178 74796 178402 593789 673628 429453 722343 643928 743113 67443 657729 76314 725690 596774 414498 556818 523698 253098 714767 325885 459889 
95.265
45
641838 255478 639486 274176 100883 292018 593147 431826 377994 66809 678824 230508 353048 545446 436888 103155 659489 23286 288617 124251 639998 189575 370489 213246 456184 41228 427511 178111 718794 348207 738170 210362 212590 313155 533321 122507 405196 599895 109736 390498 398881 172554 324928 160381 502190 
79.895
49
78853 96585 257379 726448 617291 47519 457800 701407 247012 650056 299638 622498 363526 318148 460338 682185 19783 628353 636367 364891 108206 620844 330820 520158 428927 222357 389475 719329 401109 47909 28641 533101 195450 227529 665624 235537 82596 429003 598560 203571 81457 345751 10293 310 313452 346845 395232 308178 349298 
88.183
49
644351 322459 272454 607588 472274 337564 307812 649543 735708 304550 247205 668311 9985 298061 513927 10274 667443 3527 3035 106851 235603 305695 133311 141719 485639 74265 715523 637378 272193 653079 271999 267558 505677 618975 598681 290533 223350 630349 161465 110038 306275 427064 350594 681470 429337 91016 196453 53250 501958 
86.95
59
666571 249759 501912 724835 666535 511794 515624 622752 178290 516941 374008 3510 514564 231002 460691 622253 310311 568336 267693 601079 515063 537482 362890 468310 564213 643661 10409 739426 76468 279316 487212 581702 17161 597482 610290 394137 490156 618933 741130 299480 505411 93543 454645 492823 26766 333235 292350 288815 5971 106866 170751 298480 84722 552673 173157 284634 306906 663157 667254 
95.883
45
422229 272185 544764 152285 444885 542191 275296 478536 407836 300069 275473 340325 530595 285850 322286 695961 561079 609554 572823 97184 244570 666448 321959 589563 486074 140216 409927 652790 86454 95307 349826 517039 81830 705388 661366 295233 293386 220726 79522 10981 740067 153269 215986 304545 590313 
101.837
47
192464 57500 617606 86957 483076 716468 245167 472603 338789 265416 118847 299204 665025 705044 274215 34898 72281 335753 144825 234894 215477 696816 736507 620386 412604 504164 350073 713302 690826 419206 611161 107996 614569 223248 558628 743939 717000 214138 308447 290233 277824 76854 665108 119943 468004 235212 463077 
87.67
64
19713 731180 175421 670186 690175 276365 671127 589662 640237 443507 312203 404088 553597 222025 405818 535411 741206 115570 472913 739580 397368 13770 672140 306435 243788 94480 76649 168482 56170 550991 322449 504787 504731 288675 399621 249248 331011 512127 693864 370792 37189 96829 519815 78473 66965 365595 610487 263764 430736 324163 546480 141610 732608 413744 252446 256723 134941 246599 708019 289483 243027 350330 214259 477516 
83.248
50
398896 700221 299318 523859 445308 543435 98100 173830 346965 466866 68744 11511 520574 688683 39721 295339 436325 459471 244087 703009 656522 298805 389544 595690 86572 11036 591991 110409 470420 340164 230912 594575 253420 508190 498979 465254 157419 154961 457531 226845 706739 711025 595535 619533 154483 387147 156524 84735 128857 178393 
88.821
56
353164 436511 366480 299310 140273 279968 665263 90157 375624 619510 703078 130159 557882 407842 344942 279329 338252 649069 532686 394477 144919 384824 62688 701150 242655 160531 567637 213280 595082 209418 214101 244027 742766 652573 711759 219515 397748 31984 513346 470586 241728 212062 713296 518040 583866 560278 4417 507968 682749 102541 408480 175894 623084 133746 175784 735788 
86.952
53
654246 283445 326906 475442 339245 95387 280675 535326 409783 465981 700230 317070 655461 584256 137789 137555 110822 169291 89579 193830 351036 715833 408210 84948 637293 299403 88555 128476 725175 5978 324169 66078 695952 111330 377989 569145 315367 235264 433015 117328 732432 721824 433728 175448 320847 604335 647354 299950 78603 49753 517106 372980 564554 
83.424
63
407856 311368 473350 548665 164190 189778 265791 664230 433190 720948 64653 625037 390174 670317 159377 221090 127741 540581 94459 102432 482440 238893 215178 398200 115430 449609 740801 587459 360562 224835 91317 470038 424548 414097 333830 348905 503216 211387 279935 651074 71324 305162 590588 597471 443781 704539 43412 4290 380482 5691 383595 40719 569221 312620 280136 233265 569059 138310 267373 256804 410135 120577 411162 
83.344
45
290088 113492 662556 156537 643343 3723 328907 69491 337709 648172 436898 251061 727049 730713 64247 173562 384753 245144 634871 432271 583897 550172 715006 425289 69153 553490 264891 266212 356566 565723 295812 734345 482441 35103 489091 543497 683324 89447 301409 697891 596341 232357 116066 238847 291720 
94.062
51
713380 403414 172403 151522 379339 33967 195448 711406 215600 570428 302537 12323 323863 684240 342486 686923 108910 737489 575936 90844 216066 62032 419522 150289 559325 56354 61274 424313 533266 662333 216282 736477 18851 370446 37661 452160 735916 18755 718897 370011 116836 254527 719035 204989 34376 684723 374682 523774 65091 560110 604541 
95.833
47
100544 606217 41617 418341 499681 151003 249949 343072 692832 40735 17333 638285 477507 692332 740626 598956 233173 536308 257596 737852 603179 522844 551919 194188 14697 540480 169039 518697 692695 552602 679374 298102 611200 481383 46347 248134 428657 148777 10042 110616 110552 626711 184017 575101 527156 40177 93114 
101.234
50
559961 692475 241911 60332 728232 210398 429591 449933 428943 315437 477135 182024 47705 181539 345344 484279 178223 592625 241697 427223 498068 348848 726479 540296 552399 474848 136404 141068 714678 602467 305332 395431 187892 474188 131176 359629 510466 124807 599491 346310 622558 418687 146435 699313 585253 405671 164233 456264 466944 510157 
90.26
53
229521 144357 119540 92219 274358 616403 59040 538241 176958 421486 478798 57305 663082 340458 731533 692132 590582 720115 397473 360665 735166 530827 538078 529414 516188 609558 323104 674923 634983 727717 721054 162209 248896 493204 347968 573406 60714 717056 510507 624513 390812 344607 241984 315919 300749 69584 700593 358462 68305 450476 623949 248299 420985 
87.839
46
569026 326536 198711 144355 397551 474701 291623 216092 355709 116411 319370 718342 488577 50977 399120 493280 593580 505518 187365 34897 569626 385904 208550 499440 475712 131743 18537 322442 647411 141419 293860 604329 381597 507650 111312 634610 78488 164021 291241 641947 186028 252434 394274 543635 308735 344648 
79.608
