18
4470 1996 1542 7205 250 2674 4064 634 2094 1280 6108 1912 3660 5576 3008 534 3515 5456 
0.687
22
6311 7441 454 7024 3343 695 837 7089 470 2675 6110 6667 6432 2929 2994 2224 504 191 877 819 4497 7160 
0.569
21
4578 1264 339 7439 6611 4926 1514 408 5961 4445 185 4364 3091 1128 3459 7133 4583 4118 4 2660 2652 
0.384
26
1407 5243 4651 2275 989 6080 3625 7441 6541 6973 4818 5402 3878 4474 5577 6351 5924 1818 1489 3508 3342 1879 7148 3667 2667 4581 
0.51
21
1306 4276 7040 3681 6222 3442 5460 6078 5888 6372 4604 5962 1003 7274 2862 1310 3588 6001 6034 1297 3455 
0.819
22
2200 2169 7003 6473 760 2615 5587 7285 4138 2794 3206 6961 7252 6778 2711 5225 6908 1293 1656 4342 94 2553 
0.806
20
2938 1915 2616 1552 5122 7147 5460 6466 6681 3999 2949 4997 4176 5197 4330 1147 6003 6856 196 7096 
0.634
19
6492 6784 6184 2773 6180 73 5158 2979 1438 5306 6066 1210 5318 1670 840 6933 1959 1550 7320 
1.038
16
935 2220 6399 6105 7438 4159 3389 4494 742 5163 5421 7167 2896 2697 2447 6017 
1.441
20
3380 7315 4300 5982 5300 6204 2476 4872 6474 5776 5984 5150 2904 3198 2212 5291 7330 6200 2153 7053 
1.422
19
6987 1064 1408 5858 7263 4427 803 3701 13 1643 5476 4511 6423 2694 41 3707 581 1589 4007 
0.604
23
117 6947 22 2996 6046 5404 4474 5250 1326 7035 6699 1591 85 4816 5106 6166 1899 7259 64 6595 7075 2580 3055 
0.489
22
2118 3335 5705 4218 6037 4594 6247 5094 2680 7094 7339 4980 6710 4988 2651 1169 5557 3937 3392 1834 794 4757 
0.72
16
2345 6655 2898 5168 5739 877 6821 7351 2984 5034 2978 61 4525 3626 1039 6830 
0.7
24
4363 5514 4307 3418 7192 3259 1973 4728 2751 5286 572 5147 2820 559 4990 273 7307 347 3487 674 4601 4971 3515 5526 
0.488
19
6830 3936 7002 5827 6120 858 621 3898 2443 970 5555 5359 7114 4502 7243 5352 6890 2744 3230 
1.079
16
771 2141 4386 2235 4678 2424 4638 4759 6221 5583 3273 1436 6255 6405 4404 4039 
0.396
19
2408 7270 4948 453 4472 4182 6721 5592 1689 6115 3181 5615 943 2871 4116 6850 2650 4757 6769 
1.761
18
5274 3327 1061 6632 6725 5645 3487 6713 4136 1955 1648 2632 5388 4598 498 4369 1471 2745 
0.765
17
2976 2245 6933 7270 6624 528 6457 4619 5469 2213 3739 7316 6069 1263 4845 71 1293 
1.535
16
7404 2138 7317 3965 1292 6235 3773 5705 285 6325 2866 1480 3861 3928 184 243 
0.812
19
6345 3033 227 3559 5399 3319 6297 7188 2754 1185 5131 5778 3209 7117 3732 4187 4741 1438 3715 
1.299
19
1722 673 2050 2669 3886 4745 913 6915 6682 3495 2579 2200 4386 6875 6299 2447 1658 2070 2249 
0.797
19
5065 5290 6711 1066 1790 979 3724 2323 4585 7447 6232 4573 4631 6470 3794 6835 1448 5599 5718 
0.657
18
76 4305 4137 58 226 612 598 1717 6552 5506 2492 6445 3875 1037 363 3304 265 4558 
1.226
25
6816 474 1307 711 7415 6007 5501 3158 1257 0 4012 623 5024 4165 1063 7301 2493 6841 2046 4697 6540 6363 363 2081 7342 
1.199
16
469 5664 7422 5765 2301 4217 4701 1625 2517 3680 6265 353 5835 4410 860 1643 
0.73
20
3515 3569 4766 6470 3626 51 5552 2242 4595 6815 4168 2852 2287 205 6292 724 911 4252 1571 4853 
0.464
18
4921 1898 439 2393 456 4834 3417 5163 737 1708 6194 4099 7442 3162 4207 3611 3609 6238 
1.119
16
2918 2951 2180 3027 4158 1578 3437 5388 6086 4232 5852 6171 5158 5387 4002 6858 
1.547
18
3551 2780 405 456 4235 272 7449 5622 1797 5525 3929 3321 1312 7232 2343 2359 2489 5909 
0.588
24
6136 4794 736 1992 5407 6213 1611 2348 1984 2231 760 5992 6559 2512 3131 1261 5445 197 6429 23 2396 7067 2857 5449 
0.709
16
1906 7074 3796 2644 2138 1565 4396 5841 4918 7330 3251 637 554 4206 1117 5964 
0.52
21
1163 4814 7313 5587 5709 1763 1590 6745 645 6876 6496 4571 7212 3031 3984 6820 1983 6205 6863 2461 2534 
1.078
24
5925 2548 1750 1658 2522 3433 3012 3833 7238 6326 4525 4694 6543 5533 5895 3639 6580 5005 2612 800 1681 58 1859 2709 
0.996
22
2412 2658 84 3535 6437 2662 5990 5532 3853 4993 2293 7091 7388 5654 3487 5112 3670 6365 4640 3035 413 6857 
1.058
16
4482 5995 5072 4303 4835 2270 4210 3872 1328 5566 1342 4688 7363 2739 4235 5286 
1.524
18
817 5835 3203 5874 2693 1585 2620 2960 1346 2652 843 2550 5648 787 425 7317 404 4158 
0.455
19
4431 1930 3933 2727 7310 588 5119 4734 3715 6429 939 1723 2824 7394 3920 4029 4866 814 4070 
0.706
23
2021 5360 6178 5009 4817 4302 4182 6886 7225 3531 401 547 3802 2029 7136 6267 2407 4107 3459 2430 1608 4053 6003 
0.71
17
672 6510 3712 5189 6457 5947 566 1918 3739 4943 4451 5875 5279 5845 3826 42 3623 
2.167
17
2813 7340 3986 2222 6769 3971 7203 7211 7387 3446 976 3452 293 1816 4438 4405 4666 
1.067
22
3463 1224 5061 4422 1949 3298 5288 5810 6429 3243 2611 5972 6027 6333 4518 6378 6808 409 3216 5390 1214 7105 
0.466
17
2642 3322 1099 6020 3543 4883 2047 723 2471 5028 939 4961 1525 5682 599 2104 2987 
0.442
16
2361 1106 3543 6901 6948 5301 2511 1251 4996 1049 783 1402 5950 2519 532 5603 
0.819
21
3840 4262 2127 3426 6149 7432 4313 2181 7103 6265 4834 5339 2668 7188 4011 2683 4246 224 4101 3721 4723 
1.599
16
4014 6176 4725 4592 2135 1519 3709 4895 703 6147 4826 6899 1669 319 180 2003 
0.496
20
6493 1620 5860 4768 1177 6113 6816 2039 1661 7217 3858 5282 6971 6711 5790 2768 4821 7384 4401 5858 
0.834
21
718 5422 2863 4289 1770 2197 6111 6240 6200 5826 1901 6073 6905 3092 3580 667 4199 109 921 522 4398 
0.891
19
601 2105 221 5636 7128 5424 224 6229 1742 789 383 2471 4926 3345 5865 5961 1255 3696 4146 
0.718
18
2674 3584 7142 6821 738 6789 1941 985 240 4224 5778 7089 2018 7069 2669 5540 2176 3725 
1.122
20
3197 4854 6422 6432 3628 4149 5471 459 2450 720 4188 7284 6575 1755 5319 1464 2141 6588 2721 7120 
0.821
22
133 1101 6454 2040 3296 4465 3037 4588 6908 6273 2615 3589 4754 7272 374 4077 7080 1521 3266 7233 1898 4164 
0.843
24
7300 4722 2131 3710 7208 6623 2556 6274 330 7058 6679 2877 4524 6115 3874 4450 517 1028 7317 861 3321 507 2566 5442 
0.543
25
5712 3141 3713 1371 5933 418 645 1357 2365 17 935 7389 4731 2164 4038 3696 5207 6492 2140 5233 2377 3943 3186 98 4474 
0.554
22
4998 865 952 6065 6289 6070 2692 5225 138 369 5094 4962 3727 4200 3135 5903 3997 6375 3275 441 1324 2705 
0.61
17
6996 982 7 7311 414 1115 6867 6549 1793 3076 4906 4030 3423 116 6375 102 6718 
0.997
18
1589 5730 2421 1866 3308 4966 637 3517 6047 7361 1870 5774 2698 2715 910 2752 878 3650 
1.266
24
3901 1897 7363 4020 7159 77 1038 3777 5667 3039 5978 5506 4927 6666 4757 6213 4289 3733 7164 3752 2843 2726 3584 5284 
0.676
25
4650 3113 1526 1393 6843 123 904 5724 6191 5933 4145 2643 2270 5410 743 3856 267 4967 4473 3246 6075 1134 3055 2385 5861 
1.04
20
7382 383 7188 1946 4927 5198 7417 5420 3288 1210 1909 7171 6014 4911 3709 5492 5517 1786 1413 5543 
0.62
18
5672 5940 489 3284 3591 5277 5618 1615 5299 3711 2744 5802 887 1710 4 1959 2604 2893 
0.57
21
6184 1047 5478 1478 2852 5966 1926 390 640 1307 172 1612 3264 4392 4653 2792 985 4092 7376 1739 2489 
1.595
20
647 933 4320 4212 5585 4087 3133 4698 5295 4541 2895 6995 6942 6381 4694 1393 5775 3617 1578 3627 
0.479
20
1946 6110 6823 3554 55 7341 6495 7347 5907 2638 7079 7016 2696 7228 7150 1163 5752 5728 2457 5586 
0.639
19
7358 5796 2139 5923 4154 5099 5356 4460 7125 7286 1729 453 728 6758 3551 1550 7277 2095 4794 
0.664
23
1278 5281 4583 3672 6131 4828 220 6078 4894 1708 2050 5909 1429 4917 3156 1113 6762 2074 1575 5308 1306 1474 6599 
0.5
15
3844 4050 4021 4701 2013 2911 2081 812 257 4435 3768 7270 3323 3606 6875 
2.488
27
3786 4098 2491 3702 386 3299 3931 2220 2592 6764 5437 340 5895 208 948 1062 2599 5931 7407 38 480 4619 3869 3335 3288 1871 6612 
0.906
15
1739 6450 158 6774 6074 4330 4480 1613 3575 2856 6323 1186 6801 5833 7054 
1.3
17
4023 298 6535 6396 759 357 984 2415 3486 2610 4584 1014 2409 5806 5186 3045 4612 
1.11
22
6043 7342 6567 7118 2587 1116 7413 5072 4018 3788 3118 6583 6297 2315 5581 2168 846 5157 3258 6045 6740 7420 
0.833
25
488 6829 154 2942 6989 2317 2466 868 6397 372 2241 6221 3574 1474 680 4391 2531 5067 5019 3598 3113 1688 6740 2553 93 
0.713
19
3450 2935 5351 1792 6914 6940 4923 3829 3762 3459 1385 918 6306 1154 880 1325 977 2140 6383 
1.121
23
2763 1266 5616 7358 2845 4230 4102 3701 1807 6014 5211 6303 2890 3515 861 1582 445 4938 4231 1214 5483 4961 6684 
0.683
18
4276 718 1373 5346 7099 863 1144 209 3788 6967 5648 6852 1464 913 7251 2230 4938 3358 
0.399
17
4377 3149 5835 5905 4961 1938 2135 3393 3266 6335 5693 4357 6398 3417 858 4577 7285 
1.28
25
1069 2036 6198 7102 3455 1830 2562 3550 2291 3801 5797 5922 1635 3440 5061 4646 424 1136 4751 5442 6723 6123 5267 3220 3241 
0.4
18
6294 6272 4909 2063 2478 2092 156 3317 5928 5598 5791 5608 5423 313 4275 3805 6161 6406 
0.911
22
3134 3260 7001 1759 2899 5732 4346 981 2246 3742 5823 5498 226 1833 668 3347 4529 3087 728 2867 112 2381 
0.696
18
4867 6908 398 3966 1469 5340 4577 7184 3912 4502 3548 539 33 578 7148 5044 1709 3153 
0.605
18
890 4741 4920 2893 59 2346 1273 6281 6781 4811 1014 7331 7198 2439 2531 118 1311 3899 
1.284
22
7023 5567 5344 6736 4395 220 3820 3164 4619 2167 379 6567 6122 4916 1901 1839 2506 4196 1607 5224 3133 7092 
1.047
18
5327 7136 2899 5210 6409 2252 5315 6455 3719 2543 2846 6753 7236 5944 4186 1999 1817 6036 
1.026
16
2678 4572 4227 4674 6090 4048 7045 2383 740 3074 1557 3692 5177 2674 2565 4173 
2.339
24
5645 5173 3284 3519 7006 3654 531 4668 1854 295 3981 1844 6913 6562 152 3562 1477 1085 7012 3973 2800 855 506 1675 
0.607
18
5519 6639 6223 2989 6052 997 2079 2655 7226 5190 5876 3774 1780 6323 4164 5285 387 3299 
1.489
21
5598 1695 6656 5935 2630 909 1647 284 782 2188 5886 6746 1160 307 5198 1960 5548 5495 2098 7436 7144 
0.399
17
5452 2512 4298 6416 7320 579 7266 1469 7408 7143 7076 4186 4288 4762 3360 731 964 
0.64
23
1839 5175 1570 3999 2553 2050 6118 1698 2366 5535 2850 537 2656 2691 1295 6011 2807 2465 2780 4701 4181 3864 4132 
1.348
20
342 1436 1474 4250 6736 6104 5444 2768 3862 4303 857 3469 4002 5933 1719 5974 1020 5321 3365 3557 
0.582
23
2719 6059 203 4495 6980 847 2372 6382 2563 2692 5742 2380 2259 5444 1963 2708 7430 5808 5257 2853 937 2168 5698 
0.645
16
5196 1428 5103 4436 3235 4128 4132 913 3549 777 4873 7229 5239 5855 1695 4714 
0.596
20
4670 1922 3678 6312 267 449 6500 3326 1456 3580 4780 4162 6313 4748 2481 6301 379 314 6108 6110 
0.608
16
688 4834 5574 5229 584 5277 4851 3106 3130 6016 989 3567 6516 5744 2708 4979 
0.91
18
5232 6367 771 1798 731 1058 7263 2680 5783 696 693 5873 2621 3346 1496 5080 1423 2239 
0.425
13
5352 1705 1205 4954 4820 2408 7024 5105 5464 7248 305 88 5412 
0.787
20
7402 1607 3201 2728 7077 660 2874 7066 6594 380 5958 5601 4326 6019 3529 6625 2011 5555 1803 6543 
0.894
19
430 2066 768 3737 1351 5355 3947 6766 3733 6323 2479 120 2187 2603 4110 2945 5689 3185 4157 
0.436
20
3545 4333 2958 4370 1122 7192 5345 3208 5671 4827 3079 2665 1902 1558 29 1321 1967 4397 1209 1949 
0.664
