18
1996 1542 3660 5576 250 7205 534 634 2674 4064 4470 1912 1280 2094 6108 3008 3515 5456 
141.53
22
470 7441 837 191 6432 7089 2224 2994 877 6311 3343 2675 6667 4269 6110 7160 454 7024 2929 695 504 5785 
141.387
21
1264 339 7439 408 185 4926 4445 1514 6611 5961 306 2652 4118 4364 4583 3459 1128 7133 4578 4 2660 
124.77
26
3878 5402 6541 6351 4818 6973 1879 3508 3667 5924 7148 5577 3342 4474 1818 1489 1407 5243 2275 989 4651 7441 3625 6080 2667 4581 
113.446
21
1518 6691 479 7040 4276 5460 3681 6222 6078 6372 5888 7274 1054 2496 3442 355 3455 4632 1306 297 5639 
161.558
22
3206 6961 2169 760 2615 5587 4342 1293 2794 5225 2711 6778 1656 4138 7285 6908 7252 6473 2200 7003 94 2553 
119.773
20
1915 5460 6466 6003 4176 4330 1552 3999 2938 7147 5122 2616 2949 6681 1147 6856 4997 5197 196 7096 
106.116
19
6784 6184 6180 2773 840 1959 6933 1438 5306 2979 73 5158 5318 6066 1670 1210 6492 1550 7320 
112.771
16
6399 3389 4159 7438 5421 4494 742 6105 2220 935 7167 2697 5163 2896 2447 6017 
86.695
20
5300 6204 2476 5291 4300 6474 5776 3198 5150 6200 7330 2904 2212 4872 7315 5984 5982 3380 2153 7053 
123.165
19
7263 1643 3701 4427 3707 4511 13 5858 6423 1064 1408 4007 6987 2694 5476 581 803 41 6216 
91.881
23
22 6046 1326 5404 4816 7259 64 85 7075 1899 1591 7035 6166 6595 5106 6699 4474 5250 117 6947 2996 2580 3055 
116.971
22
3937 6037 2680 2118 1169 3392 7339 5705 4218 2651 5557 1834 4594 3335 5094 6710 4988 4980 7094 6247 794 4757 
122.977
16
2293 2202 2079 3437 3655 306 5141 3060 5150 2164 2345 1047 6830 1574 379 6533 
92.819
24
4363 4307 7192 5514 572 5147 1973 5286 273 4990 7307 3418 3259 2751 4728 3487 4971 4601 674 347 559 2820 3515 5526 
158.825
19
3936 5352 621 4502 5555 3898 7243 6120 970 2443 5359 7114 6890 6830 7002 858 5827 2744 3230 
117.509
16
4678 5583 233 481 1377 3805 4290 5923 2324 3456 471 657 3955 2085 771 2841 
107.714
19
1689 5615 6721 453 6115 4472 4948 2408 6769 7270 4182 5592 6850 4116 3181 943 2871 2650 4817 
109.95
18
5582 3327 6632 6713 2632 2930 498 6725 4598 5388 7394 4053 1061 4759 6598 3201 167 4401 
135.683
17
4619 7270 2245 1263 2213 6457 6069 6624 6933 2976 528 5469 7316 3739 4845 71 1293 
121.614
16
3773 6235 1292 3965 7404 2138 2866 3861 5705 6325 285 3928 1480 7317 184 243 
81.588
19
2754 227 5778 3732 3559 7188 6297 3319 3033 6345 5399 1185 3209 4187 5131 7117 4741 1438 3715 
125.417
19
4386 6875 6915 3495 6682 2200 6299 2579 2447 1658 673 1722 2669 4745 2050 913 3886 2070 2249 
86.999
19
5290 979 1790 7447 6232 6711 3724 4573 6470 1448 3794 6835 4631 2323 5065 1066 4585 5599 5718 
133.709
18
6445 363 1717 6552 612 3875 5506 226 76 1037 3304 58 598 4137 4305 2492 265 4558 
122.516
25
4012 1063 4697 4165 623 711 1307 6363 6841 2081 6816 7342 0 3158 5501 2046 7301 474 7415 5024 6007 1257 2493 1056 6540 
137.375
16
2301 5765 5835 4410 2517 1625 4217 6265 3680 4701 7422 469 5664 353 860 1643 
109.473
20
3515 3569 2287 2242 3626 6470 6815 4168 2852 6292 4766 51 5552 4595 205 724 4252 911 1571 4853 
136.459
18
7442 4099 5519 2393 3611 3417 3609 439 4207 2114 7219 4595 6712 1827 6988 6533 146 5809 
123.34
16
5685 4654 2995 3980 2999 4923 3478 2804 2180 4102 7056 4158 3296 3552 193 395 
109.689
18
7051 7418 811 2343 2489 5743 456 278 1775 4412 4981 1073 7442 1419 272 5525 1314 2078 
149.82
24
4794 1611 1992 5407 6213 2348 2231 5992 1984 736 760 3131 6559 6429 5445 6136 2512 1261 197 23 7067 2396 2857 5449 
155.261
16
2644 1906 4918 4206 5841 1565 637 3251 554 3796 7074 7330 4396 2138 1117 5964 
109.717
21
6876 6863 7212 5587 645 3984 4571 1910 2461 5709 1763 6820 6205 6496 4814 1983 6745 7313 3031 1163 6380 
106.137
24
3833 1750 1658 5895 1681 4694 4525 3012 3433 2548 5925 2612 5533 1859 2522 3639 6543 6326 7238 800 781 5222 39 6580 
167.68
22
84 2658 2412 2293 3670 5532 5654 6437 5990 7091 3853 4993 3535 4640 6365 2662 5112 7388 3035 3487 413 6857 
132.576
16
3872 5995 4835 2270 4482 4688 5072 4303 1328 1342 5286 3451 5566 4210 2739 3477 
88.368
18
817 5874 3203 5835 2693 1585 1346 2620 2652 843 2960 787 404 2550 4158 5648 425 7317 
153.851
19
588 3920 4029 3933 2727 7310 4734 6429 5119 1930 939 7394 1723 4866 2824 3715 4431 814 4070 
108.38
23
4182 3531 4817 547 4107 5009 1608 7136 401 6886 2021 2407 6267 3459 2029 2430 3802 5360 4302 7225 6178 4053 6003 
127.857
17
4943 5189 5845 6457 4451 566 3623 672 5947 3826 3712 3739 1918 6510 5875 42 4010 
111.143
17
1067 4791 5610 5563 3092 2813 1190 4666 2445 4013 4894 2060 6621 2627 2916 729 4908 
122.964
22
3463 1224 1949 3298 6429 3243 5061 4422 6333 5288 5810 6808 5972 6378 409 2611 6027 4518 5390 3216 1214 7105 
147.593
17
6020 3131 2980 5211 4300 830 1059 5122 688 6310 4293 2842 4604 7394 2642 1960 6423 
98.479
16
4996 2361 6901 1106 3543 2511 6948 1402 5950 2519 1049 5301 1251 783 532 5603 
81.3
21
7103 224 4011 4246 3426 6265 7432 3840 5339 2668 4262 4101 2683 7188 4834 2181 2127 6149 4313 3721 4723 
123.058
16
6176 4725 2135 703 3709 4592 1519 6147 4826 319 1669 6899 4895 4014 180 2003 
95.634
20
5860 1620 4768 1821 6113 1177 5858 4189 5938 6807 3118 3244 7289 1453 483 1546 5930 6493 1064 1947 
164.641
21
921 109 6905 4199 667 1901 5422 6200 3092 2197 2863 6111 3580 6073 5826 1770 6240 718 4289 522 4398 
97.838
19
5961 383 601 789 1255 221 4926 5636 224 1742 2105 2471 5865 6229 7128 5424 3345 3696 4146 
129.151
18
2674 3584 7142 6789 4224 240 985 5778 6821 2018 7089 1941 738 5540 2669 7069 2176 3725 
125.158
20
3197 5471 4188 7284 459 6422 6575 2141 6588 5319 4854 4149 1464 1755 720 3628 2450 6432 2721 7120 
106.631
22
3589 4465 4754 7272 133 1101 3037 4588 374 1521 6273 6454 2615 6908 3266 7233 7080 4077 3296 2040 1898 4164 
146.71
24
2877 6623 4722 3710 3874 2556 7300 507 330 6274 6679 861 6115 2131 4524 7317 1028 3321 7058 2566 4450 7208 517 2910 
137.025
25
1371 3713 3186 5712 935 6492 4731 418 7389 5233 2140 2377 5207 3696 2164 17 645 3141 5933 3943 4038 2365 1357 98 4474 
169.693
22
3135 4962 2692 6065 3997 3727 369 5094 6070 865 4998 138 5225 441 6375 1366 952 6289 2609 1941 1324 2705 
158.301
17
1793 3076 4030 6996 982 116 4906 6549 414 1115 7 7311 6867 6375 3423 102 6718 
95.999
18
5730 6047 1866 7361 4966 2752 1589 637 3308 5774 2698 2715 3517 2421 910 1870 878 3650 
106.823
24
1038 3039 7159 5667 4020 7363 2843 7164 4289 4757 2726 1897 77 3777 4927 3733 6213 6666 3901 5506 5978 3752 3584 5284 
202.254
25
3113 2643 4145 5410 2270 6191 6843 123 5933 5724 3856 904 1526 6406 4473 6075 3055 267 4967 743 4650 5861 1393 2250 3246 
213.337
20
7171 1786 4911 6014 5492 3709 1210 1909 3288 5420 5517 7188 5198 4927 7417 1946 383 7382 1413 5543 
120.771
18
6702 1710 4154 1311 2698 489 3591 5940 5618 3284 5277 3003 2744 1615 4992 5739 1505 2604 
113.444
21
1047 2792 1307 640 2852 5966 4092 1478 6184 5478 1612 3264 390 1926 985 4653 7376 172 4392 1739 2489 
128.147
20
647 4087 5585 4212 933 3133 4698 5775 1393 3617 6942 4320 5295 4541 4694 6381 6995 2895 1578 3627 
137.552
20
6495 5907 7079 6110 7341 7016 2696 1163 5728 2457 1946 7347 7228 7150 3554 6823 55 2638 773 5752 
131.656
19
7358 2139 4154 5099 1550 3551 453 7125 4460 5796 1729 6758 728 7286 5356 5923 7277 2095 4794 
132.011
23
5281 5308 220 3672 1278 4894 2050 4828 6131 6078 1708 5909 2074 1306 1575 1113 6762 4917 1429 3156 4583 1474 6599 
146.521
15
2081 4050 3844 2911 4021 4701 2013 812 3768 4435 257 3323 7270 3606 6875 
78.079
27
3702 208 340 2592 3299 5437 480 1062 3931 386 2491 3869 4619 2599 38 948 5895 3288 3335 4098 5931 2220 3786 6764 7407 1871 6612 
159.28
15
4330 4480 6074 2856 158 1613 6450 6801 2310 5059 6335 6848 4829 276 4932 
94.202
17
298 984 2415 6535 4023 357 4584 3486 5806 4612 759 6396 2610 1014 2409 2422 5186 
80.03
22
5072 7413 4018 1116 7342 6583 2315 2168 5157 846 5581 7118 6043 3258 6045 3788 6567 3118 6297 2587 6740 7420 
166.879
25
4391 5019 680 6221 5067 3574 2531 2241 6397 2553 3653 93 1688 3598 3113 4263 6428 488 154 6829 868 6989 2942 16 1474 
159.36
19
3459 3829 3762 5351 3450 880 1154 918 1385 6940 1792 2935 6914 1325 977 6306 4923 2140 6383 
86.174
23
4230 1266 2763 5616 5483 4231 6014 3701 7358 4102 1807 2890 1214 5211 2845 6303 1582 445 3515 4938 861 4961 6684 
134.572
18
1144 4276 718 1373 4383 3996 6433 1714 4643 1454 5775 2684 3432 1506 1965 3571 1909 3538 
111.414
17
1938 5693 6398 4357 3149 4377 3393 7285 5905 5835 4577 3266 2135 858 4961 3925 6335 
103.428
25
4646 3220 4751 424 1136 3440 6123 5442 5267 1023 1069 6198 2036 3455 7102 3550 1635 5797 5922 2291 1830 3801 2562 2659 5061 
177.685
18
5530 2092 2478 1385 3591 4218 6406 4909 5598 5608 5928 6294 6272 313 4275 5423 3317 4061 
112.73
22
728 2867 3087 3347 981 7001 3134 5823 4346 2899 2246 5498 1833 1759 3260 5732 4529 226 668 3742 112 2381 
131.92
18
3548 4502 7184 3912 1469 4577 398 4867 6908 3966 539 7148 33 578 5044 5340 1709 3153 
114.509
18
4920 4741 2346 6281 4811 6781 890 3899 59 1273 2893 1014 7331 2439 2531 7198 118 966 
111.368
22
2167 4619 6736 7023 379 1901 4196 5344 6122 4395 4916 1839 6567 220 3164 5567 252 2506 3820 1607 3133 7092 
123.978
18
2252 4175 5102 284 320 1045 4290 5410 169 1447 7136 5327 5210 5692 6409 5315 1310 2705 
133.287
16
740 2674 2383 4674 3074 6090 2678 2565 5177 3692 4048 4227 4572 4173 1645 7045 
95.392
24
855 1085 5645 6562 3973 531 7006 4668 295 1854 5173 3284 3519 3654 3981 2800 152 3562 1844 6913 1477 7012 506 1675 
186.986
18
6223 7226 2655 2079 5876 5190 6639 2989 6052 6323 1780 3774 5519 4164 5285 997 387 3299 
109.223
21
5598 1695 5935 6656 284 1647 909 782 1960 2630 5198 6746 1160 7436 307 2098 2188 7144 5886 5495 5548 
153.402
17
2559 999 5003 6392 5914 5226 4502 985 1110 904 317 5452 7320 6161 684 131 3207 
98.883
23
6118 2366 1295 2465 2807 4181 4701 2780 5535 537 2691 6011 1570 1698 2553 1839 3999 2656 2850 5175 2050 3864 4132 
155.572
20
857 3862 5933 5321 6104 6736 1436 4303 4002 5444 1719 3469 342 1474 2768 4250 1020 5974 3365 3557 
117.636
23
5444 203 6980 2692 937 4495 2719 847 5257 2708 6382 1963 2372 2563 6059 2259 5808 5742 7430 2853 2380 2168 5698 
166.984
16
5855 5239 4436 5196 1428 3549 4132 3235 5103 913 777 4128 4873 7229 1695 4714 
103.319
20
4670 4162 6500 6313 6120 394 4748 4780 6312 1922 3678 1798 267 6108 449 3326 6301 314 379 2169 
118.105
16
6598 7353 2121 5943 3011 7215 5170 2708 1457 5229 2545 5427 1642 5846 932 1487 
83.044
18
771 1798 1058 731 5783 5232 696 693 7263 6367 3346 2621 1496 5873 2680 5080 1423 2239 
83.352
13
1705 7248 1205 4954 5464 5105 2408 4820 5352 305 7024 88 5412 
77.347
20
7066 6625 5958 6019 2874 4326 6594 660 7077 4794 6962 380 5601 6543 7402 1607 2728 3201 171 3529 
104.709
19
2066 3947 6323 3733 1351 768 430 5355 6766 5689 120 2479 3737 2187 2945 4110 2603 3185 4157 
98.262
20
2665 1558 3208 3545 1122 5345 1321 3079 1902 4397 5671 1967 4370 7192 4333 2958 4827 29 1209 1949 
124.733
