32
55373 6997 19421 61507 19427 18285 39019 56796 33163 29833 51759 18264 11889 34667 23698 21046 26166 45419 34713 65379 57092 7394 26430 65437 63209 62541 46873 18604 26294 15119 54940 65090 
5.24
28
51967 47054 73007 52866 12244 10101 32323 46769 5669 28255 61960 45500 61843 37249 6243 74303 59459 33348 40167 30441 48529 2535 18064 24859 40173 7522 4216 35111 
5.894
40
43531 67320 21247 21047 12718 39601 71556 68575 32913 16666 66296 46305 17926 21258 69260 36067 6455 28051 9684 30253 30836 22642 25483 12975 30073 8126 62156 47580 65467 64432 22598 10363 44133 56070 12497 14694 32555 20919 39148 52146 
4.204
28
63954 718 34516 31239 61680 17255 73508 49768 21932 46265 17106 55715 26286 3612 50229 37266 46576 25661 41235 24966 26791 7415 38726 31490 1188 53672 2171 5884 
5.641
30
31774 7136 16049 65109 55126 57470 71986 36159 12502 18664 36296 17220 60024 36360 18113 59076 32523 45346 63499 16054 58708 39366 71620 70232 58300 68162 9345 24920 49652 71606 
5.544
37
38958 70041 25657 51253 66683 52587 13149 56284 68273 5064 31495 9418 68389 20397 59623 32326 62016 48810 51486 32059 31165 63018 25175 5213 10522 8073 13838 66077 18956 57015 64910 18351 73064 34805 56472 4627 72950 
5.014
30
42219 59465 52055 21086 13600 10974 18409 33659 39681 61712 39032 67994 72256 11343 9419 60911 14049 70180 51496 70208 65127 69362 28071 25243 65797 25148 55071 39080 12373 34418 
6.581
37
29028 53109 52822 64957 48293 74209 24741 59526 8663 62885 25917 42974 24476 31207 4948 34000 72800 49188 15541 70374 16836 23645 39761 61075 62877 6796 6733 62569 51587 48557 38950 27014 23174 72234 46170 12428 20829 
4.514
30
62321 39090 20618 5846 30097 62991 6858 33968 53796 39424 22581 6836 52720 69810 25819 47359 64797 2429 64950 27453 5068 13621 73004 58412 22571 48000 17197 26801 58079 67823 
7.285
33
9999 20819 71123 33673 49585 49200 1205 7653 39616 11735 67133 10450 7552 59638 45419 48621 62670 54393 6360 69106 48634 34182 70977 13836 3444 9830 64594 74032 39022 9664 22528 39485 69187 
6.363
30
7157 35821 25133 58548 27262 7984 56082 54978 21152 29287 41666 44078 52894 18326 35517 61947 15208 26551 59705 8908 57463 64478 6856 15067 53274 59960 5434 69493 8355 16587 
4.112
36
69730 10785 70950 37957 39726 28335 50759 58537 47308 13840 4986 68117 37309 25842 45271 26672 64205 3791 60908 7241 42279 55328 15726 1059 27440 20378 21258 62124 13280 33526 70287 155 9565 33821 27623 47235 
5.085
33
29607 18814 65519 4600 19962 34325 65782 44921 56202 59613 28234 63840 4982 23467 25452 70235 46607 8645 47588 640 48742 2936 67698 9612 18922 28476 31669 37445 38077 26853 57730 51827 72787 
7.081
33
3558 46497 71476 22809 18895 27139 44408 55155 57129 30997 57319 63211 21649 19823 24801 5156 17937 58249 45673 63299 69663 32651 66278 69458 35871 40723 60660 22429 73249 14194 37104 7173 62930 
4.212
41
61079 50449 65371 30014 27755 3058 9585 37614 61321 53981 8726 9622 13106 52078 38603 24819 3255 24678 14715 68743 21166 39204 36621 10554 47479 50852 53801 35148 19266 41915 27593 50579 38566 12705 5474 44141 6147 16880 11922 30719 34516 
4.572
34
5091 22787 71284 3522 12901 44215 33627 9656 48759 44797 21808 48489 23851 70297 38203 43968 69097 38539 57405 45237 34021 16972 42655 39025 14135 57112 10373 18393 53197 210 24055 22850 21626 63186 
5.008
29
46422 62360 40861 67477 55410 12602 47335 5279 29462 38342 42559 3207 26523 13595 128 58285 19198 20255 5999 25059 65771 51435 64432 25184 50205 49316 69277 2401 30301 
4.876
28
20478 3073 64266 19232 44215 24246 18761 1629 55462 4012 12091 52182 49698 38674 57558 51874 9425 53315 50872 67150 20669 66991 21843 6596 1684 3807 56397 60293 
4.894
29
3505 48000 19844 68440 3289 66879 43440 4330 5008 52700 25487 65201 48136 47880 69884 43632 33913 38101 61106 36992 73041 36381 58571 11181 45675 64000 66153 8656 29376 
4.265
49
25282 43250 19408 69297 20404 16028 7413 64705 61870 20711 10761 7331 26433 60734 30360 32573 72118 69140 7678 33515 9317 65602 8948 55736 34286 33190 10412 47484 74485 7364 8824 69120 33779 40179 61736 44254 25611 16651 10837 73934 45035 12703 21199 27121 32711 7718 48559 3515 66009 
6.498
31
48574 40040 43016 42305 1766 57762 32450 46274 58891 7349 60110 52704 275 6323 19738 20706 63324 60224 10932 8980 49540 28289 37997 18486 38511 57654 19259 62870 55874 22440 58176 
7.792
38
18732 17669 57830 15963 27867 20108 29226 55057 10135 30140 37739 42696 49630 30095 41445 53239 21282 46922 56026 65728 37064 61 60142 63502 15825 28090 55558 18966 3285 71192 19051 10529 59382 34101 66875 23996 15078 34413 
6.006
24
38478 49800 24981 57924 37186 7783 64486 2119 16589 13099 64031 37198 29345 19467 20745 44833 53728 46012 25691 9821 25025 17712 17982 19771 
5.048
36
40929 112 8689 22120 32506 14268 7974 18659 60654 41815 754 35286 55956 30106 68829 36273 55659 1782 5373 46436 69118 37668 69897 55396 24924 32548 53044 18244 18669 9565 40095 61968 42403 18779 1659 15490 
8.698
27
7807 51832 15641 33551 25956 27702 55534 28257 65683 52595 27806 67195 47704 59948 39205 38563 37177 13041 16445 8147 25434 64888 33304 57779 13495 54329 60455 
5.518
34
24845 47404 45325 66682 10857 66642 10318 11062 42855 28714 31971 62985 63606 19147 55675 63751 20403 29380 5447 48672 55488 504 49181 29056 74043 34867 62327 23883 37929 69674 49072 65190 8511 16159 
6.044
33
16716 46557 71160 67109 35046 5405 61954 67686 28486 17699 15574 45072 32890 47790 54361 44708 44890 22105 72190 10247 11262 10157 51464 13041 29067 25634 9604 73346 50068 69060 68684 6923 53906 
4.437
39
57172 40426 34797 27068 39385 71893 3876 5952 10551 37674 68321 48932 19415 58719 5017 32157 37638 52795 6537 50437 6427 61096 8043 69680 18745 56798 62604 9994 29124 49784 18531 37365 10532 24363 11424 15273 65909 67663 68462 
5.119
31
16301 268 25631 10610 71258 35978 38978 17042 44352 67177 37399 16707 72194 32602 1621 9094 30342 19770 6591 48002 34414 14036 24256 16719 12484 24151 2684 17230 57153 10105 56989 
4.753
24
69265 44936 35058 33683 53153 65237 72990 22100 35256 57982 25162 64638 2939 2130 58896 19863 21080 74169 32722 41662 5757 33763 26422 44974 
6.007
32
45637 16049 15251 4562 3258 36834 45255 73258 3231 47993 41018 18775 54344 24661 3107 69245 49344 45182 6629 48473 45313 37482 37141 74066 14453 35606 60674 18712 16224 26818 17577 43611 
5.257
28
42847 38439 61803 13011 62413 589 54615 14872 17987 21982 23632 68105 43203 2092 26394 28160 43848 57850 22849 20010 63822 58778 25016 54025 25309 23570 38151 50640 
4.955
37
36300 7735 58541 9830 16321 42804 11776 2363 36297 69917 19360 54533 59702 62084 54791 30545 64267 13896 43458 3779 39651 57696 28735 44159 42188 25654 42535 23263 60136 29345 39272 35561 25082 37601 73745 2412 55344 
6.639
35
3896 2218 15779 40874 6418 65152 71652 65706 56588 70962 51928 6127 25874 63556 12174 27459 24070 24120 22502 68935 2643 65199 29572 60979 37517 45539 61079 47536 37310 63870 64003 13182 24053 42346 63050 
5.129
26
68392 66315 23572 25663 54811 48336 69155 16029 5265 29231 10689 26723 51726 66430 24055 58476 23965 37096 4047 63401 25880 59175 23363 17653 17588 49365 
5.571
36
33258 70608 3011 74467 5450 70192 25775 67565 69468 38494 31687 16140 72261 4426 71147 2671 11560 2030 64398 35068 52647 17043 62570 15645 70445 148 63719 38686 58714 52263 47483 17325 6857 28016 19463 57860 
9.702
36
23779 57374 58758 26303 13372 73689 11655 28121 57014 412 11464 15863 39167 13639 6934 41982 11208 42623 28510 38703 70353 7239 21182 1539 34665 52714 50812 63946 51368 48126 40511 16178 45702 44756 17232 24547 
5.662
30
6551 26398 30523 14551 68401 67731 34446 27691 28537 9697 49643 7877 47361 22591 23006 47286 17769 17515 19973 37240 7883 14628 58762 18153 59903 14880 58415 15634 20137 56681 
5.053
33
54970 20806 2073 69876 28417 37389 11015 8730 54689 69902 42081 57086 69010 27066 53683 24438 69461 67157 20930 63994 55586 10377 72639 26265 30930 44568 30598 67797 24710 20684 40328 20584 21094 
6.279
33
31003 31476 68046 28477 23310 31904 10197 65759 33901 65315 72603 11237 31739 27941 60333 74158 46434 66728 59968 72126 27533 56314 54215 56696 16361 5405 65682 45224 49668 50381 21388 14839 60772 
5.329
25
39254 44688 13317 68642 1248 1036 12659 49680 23736 4864 59616 63139 34835 9001 49153 54139 68483 8159 42256 71994 22121 26704 47904 39284 46618 
5.552
31
45998 10913 60023 4295 64026 37945 42333 2538 54914 39708 57508 30795 57570 72040 1490 59426 44281 15562 35308 11279 44441 52245 33964 51239 42722 71093 2452 54028 11397 13916 54335 
5.438
29
6640 33711 48727 9595 35685 20088 3845 5336 34195 33767 54712 51472 73547 8682 27396 37717 63576 69429 39903 6267 40557 23344 19559 59270 68469 35505 11807 25617 63062 
6.218
34
57170 38792 11347 35163 17455 16341 43480 59414 51986 28362 13839 11679 39587 47542 69903 73071 6536 14653 53082 58722 17462 57275 1255 54864 67628 39834 20100 72643 28815 23052 34043 54512 22587 46367 
7.824
34
46298 44257 47334 38923 34645 33051 72432 52889 70434 48223 63523 52101 71619 73633 67512 64341 8743 49057 7699 40288 7208 65280 53027 40253 10677 43925 46648 14668 58974 18012 30988 65729 12577 9567 
4.078
38
33809 24616 15528 44916 73659 9505 23252 60741 13580 50288 63325 47986 46595 73835 66154 30150 2656 12403 32799 56386 10091 32503 67773 67344 6960 49110 5569 73886 31010 6217 61757 61717 8458 62447 44436 19552 9033 30108 
7.242
27
52886 40272 67552 36736 33936 56741 11636 39240 57268 1657 20636 62346 52688 28986 28969 63635 519 19852 63185 18640 21840 59201 63646 59789 59569 7843 61658 
5.535
32
16921 1278 15464 37312 33655 35571 72367 45854 37592 61380 72049 16985 14100 45880 33231 10515 57284 36037 4744 72041 50818 59655 38185 9462 32302 1547 21186 49707 26006 60721 12369 59189 
7.414
33
50699 27868 56334 47538 8146 42595 3065 65453 33263 5473 40227 40245 12351 12950 38711 6622 62706 71230 52274 49766 74325 27811 53446 65991 63419 18431 17158 229 59595 47070 28513 48282 74001 
4.757
36
67964 71037 73035 16738 63498 38268 385 1454 42352 60547 45066 51123 61492 4367 34743 47697 31926 44279 33533 69282 14425 3307 60046 69486 29616 56113 44138 72841 5535 44879 51007 6625 9495 57566 16191 60740 
5.312
29
26755 69331 35263 66595 17082 21316 27074 43112 72541 31632 24191 50588 26845 67038 21627 18010 40254 67952 54399 28448 64954 51316 61068 3413 72285 10098 18961 6641 70679 
4.137
36
48058 49746 17574 10431 30522 56194 66522 49900 50331 69791 66137 68303 51127 69374 31561 8618 61409 21273 31387 8643 14653 17691 48617 43796 63070 44308 4699 10531 58527 64433 15412 28747 1286 37329 53694 56734 
4.379
35
32644 66355 28653 20705 51769 50480 16681 72171 11640 11209 46084 48717 29652 13407 12959 34506 45716 3723 32067 28370 67505 13715 11181 59028 52563 33494 2350 43904 32497 37097 25069 65383 16179 39826 58676 
7.547
38
31593 40752 71476 26388 39813 23849 28272 25783 9385 72954 2015 30028 23436 25196 20445 72907 18063 59152 24275 18773 68810 25129 74136 45720 16185 66232 74279 5964 34729 9089 49209 69328 55209 41740 53412 14406 973 64451 
6.591
42
54682 14397 43461 13193 25180 29279 27871 73434 12428 71903 46897 42319 71210 67816 16616 35797 51394 10811 67593 61480 72677 7309 66798 32638 73812 20231 21614 15386 13500 68514 41979 46577 18124 6059 11004 73464 28335 40116 36625 32759 3447 57594 
4.696
25
6299 53577 50946 29765 15303 66454 29829 6842 38221 9593 35639 13955 12609 69664 72690 64523 71086 38765 59842 22561 73078 56870 68957 21734 48211 
5.729
26
62526 70693 73015 9169 21885 58194 60146 54920 23735 45836 58387 25842 51108 45933 26872 56791 1199 37092 69425 59281 26994 53817 9693 67305 3716 69468 
8.481
30
14630 7503 21439 59837 22727 38879 73192 35712 1950 19734 9617 72750 6940 50346 71596 3720 67413 14608 66238 1726 59452 73875 70300 51190 37257 40954 19174 55233 50584 71553 
5.109
33
73654 74075 30938 15642 56090 52576 29029 28949 54361 4031 15760 6721 34689 52205 67292 67860 55028 6221 4660 52483 25597 58559 39162 69255 27157 18104 817 48448 34871 40295 38497 28080 70870 
5.057
30
18551 28300 4505 49574 48913 731 51308 10572 33942 5782 40976 74315 1090 33411 48221 66048 10772 5053 5856 34911 14746 5293 34792 15178 14676 16250 55915 17042 47539 59224 
6.054
38
4062 28988 53212 51685 16281 54732 2155 44362 14787 49504 15904 46123 61830 29526 52636 64753 33029 58003 33392 51081 30369 2622 56998 42498 5589 64056 73132 67557 34590 64043 72586 35894 62041 38791 55271 27250 30785 60081 
5.276
31
2489 59096 50009 14498 55410 52134 6960 43475 65686 35209 63470 9345 28838 20636 8496 58643 51609 18965 59890 38614 7555 29191 59899 10719 43173 1069 39146 5337 74100 2301 53338 
4.98
37
20393 27462 67009 44699 66651 56682 48275 6223 14368 73004 17099 39420 11168 73840 32008 42676 27672 5680 20882 4104 14353 63687 38592 41772 59879 42811 11063 57794 73180 24496 65064 38525 31226 61004 32832 49143 54249 
5.693
25
28618 51057 16013 25533 21583 9172 34794 39308 6199 51320 5145 57351 31098 11727 14666 35278 23478 68874 43860 50663 64886 3595 34548 31174 68571 
6.1
28
60370 59721 44692 23498 12960 31037 33151 61706 52927 1124 39792 13423 58026 31315 40531 14770 4641 4962 20160 11152 17956 3862 18825 9189 53210 7358 4558 4843 
4.629
28
41964 41985 53493 14509 21181 1475 23369 10480 61490 26692 40274 58982 58796 32786 65889 13298 24853 11969 42006 55539 634 42501 27855 8776 19647 20609 14759 50906 
5.252
34
44202 62251 28272 59101 3769 58288 24743 44743 65985 94 69095 71648 16929 30219 34308 13310 25158 56963 67464 62524 35118 9423 33366 36043 5058 24767 48636 27692 29142 41845 16283 42147 40312 47151 
4.892
30
31753 51693 24385 27098 66101 67856 29159 34508 44857 34854 55588 35437 25438 58736 52824 256 48314 21904 9184 65731 28121 2727 16394 36172 64596 7110 69393 45797 56765 16818 
4.715
33
55805 51895 27009 10393 28012 49517 37039 70589 10182 51189 36049 44400 25759 53111 19048 34301 38476 7034 59639 63958 26573 69958 29844 21942 3259 71499 4 29095 50945 6739 56785 36220 29752 
4.245
33
64328 5708 14549 65314 3366 60582 73180 68311 69772 68104 53887 70757 29219 42481 16299 13193 64829 16928 14470 47634 25022 4810 67588 53874 36278 19457 52591 68803 63543 61871 25004 36861 65766 
6.054
34
3637 13156 46545 8810 57976 61827 50527 36739 29791 2994 42421 72274 15407 33285 40373 6461 73396 796 68658 23113 19773 21034 6947 68479 4591 17783 59574 30291 41067 8760 47868 7671 27459 62977 
6.276
31
28104 30655 9117 11218 30643 7419 63747 49118 49481 58088 39588 56794 34382 17259 56094 36173 21718 5273 57651 16000 42390 13445 3489 72050 56241 2040 23706 21964 16436 43411 56207 
5.134
27
34754 48066 43835 22620 20835 5381 69587 17994 26188 16834 59023 4123 21221 59165 55688 32668 51477 64880 26204 65897 38646 60035 18103 4688 33566 62868 69454 
6.814
25
27068 22439 63706 20424 10556 9560 48558 36281 72771 47611 47643 32831 67039 70300 69960 51353 54128 39888 7229 12952 64212 3894 34559 21177 27149 
7.346
37
7672 52859 10666 11560 73679 48112 4843 47595 6422 36809 22186 35383 6388 10489 49144 26176 12167 61031 17365 8384 6070 67526 62907 51659 64324 8908 16193 72846 43697 35636 21491 1585 11736 23228 61258 20967 26525 
6.427
28
947 62473 61865 51491 2538 63489 24014 18621 23339 7563 60659 40701 26614 39081 68358 5136 69469 44473 51676 59879 34325 35099 69839 2149 16601 34216 34530 35932 
6.448
35
68189 10158 43358 8877 73562 65885 63096 14887 14871 61936 34506 38995 28926 4686 43904 12015 27316 6907 27529 17712 53867 21567 1644 57182 58993 44495 27862 69381 4763 23641 8504 52844 55618 67536 68033 
4.413
31
15791 61729 48963 57914 21996 29602 47927 61719 40090 9308 66825 63095 63551 20257 71736 46788 2097 64200 49121 49266 30386 8292 3426 16664 73124 26318 47507 47043 58451 29638 47725 
4.459
27
51493 56493 53064 54231 26085 74232 58105 70116 21129 44467 19960 30143 45872 36313 72498 56677 24325 10688 36088 41286 17369 50676 46674 50320 48518 28653 55033 
5.056
27
17250 73278 59963 54004 64906 53861 30853 66776 3550 4701 58061 46369 32751 60842 33516 36490 29428 32580 59219 61641 69694 22090 49649 20983 7925 31253 64365 
7.356
25
8062 47995 46494 17225 393 40848 71193 61275 17804 12872 37141 48596 33132 26308 36717 32881 1132 18966 62040 21240 35002 49631 63228 36512 40697 
5.677
30
21044 72040 33969 67451 23653 14866 21275 68681 59357 17720 44782 40438 53177 1192 23956 59578 64063 21754 48622 68496 26842 30627 62721 43137 65230 59134 12981 44386 142 17194 
6.003
32
49035 58438 37905 213 185 4776 28358 28418 19752 61582 65306 13626 63942 28428 60583 74430 23502 52583 53082 1699 33182 40698 61882 20234 60927 14845 7020 23700 41226 40579 10739 69242 
4.866
32
64738 4807 50699 31923 67830 969 29975 8046 14095 166 23253 63702 17245 8180 43400 8090 695 70634 10579 10775 8940 18940 64441 58705 36012 67781 61926 42116 21770 62794 35359 39012 
4.819
32
23316 40347 41311 72262 6214 53203 53043 6027 31786 29190 25340 2346 43691 59114 63271 4321 35462 39423 25824 35974 52500 19237 26618 41697 60032 2537 38303 54868 5602 23287 24706 39290 
5.001
29
39417 21728 33837 47747 47180 54550 15363 3539 52555 29908 35242 13021 9742 37456 42485 68134 8988 28311 56535 5045 11177 74390 51790 40898 34334 32886 7906 21644 54798 
4.698
35
17875 65222 71218 19319 42891 14922 8668 33959 56813 19526 6572 73251 53184 68812 62685 22615 4855 59991 3278 11672 43522 71179 45783 60548 72321 10216 16172 70271 11242 68165 72931 4938 21444 15595 32624 
5.394
39
22310 69849 41627 71306 27711 27563 58253 5503 22119 66177 60154 24040 34793 41912 4289 40792 8259 3186 46422 10999 15568 69740 5525 37192 72600 73784 53222 50846 65558 34356 66835 73027 1823 63185 39933 65798 42886 38911 60021 
4.959
31
36444 4960 20589 53095 32554 57981 44409 49099 68589 2477 5630 24658 16869 44842 60469 7401 34928 5444 36362 31932 33973 59190 39790 65633 63526 41036 4316 18825 3466 2472 4750 
4.204
39
40686 13653 66740 52468 68642 1845 33935 32443 25167 21017 63552 23498 27685 58329 67116 51521 38617 36748 39332 4643 13156 71315 18994 44806 55179 34526 57234 61044 10629 14738 2797 53594 6109 16213 611 8467 18793 68052 69444 
6.425
28
20482 68540 14631 7854 10894 40658 30106 41508 45582 1098 67436 14921 57190 14990 47787 67043 50612 10295 56416 51972 5534 21518 61234 31917 31376 71134 43707 65079 
5.539
34
37039 36133 3097 64074 219 22466 59808 33207 22277 35754 5602 43299 22763 24223 44408 60936 45104 7506 60007 62549 71568 4459 52478 11687 31595 49704 8356 16744 6022 33650 40527 45922 12185 59811 
5.098
30
14061 6526 54963 50740 24040 16486 64184 6405 70041 47526 45622 2324 65456 22321 13524 41429 60390 74413 21141 40369 43194 5750 44157 12931 26458 42980 13787 25455 37270 66683 
6.034
30
3151 41620 67106 14707 26267 26787 61931 2844 70556 32758 4825 6214 49756 52249 74366 47958 16713 53624 68404 37190 53191 20204 47081 36963 73504 26833 24090 46691 12661 35157 
4.411
34
57701 37883 13851 27553 44661 35445 58415 5778 54913 36163 53440 7918 73984 66255 9018 21546 10199 41409 5334 18951 40624 68063 7432 68135 16052 60684 65369 38002 60904 38936 51569 52564 10779 53767 
5.511
34
30253 5392 15488 73975 16355 1830 15283 42510 43703 30149 39712 19797 7487 24242 28095 42768 14516 21110 72155 69049 50296 57831 13315 50798 8953 11694 64422 20014 37695 13719 21104 42312 14533 66834 
5.586
30
17783 64165 55159 50776 17823 46195 67336 32585 63173 37465 44655 30658 30985 15951 43253 47260 48231 71510 45310 65939 21328 6301 26343 69262 28700 47783 56186 55063 5078 57330 
8.656
35
11205 45568 9710 6263 48660 64734 31530 62015 22073 16956 13014 58276 2949 38942 50038 18122 6384 37060 66846 5025 167 66618 12972 1193 30772 42211 11233 55347 69879 61537 22520 5833 31022 5781 65478 
4.969
32
43964 2904 10589 37695 73527 19054 68684 59071 9642 70955 8763 66379 72552 42602 40799 22463 4704 20899 46653 8248 10896 33528 49493 30077 10830 4748 8710 48495 7013 64970 244 10578 
7.115
36
249 63262 2005 17609 61049 28299 32036 15197 55918 2253 39297 44645 71244 28773 7101 60119 36973 67276 17881 38515 39336 10269 10382 34867 19265 68313 12452 46736 47520 13231 6320 46307 27377 54441 2459 13119 
5.062
