15
496 708 631 466 354 374 543 67 15 456 367 305 492 165 550 
15.24
17
69 292 15 152 582 102 709 713 107 705 531 232 332 660 727 187 644 
11.827
12
54 306 311 279 634 223 352 511 529 403 137 691 
8.311
16
263 495 327 703 525 86 664 370 449 296 278 315 333 586 171 597 
12.902
15
170 233 656 595 340 24 365 71 146 641 272 197 284 108 332 
14.767
11
569 599 148 570 360 667 672 180 298 140 174 
6.998
12
476 345 656 373 409 132 26 69 569 513 92 646 
6.59
12
649 47 529 56 651 733 130 690 381 347 33 507 
11.417
12
303 722 257 244 451 215 346 77 154 365 92 181 
7.698
17
304 242 290 636 547 389 263 77 318 22 295 710 645 274 325 40 484 
21.72
13
271 266 51 459 344 485 646 737 402 727 86 226 433 
9.997
13
470 392 273 389 395 444 588 235 387 633 134 154 666 
9.306
12
147 528 741 214 297 473 209 370 517 198 187 584 
10.666
14
614 529 77 208 522 141 630 109 683 256 253 475 440 600 
14.642
10
186 562 274 458 212 234 272 734 59 540 
5.212
16
722 20 440 71 618 230 242 627 265 516 430 36 727 158 17 741 
11.76
11
60 563 199 364 491 471 121 589 546 214 400 
6.66
16
600 623 402 356 155 361 644 724 335 433 469 346 328 223 183 705 
14.648
15
9 155 447 655 662 706 661 547 379 513 222 639 409 6 184 
7.921
13
390 701 608 546 160 278 324 283 521 605 302 173 510 
10.607
14
678 13 316 668 157 740 360 659 70 627 7 616 306 535 
5.635
13
220 606 612 305 703 144 382 312 481 248 452 32 257 
7.876
12
579 721 577 133 481 609 184 191 583 369 299 426 
5.403
13
79 496 28 600 246 302 733 295 32 709 241 262 467 
9.987
13
331 18 608 690 67 103 409 286 312 584 375 457 488 
7.811
9
57 412 229 48 123 386 115 127 561 
4.085
11
25 94 199 223 436 253 81 503 593 196 259 
7.144
11
23 192 187 517 551 305 572 310 677 68 139 
8.301
17
294 689 88 189 469 349 137 254 107 599 438 148 462 381 106 75 414 
21.301
12
18 383 394 270 296 476 159 551 690 12 337 528 
11.015
12
744 444 593 86 161 48 638 503 565 118 135 679 
10.371
14
141 139 534 586 735 279 499 91 573 184 323 241 154 434 
6.713
14
669 233 629 304 556 645 712 331 460 152 368 121 11 322 
14.23
14
109 405 455 630 362 216 262 380 587 410 165 666 445 493 
14.173
10
486 436 600 241 637 94 693 410 536 665 
5.294
15
519 130 562 588 24 311 527 109 143 363 165 413 688 63 418 
9.244
11
624 650 483 501 0 342 376 47 559 159 530 
6.664
12
300 649 594 707 400 717 704 518 119 209 38 662 
13.438
12
691 285 128 662 341 172 414 586 556 652 553 670 
7.17
16
689 416 546 674 143 676 560 100 434 204 170 670 68 26 195 718 
14.899
13
709 406 109 625 730 48 691 213 339 600 469 166 470 
9.37
12
712 573 733 365 107 355 300 527 35 332 19 571 
10.468
15
390 418 335 686 551 286 668 148 651 83 248 112 575 111 521 
14.192
14
186 372 554 178 237 382 181 412 415 47 353 457 84 145 
11.018
11
291 143 309 508 688 146 440 499 16 270 545 
6.216
13
518 547 64 665 177 543 189 235 390 539 201 66 540 
8.092
12
380 149 142 212 537 7 99 738 732 364 337 347 
8.844
14
106 378 284 652 562 388 153 453 345 689 237 709 593 714 
11.679
13
351 740 137 385 325 646 352 742 247 333 181 58 246 
9.002
14
114 616 147 633 39 176 221 586 507 63 308 296 130 627 
14.32
11
347 125 220 483 450 530 534 468 650 127 151 
11.967
13
493 283 553 337 350 434 458 268 163 431 570 177 420 
10.614
13
716 614 88 467 521 16 608 659 497 499 25 28 676 
9.523
14
677 216 415 104 584 423 391 192 30 41 546 145 343 605 
8.769
9
77 443 338 293 149 185 598 15 272 
5.099
12
242 262 378 395 354 131 534 81 128 405 3 280 
5.572
13
679 193 392 409 462 279 521 578 59 296 435 265 576 
6.874
11
130 645 664 233 76 426 396 154 240 22 32 
8.856
11
38 191 521 72 708 52 399 179 588 111 159 
6.409
10
393 676 32 276 737 199 361 514 217 351 
5.756
13
605 397 565 104 123 425 155 259 305 208 476 335 688 
13.023
13
591 688 441 540 545 87 544 663 6 342 491 95 336 
12.89
16
273 337 352 491 217 502 622 166 742 613 185 430 81 714 22 187 
13.46
12
122 595 683 433 699 714 351 545 35 77 2 50 
9.074
13
436 657 438 715 663 444 401 542 596 93 458 480 541 
13.737
18
437 159 587 506 586 204 561 440 488 219 497 596 381 695 711 593 121 447 
11.139
14
436 183 252 706 184 633 599 368 310 112 323 654 83 324 
11.283
13
624 515 230 243 514 541 697 712 592 527 35 160 292 
9.191
13
106 399 609 303 457 691 588 461 659 56 300 201 223 
8.081
11
250 443 406 309 194 311 254 541 546 130 592 
7.183
13
339 653 65 308 385 334 30 483 4 283 592 25 188 
16.859
11
130 480 583 460 463 663 672 434 471 4 149 
5.989
16
580 91 285 640 711 464 646 571 86 653 27 68 406 554 31 713 
14.027
11
119 595 36 194 319 481 512 596 472 201 294 
6.834
16
482 529 60 496 321 185 215 154 455 510 142 480 551 690 77 104 
11.141
12
100 734 561 36 231 282 591 649 335 175 84 594 
7.24
14
499 557 26 354 18 691 641 326 72 361 377 227 3 372 
13.321
16
66 287 594 286 81 280 696 455 629 221 245 342 608 476 374 578 
14.55
11
462 696 244 195 574 248 494 651 737 410 699 
9.529
13
227 382 294 242 384 320 565 699 319 652 176 101 246 
10.253
11
374 416 527 291 235 144 446 266 137 45 410 
8.699
10
320 593 533 384 595 738 678 526 672 742 
4.13
10
550 118 230 274 607 648 17 657 349 380 
4.629
14
294 474 480 334 395 317 440 639 348 469 583 691 15 581 
13.821
14
399 714 128 373 86 20 247 706 498 336 41 136 224 348 
13.016
13
196 215 615 84 320 337 541 125 291 31 539 238 504 
10.732
11
1 641 467 658 218 630 259 555 512 295 523 
5.875
9
89 618 140 164 673 403 518 34 157 
5.111
12
236 405 161 211 635 507 17 550 285 46 667 730 
10.395
12
418 478 704 406 3 149 509 508 180 573 226 428 
7.809
14
472 390 391 497 504 658 690 375 276 731 46 454 45 523 
10.847
11
179 428 554 75 187 376 415 438 685 156 193 
8.156
13
140 625 474 255 26 368 688 440 197 102 518 54 559 
11.319
16
315 274 330 477 479 59 333 461 573 311 66 155 192 158 277 449 
13.955
15
619 650 568 58 122 468 561 199 207 479 621 423 525 86 391 
11.833
11
183 329 319 546 332 167 210 713 652 99 537 
7.066
15
72 262 430 346 81 204 589 408 20 314 743 720 119 4 569 
16.327
9
231 20 137 547 560 740 429 1 583 
7.061
12
63 212 544 77 573 22 499 209 376 160 129 450 
9.009
19
316 600 596 15 727 115 625 736 607 336 185 97 407 200 492 315 37 321 479 
21.341
