15
305 496 631 708 466 367 15 543 165 67 354 456 550 374 492 
0.05
17
582 107 705 232 727 660 332 102 713 292 69 531 152 709 15 187 644 
0.122
12
511 54 529 403 306 279 634 311 223 352 137 691 
0.26
16
327 278 525 333 315 703 86 586 664 370 263 304 721 449 495 597 
0.111
15
71 233 170 656 340 595 24 365 108 146 641 284 272 197 332 
0.051
11
360 599 570 148 672 569 180 667 298 140 174 
0.204
12
345 409 26 373 656 513 69 132 476 569 92 646 
0.161
12
104 130 25 690 402 579 266 385 466 120 305 454 
0.316
12
451 244 257 181 215 346 722 303 154 365 77 92 
0.043
17
295 22 645 710 274 325 636 304 484 242 290 77 263 547 389 318 40 
0.051
13
737 485 266 51 402 344 646 271 727 86 459 226 433 
0.108
13
444 235 395 273 389 588 387 633 392 134 470 154 666 
0.217
12
297 517 214 370 147 209 198 473 528 741 187 584 
0.417
14
256 208 630 77 109 522 614 683 529 475 141 253 440 600 
0.081
10
111 102 326 449 520 335 679 600 155 636 
0.525
16
722 230 242 627 727 430 618 158 741 265 440 36 516 71 20 17 
0.048
11
96 290 544 640 122 456 129 338 286 692 717 
0.131
16
469 402 346 433 361 644 356 724 623 155 328 335 223 600 183 705 
0.187
15
9 409 655 447 379 639 513 222 662 661 706 547 193 6 155 
0.102
13
701 521 302 605 546 390 608 283 160 278 173 273 324 
0.251
14
360 659 7 616 740 70 157 13 627 316 668 678 306 535 
0.11
13
481 312 220 382 144 248 612 452 606 305 703 32 257 
0.075
12
721 577 481 609 579 191 133 184 583 369 299 426 
0.315
13
295 32 600 79 28 496 709 241 246 302 733 262 467 
0.12
13
312 286 584 18 608 103 331 409 67 690 375 457 488 
0.291
9
258 455 23 622 650 397 441 358 490 
0.215
11
25 81 94 436 199 503 223 196 253 342 593 
0.204
11
596 641 442 572 630 340 636 134 247 102 553 
0.145
17
148 294 689 88 438 469 599 254 189 349 107 381 137 462 75 414 644 
0.053
12
159 551 690 18 383 270 520 476 296 394 452 528 
0.256
12
161 444 86 565 118 593 744 638 48 503 135 679 
0.109
14
323 241 141 554 573 279 492 534 586 735 139 434 499 658 
0.282
14
556 645 712 331 152 460 669 368 304 322 233 11 629 121 
0.054
14
455 362 630 216 380 262 109 405 165 410 666 587 445 493 
0.128
10
486 693 94 637 410 241 436 600 536 665 
0.301
15
363 688 24 527 519 165 588 143 562 413 109 311 130 63 418 
0.204
11
483 501 624 159 342 0 376 689 47 559 650 
0.073
12
518 379 577 427 300 712 649 62 423 594 358 625 
0.046
12
691 285 662 128 341 670 652 414 586 172 556 553 
0.044
16
416 170 674 546 68 670 204 689 143 26 676 434 560 100 195 718 
0.272
13
48 730 691 470 109 599 406 53 709 414 339 600 469 
0.047
12
35 527 300 355 107 712 573 332 733 365 19 571 
0.156
15
390 686 83 418 335 148 248 286 651 575 668 551 111 521 112 
0.047
14
372 186 554 353 47 415 382 457 237 178 412 181 84 145 
0.223
11
143 291 16 499 508 146 309 688 440 270 545 
0.226
13
665 543 177 66 201 539 235 390 189 518 64 540 547 
0.044
12
149 738 364 142 99 7 732 380 537 212 337 347 
0.29
14
689 388 562 237 652 709 284 378 453 106 345 153 593 714 
0.175
13
740 351 325 646 742 385 352 137 333 247 181 58 246 
0.128
14
221 586 63 507 308 114 176 343 147 616 627 39 633 130 
0.087
11
118 474 439 614 650 660 288 534 338 505 727 
0.289
13
493 283 350 337 177 434 553 561 163 268 552 439 641 
0.046
13
497 659 716 499 482 28 213 521 59 88 25 614 633 
0.197
14
415 192 605 145 391 677 104 546 423 216 41 30 584 665 
0.113
9
77 149 598 185 416 428 122 184 272 
0.109
12
534 242 378 128 262 354 395 405 280 483 81 131 
0.349
13
296 435 679 279 521 462 193 392 409 578 59 265 576 
0.14
11
645 426 130 76 233 396 664 154 240 22 32 
0.089
11
179 708 72 38 588 399 191 521 52 111 159 
0.109
10
439 373 32 319 722 676 393 602 311 460 
0.116
13
685 430 394 605 66 161 109 404 700 397 28 345 618 
0.121
13
6 491 591 663 544 342 688 441 545 540 87 95 336 
0.333
16
502 81 273 714 185 337 742 622 491 430 352 217 166 613 22 187 
0.255
12
595 122 683 545 35 77 433 351 714 699 2 50 
0.131
13
715 438 663 436 444 657 596 401 542 458 93 480 541 
0.25
18
437 497 159 488 587 586 440 219 506 204 561 596 711 695 381 593 121 447 
0.1
14
252 599 112 310 184 706 368 633 654 183 436 323 83 324 
0.141
13
515 514 541 243 697 230 712 35 592 624 527 160 292 
0.115
13
457 461 588 609 691 106 399 105 300 56 201 303 659 
0.137
11
546 254 541 406 309 311 194 250 443 130 592 
0.108
13
339 653 4 483 30 283 592 188 25 65 308 334 385 
0.051
11
66 471 153 397 118 480 130 729 583 210 467 
0.111
16
406 91 653 640 285 464 68 646 580 571 27 86 554 31 269 711 
0.156
11
595 119 36 472 596 512 481 194 319 201 294 
0.296
16
60 321 496 185 215 104 110 559 690 529 551 480 154 510 455 142 
0.047
12
175 100 335 734 649 231 591 561 282 36 84 594 
0.19
14
499 377 72 557 18 354 26 326 3 570 618 494 69 361 
0.094
16
81 342 594 608 245 221 286 476 287 455 66 702 696 280 374 578 
0.111
11
651 737 195 244 696 574 462 494 248 410 699 
0.399
13
227 382 176 294 319 652 242 565 320 384 699 101 246 
0.154
11
471 15 527 50 168 73 416 597 197 475 538 
0.188
10
533 320 384 738 593 595 526 678 672 742 
0.075
10
232 144 17 506 657 648 169 171 451 744 
0.176
14
317 729 395 695 639 31 440 400 348 232 111 559 326 528 
0.135
14
399 128 86 714 20 706 247 336 498 41 373 113 224 348 
0.155
13
615 337 31 320 196 541 215 84 539 125 291 238 504 
0.08
11
218 630 641 1 658 512 467 259 555 295 523 
0.066
9
257 63 207 435 151 418 202 622 710 
0.433
12
550 635 211 285 507 161 17 405 46 236 667 730 
0.187
12
509 149 3 406 478 704 508 180 573 418 226 428 
0.216
14
454 472 379 381 224 92 351 375 731 541 730 266 276 629 
0.109
11
75 685 179 428 554 376 187 415 438 156 193 
0.232
13
140 26 54 197 103 400 338 55 599 128 463 377 625 
0.227
16
274 330 333 158 477 155 192 479 66 461 311 573 315 59 277 449 
0.185
15
199 650 58 122 561 621 207 479 423 468 619 525 568 86 391 
0.142
11
546 167 332 713 234 210 676 157 606 575 419 
0.044
15
72 262 346 430 81 569 204 314 20 408 743 720 324 589 119 
0.048
9
199 31 736 442 537 274 85 385 576 
0.151
12
160 376 129 307 212 544 63 60 80 573 77 214 
0.044
19
115 316 200 600 625 727 596 736 15 607 185 97 492 336 37 407 315 321 479 
0.13
