15
305 496 631 708 466 367 15 543 165 67 354 456 550 374 492 
0.053
17
69 292 15 152 582 102 709 713 107 705 531 232 332 660 727 187 644 
2.634
12
223 352 54 306 311 279 634 511 529 403 137 691 
4.348
16
86 664 370 449 296 327 495 703 525 278 315 333 586 263 171 597 
2.751
15
71 233 170 656 340 595 24 365 108 146 641 284 272 197 332 
0.049
11
570 360 298 180 148 667 672 569 599 140 174 
3.065
12
476 345 656 373 409 132 26 69 569 513 92 646 
2.351
12
649 47 529 56 651 733 130 690 381 347 33 507 
5.978
12
451 244 257 181 215 346 722 303 154 365 77 92 
0.042
17
295 22 645 710 274 325 636 304 484 242 290 77 263 547 389 318 40 
0.051
13
271 266 51 459 344 485 646 737 402 727 86 226 433 
1.524
13
470 392 273 389 395 444 588 235 387 633 134 154 666 
3.888
12
147 528 741 214 297 473 209 370 517 198 187 584 
7.859
14
614 529 77 208 522 141 630 109 683 256 253 475 440 600 
0.899
10
186 562 274 458 212 234 272 734 59 540 
6.805
16
722 230 242 627 727 430 618 158 741 265 440 36 516 71 20 17 
0.048
11
60 563 199 364 491 471 121 589 546 214 400 
1.891
16
644 724 335 623 402 356 155 361 223 433 469 346 328 600 183 705 
5.738
15
9 155 447 655 662 706 661 547 379 513 222 639 409 6 184 
1.777
13
390 701 608 546 160 278 324 283 521 605 302 173 510 
4.631
14
70 627 678 13 316 7 616 668 157 740 360 659 306 535 
1.544
13
220 606 612 305 703 144 382 312 481 248 452 32 257 
0.714
12
579 721 577 133 481 609 184 191 583 369 299 426 
4.435
13
79 496 28 600 246 302 733 295 32 709 241 262 467 
1.961
13
331 18 608 690 67 103 409 286 312 584 375 457 488 
5.562
9
57 412 229 48 123 386 115 127 561 
2.527
11
25 94 199 223 436 253 81 503 593 196 259 
3.356
11
23 192 187 517 551 305 572 310 677 68 139 
2.152
17
148 294 689 88 438 469 599 254 189 349 107 381 137 462 75 414 644 
0.052
12
18 383 394 270 296 476 159 551 690 12 337 528 
4.566
12
744 444 593 86 161 48 638 503 565 118 135 679 
1.525
14
141 139 534 586 735 279 499 91 573 184 323 241 154 434 
5.431
14
556 645 712 331 152 460 669 368 304 322 233 11 629 121 
0.05
14
109 405 455 630 362 216 262 380 587 410 165 666 445 493 
1.945
10
486 436 600 241 637 94 693 410 536 665 
3.915
15
519 130 562 588 24 311 527 109 143 363 165 413 688 63 418 
4.265
11
624 650 483 501 0 342 376 47 559 159 530 
0.561
12
518 379 577 427 300 712 649 62 423 594 358 625 
0.051
12
691 285 662 128 341 670 652 414 586 172 556 553 
0.043
16
689 416 546 674 143 676 560 100 434 204 170 670 68 26 195 718 
7.326
13
48 730 691 470 109 599 406 53 709 414 339 600 469 
0.046
12
712 573 733 365 107 355 300 527 35 332 19 571 
3.147
15
390 686 83 418 335 148 248 286 651 575 668 551 111 521 112 
0.047
14
186 372 554 178 237 382 181 412 415 47 353 457 84 145 
4.278
11
291 143 309 508 688 146 440 499 16 270 545 
3.238
13
665 543 177 66 201 539 235 390 189 518 64 540 547 
0.044
12
732 364 537 7 99 738 212 380 149 142 337 347 
5.336
14
106 378 284 652 562 388 153 453 345 689 237 709 593 714 
3.673
13
351 646 137 385 325 740 352 742 247 333 181 58 246 
1.813
14
221 586 63 507 308 114 176 343 147 616 627 39 633 130 
1.269
11
347 125 220 483 450 530 534 468 650 127 151 
5.635
13
493 283 350 337 177 434 553 561 163 268 552 439 641 
0.047
13
716 614 88 467 521 16 608 659 497 499 25 28 676 
4.388
14
677 216 415 104 584 423 391 192 30 41 546 145 343 605 
1.923
9
77 443 338 293 149 185 598 15 272 
1.235
12
242 262 378 395 354 131 534 81 128 405 3 280 
4.721
13
679 193 392 409 462 279 521 578 59 296 435 265 576 
2.102
11
664 233 130 645 76 426 396 154 240 22 32 
0.79
11
38 191 521 72 708 52 399 179 588 111 159 
1.198
10
393 676 32 276 737 199 361 514 217 351 
1.341
13
605 397 565 104 123 425 155 259 305 208 476 335 688 
1.966
13
591 688 441 540 545 87 544 663 6 342 491 95 336 
7.734
16
273 337 352 491 217 502 622 166 742 613 185 430 81 714 22 187 
6.613
12
122 595 683 433 699 714 351 545 35 77 2 50 
2.197
13
436 657 438 715 663 444 401 542 596 93 458 480 541 
5.896
18
437 159 587 506 586 204 561 497 440 488 219 381 695 711 593 596 121 447 
1.761
14
436 183 252 706 184 633 599 368 310 112 323 654 83 324 
2.754
13
624 515 527 35 230 243 514 541 697 712 592 160 292 
1.447
13
106 399 609 303 457 691 588 461 659 56 300 201 223 
2.426
11
250 443 406 309 194 311 254 541 546 130 592 
1.42
13
339 653 4 483 30 283 592 188 25 65 308 334 385 
0.051
11
130 480 583 460 463 663 672 434 471 4 149 
1.547
16
580 91 285 640 711 464 646 571 86 653 27 68 406 554 31 713 
3.176
11
119 595 36 194 319 481 512 596 472 201 294 
4.545
16
60 321 496 185 215 104 110 559 690 529 551 480 154 510 455 142 
0.047
12
100 734 561 36 231 282 591 649 335 175 84 594 
3.088
14
499 557 26 354 18 691 641 326 72 361 377 227 3 372 
1.477
16
66 287 594 286 81 280 696 455 629 221 245 342 608 476 374 578 
1.986
11
462 696 244 195 574 248 494 651 737 410 699 
7.102
13
227 382 294 242 384 320 565 699 319 652 176 101 246 
3.128
11
291 235 144 374 446 416 527 266 137 45 410 
3.155
10
320 593 533 384 595 738 678 526 672 742 
0.516
10
550 118 230 274 607 648 17 657 349 380 
2.282
14
294 474 480 334 395 317 440 639 348 469 583 691 15 581 
2.472
14
399 714 128 373 86 20 247 706 498 336 41 136 224 348 
3.034
13
196 215 615 84 320 337 541 125 291 31 539 238 504 
0.82
11
1 641 467 658 218 630 259 555 512 295 523 
0.346
9
89 618 140 164 673 403 518 34 157 
5.302
12
236 405 161 211 635 507 17 550 285 46 667 730 
3.525
12
418 478 704 406 3 149 509 508 180 573 226 428 
3.775
14
472 390 391 497 504 658 690 375 276 731 46 454 45 523 
1.971
11
179 428 554 75 187 376 415 438 685 156 193 
3.73
13
140 625 474 255 26 368 688 440 197 102 518 54 559 
4.692
16
315 274 330 477 479 59 333 461 573 311 66 155 192 158 277 449 
4.349
15
619 650 568 58 122 468 561 199 207 479 621 423 525 86 391 
3.118
11
546 167 332 713 234 210 676 157 606 575 419 
0.045
15
72 262 346 430 81 569 204 314 20 408 743 720 324 589 119 
0.05
9
231 20 137 547 560 740 429 1 583 
1.904
12
160 376 129 307 212 544 63 60 80 573 77 214 
0.044
19
316 600 596 15 727 115 625 736 607 336 185 97 407 200 492 315 37 321 479 
4.649
